{
    "Live":  1078,
    "Minute":  1078.00960273141,
    "Minute_Fluctuation":  0.00013660042784105741,
    "Minute_5":  1077.93702661589,
    "Minute_5_Fluctuation":  0.00085465889162481532,
    "Minute_10":  1077.93702661589,
    "Minute_10_Fluctuation":  0.00085465889162481532,
    "Hour":  1077.93702661589,
    "Hour_Fluctuation":  0.00085465889162481543,
    "Day":  1077.93702661589,
    "Day_Fluctuation":  0.00085465889162481543,
    "ThreeDay":  1077.93702661589,
    "ThreeDay_Fluctuation":  0.00085465889162481543,
    "Week":  1077.93702661589,
    "Week_Fluctuation":  0.00085465889162481543,
    "Duration":  "00:04:12.8011637",
    "Updated":  "\/Date(1569028890010)\/",
    "Failed":  0,
    "PowerDraw_Live":  91,
    "Diff_Average":  0,
    "PowerDraw_Average":  90.4043527950252,
    "Diff_Live":  0
}
