{
    "Live":  5931813.625,
    "Minute":  5930330.71156543,
    "Minute_Fluctuation":  0.007573641568822208,
    "Minute_5":  5860230.33315732,
    "Minute_5_Fluctuation":  0.016702230845706011,
    "Minute_10":  5847147.64355458,
    "Minute_10_Fluctuation":  0.01696015057404127,
    "Hour":  5841857.28998391,
    "Hour_Fluctuation":  0.016667304161164364,
    "Day":  5841857.28998391,
    "Day_Fluctuation":  0.016667304161164364,
    "ThreeDay":  5841857.28998391,
    "ThreeDay_Fluctuation":  0.016667304161164364,
    "Week":  5841857.28998391,
    "Week_Fluctuation":  0.016667304161164364,
    "Duration":  "00:27:09.5192233",
    "Updated":  "\/Date(1581340311642)\/",
    "Failed":  0,
    "PowerDraw_Live":  103,
    "PowerDraw_Average":  102.68177589448578,
    "Diff_Live":  40895088,
    "Diff_Average":  141141580.47989172,
    "Ratio_Live":  0
}
