{
    "Live":  138874.75,
    "Minute":  138651.957748459,
    "Minute_Fluctuation":  0.001497893446026333,
    "Minute_5":  138651.957748459,
    "Minute_5_Fluctuation":  0.0014978934460263328,
    "Minute_10":  138651.957748459,
    "Minute_10_Fluctuation":  0.0014978934460263328,
    "Hour":  138651.957748459,
    "Hour_Fluctuation":  0.0014978934460263332,
    "Day":  138651.957748459,
    "Day_Fluctuation":  0.0014978934460263332,
    "ThreeDay":  138651.957748459,
    "ThreeDay_Fluctuation":  0.0014978934460263332,
    "Week":  138651.957748459,
    "Week_Fluctuation":  0.001497893446026333,
    "Duration":  "00:01:00.5376489",
    "Updated":  "\/Date(1580036361143)\/",
    "Failed":  0,
    "PowerDraw_Live":  331,
    "PowerDraw_Average":  293.98642687146264,
    "Diff_Live":  0,
    "Diff_Average":  0,
    "Ratio_Live":  0
}
