{
    "Live":  766.483333333333,
    "Minute":  766.483333333333,
    "Minute_Fluctuation":  0,
    "Minute_5":  766.483333333333,
    "Minute_5_Fluctuation":  0,
    "Minute_10":  766.483333333333,
    "Minute_10_Fluctuation":  0,
    "Hour":  766.483333333333,
    "Hour_Fluctuation":  0,
    "Day":  766.483333333333,
    "Day_Fluctuation":  0,
    "ThreeDay":  766.483333333333,
    "ThreeDay_Fluctuation":  0,
    "Week":  766.483333333333,
    "Week_Fluctuation":  0,
    "Duration":  "00:00:33.1705136",
    "Updated":  "\/Date(1562872098008)\/",
    "Failed":  0,
    "PowerDraw_Live":  160,
    "Diff_Average":  1083.33333333333,
    "PowerDraw_Average":  160,
    "Diff_Live":  1083.33333333333
}
