{
    "Live":  4032772.72727273,
    "Minute":  4032772.72727273,
    "Minute_Fluctuation":  0,
    "Minute_5":  4032772.72727273,
    "Minute_5_Fluctuation":  0,
    "Minute_10":  4032772.72727273,
    "Minute_10_Fluctuation":  0,
    "Hour":  4032772.72727273,
    "Hour_Fluctuation":  0,
    "Day":  4032772.72727273,
    "Day_Fluctuation":  0,
    "ThreeDay":  4032772.72727273,
    "ThreeDay_Fluctuation":  0,
    "Week":  4032772.72727273,
    "Week_Fluctuation":  0,
    "Duration":  "00:00:36.4228462",
    "Updated":  "\/Date(1562987314350)\/",
    "Failed":  0,
    "PowerDraw_Live":  240,
    "Diff_Average":  22.6086956521739,
    "PowerDraw_Average":  240,
    "Diff_Live":  22.6086956521739
}
