{
    "Live":  8660395.11111111,
    "Minute":  8641398.21894271,
    "Minute_Fluctuation":  0.0069476897377211107,
    "Minute_5":  8641398.21894271,
    "Minute_5_Fluctuation":  0.0069476897377211116,
    "Minute_10":  8641398.21894271,
    "Minute_10_Fluctuation":  0.0069476897377211116,
    "Hour":  8641398.21894271,
    "Hour_Fluctuation":  0.0069476897377211107,
    "Day":  8641398.21894271,
    "Day_Fluctuation":  0.0069476897377211107,
    "ThreeDay":  8641398.21894271,
    "ThreeDay_Fluctuation":  0.00694768973772111,
    "Week":  8641398.21894271,
    "Week_Fluctuation":  0.0069476897377211116,
    "Duration":  "00:01:06.0642403",
    "Updated":  "\/Date(1569385735555)\/",
    "Failed":  0,
    "PowerDraw_Live":  127,
    "Diff_Average":  134219776,
    "PowerDraw_Average":  126.771195739344,
    "Diff_Live":  134219776
}
