{
    "Live":  40900,
    "Minute":  40899.9999874924,
    "Minute_Fluctuation":  5.43357119773176E-09,
    "Minute_5":  40898.7212702965,
    "Minute_5_Fluctuation":  8.73830983694099E-05,
    "Minute_10":  40892.5307230417,
    "Minute_10_Fluctuation":  0.00046698214344068349,
    "Hour":  40836.341351052,
    "Hour_Fluctuation":  0.0025092974540402691,
    "Day":  40656.8102098272,
    "Day_Fluctuation":  0.0049601949091258634,
    "ThreeDay":  40656.748008124,
    "ThreeDay_Fluctuation":  0.00495996616677368,
    "Week":  40656.748008124,
    "Week_Fluctuation":  0.00495996616677368,
    "Duration":  "1.00:33:27.4027392",
    "Updated":  "\/Date(1581817954577)\/",
    "Failed":  0,
    "PowerDraw_Live":  319,
    "PowerDraw_Average":  317.73929690149805,
    "Diff_Live":  293870525.74454182,
    "Diff_Average":  675840627.49621487,
    "Ratio_Live":  0
}
