{
    "Live":  4861222.22222222,
    "Minute":  4861222.22222222,
    "Minute_Fluctuation":  0,
    "Minute_5":  4861222.22222222,
    "Minute_5_Fluctuation":  0,
    "Minute_10":  4861222.22222222,
    "Minute_10_Fluctuation":  0,
    "Hour":  4861222.22222222,
    "Hour_Fluctuation":  0,
    "Day":  4861222.22222222,
    "Day_Fluctuation":  0,
    "ThreeDay":  4861222.22222222,
    "ThreeDay_Fluctuation":  0,
    "Week":  4861222.22222222,
    "Week_Fluctuation":  0,
    "Duration":  "00:00:20.4489754",
    "Updated":  "\/Date(1577695996062)\/",
    "Failed":  0,
    "PowerDraw_Live":  122,
    "PowerDraw_Average":  122,
    "Diff_Live":  5,
    "Diff_Average":  5,
    "Ratio_Live":  0
}
