{
    "Live":  10496666.6666667,
    "Minute":  10492662.2002894,
    "Minute_Fluctuation":  0.0017926194384535418,
    "Minute_5":  10480374.134986,
    "Minute_5_Fluctuation":  0.00478794171683476,
    "Minute_10":  10478657.2453546,
    "Minute_10_Fluctuation":  0.0052472816869824,
    "Hour":  10605365.2199394,
    "Hour_Fluctuation":  0.015966040205009687,
    "Day":  10626896.8155971,
    "Day_Fluctuation":  0.016343471684479936,
    "ThreeDay":  10626896.8155971,
    "ThreeDay_Fluctuation":  0.016343471684479926,
    "Week":  10626896.8155971,
    "Week_Fluctuation":  0.016343471684479926,
    "Duration":  "01:38:59.0206314",
    "Updated":  "\/Date(1568959055713)\/",
    "Failed":  0,
    "PowerDraw_Live":  122,
    "Diff_Average":  148666966.076014,
    "PowerDraw_Average":  121.157916212559,
    "Diff_Live":  148090000
}
