{
    "Live":  43413846.1538462,
    "Minute":  43052975.6272804,
    "Minute_Fluctuation":  0.013819265291477889,
    "Minute_5":  42667041.0174445,
    "Minute_5_Fluctuation":  0.041615964444418584,
    "Minute_10":  44080628.6585325,
    "Minute_10_Fluctuation":  0.059749002336600347,
    "Hour":  46492263.1472948,
    "Hour_Fluctuation":  0.035530781800735232,
    "Day":  46497734.4711375,
    "Day_Fluctuation":  0.03546636694017434,
    "ThreeDay":  46497734.4711375,
    "ThreeDay_Fluctuation":  0.03546636694017434,
    "Week":  46497734.4711375,
    "Week_Fluctuation":  0.03546636694017434,
    "Duration":  "01:03:31.0463645",
    "Updated":  "\/Date(1580110864654)\/",
    "Failed":  0,
    "PowerDraw_Live":  363,
    "PowerDraw_Average":  361.05641757500854,
    "Diff_Live":  4395.6813841853827,
    "Diff_Average":  6142.661841835511,
    "Ratio_Live":  0.0057
}
