{
    "Live":  31589090.9090909,
    "Minute":  31589090.9090909,
    "Minute_Fluctuation":  0,
    "Minute_5":  31589090.9090909,
    "Minute_5_Fluctuation":  0,
    "Minute_10":  31589090.9090909,
    "Minute_10_Fluctuation":  0,
    "Hour":  31589090.9090909,
    "Hour_Fluctuation":  0,
    "Day":  31589090.9090909,
    "Day_Fluctuation":  0,
    "ThreeDay":  31589090.9090909,
    "ThreeDay_Fluctuation":  0,
    "Week":  31589090.9090909,
    "Week_Fluctuation":  0,
    "Duration":  "00:00:20.2954246",
    "Updated":  "\/Date(1577698804454)\/",
    "Failed":  0,
    "PowerDraw_Live":  239,
    "PowerDraw_Average":  239,
    "Diff_Live":  78,
    "Diff_Average":  78,
    "Ratio_Live":  0
}
