{
    "Live":  31.1560975609756,
    "Minute":  30.9668313959121,
    "Minute_Fluctuation":  0.027027066095589327,
    "Minute_5":  30.7566561778186,
    "Minute_5_Fluctuation":  0.037072371146898028,
    "Minute_10":  30.7566561778186,
    "Minute_10_Fluctuation":  0.037072371146898028,
    "Hour":  30.7566561778186,
    "Hour_Fluctuation":  0.037072371146898028,
    "Day":  30.7566561778186,
    "Day_Fluctuation":  0.037072371146898028,
    "ThreeDay":  30.7566561778186,
    "ThreeDay_Fluctuation":  0.037072371146898028,
    "Week":  30.7566561778186,
    "Week_Fluctuation":  0.037072371146898021,
    "Duration":  "00:02:24.5871231",
    "Updated":  "\/Date(1567354806509)\/",
    "Failed":  0,
    "PowerDraw_Live":  110,
    "Diff_Average":  0,
    "PowerDraw_Average":  107.938465876874,
    "Diff_Live":  0
}
