{
    "Live":  3688002.42857143,
    "Minute":  3675840.66245243,
    "Minute_Fluctuation":  0.0089893509979686956,
    "Minute_5":  3661567.6626583,
    "Minute_5_Fluctuation":  0.014362175759907801,
    "Minute_10":  3655125.90764603,
    "Minute_10_Fluctuation":  0.016122870389552818,
    "Hour":  3654465.23949429,
    "Hour_Fluctuation":  0.016313407463533974,
    "Day":  3654465.23949429,
    "Day_Fluctuation":  0.016313407463533974,
    "ThreeDay":  3654465.23949429,
    "ThreeDay_Fluctuation":  0.01631340746353397,
    "Week":  3654465.23949429,
    "Week_Fluctuation":  0.016313407463533974,
    "Duration":  "00:12:42.2469641",
    "Updated":  "\/Date(1569427407229)\/",
    "Failed":  0,
    "PowerDraw_Live":  125,
    "Diff_Average":  201329664,
    "PowerDraw_Average":  122.253871916097,
    "Diff_Live":  201329664
}
