{
    "Live":  365235352.363636,
    "Minute":  365235352.363636,
    "Minute_Fluctuation":  0,
    "Minute_5":  365235352.363636,
    "Minute_5_Fluctuation":  0,
    "Minute_10":  365235352.363636,
    "Minute_10_Fluctuation":  0,
    "Hour":  365235352.363636,
    "Hour_Fluctuation":  0,
    "Day":  365235352.363636,
    "Day_Fluctuation":  0,
    "ThreeDay":  365235352.363636,
    "ThreeDay_Fluctuation":  0,
    "Week":  365235352.363636,
    "Week_Fluctuation":  0,
    "Duration":  "00:00:20.6572725",
    "Updated":  "\/Date(1579669016846)\/",
    "Failed":  0,
    "PowerDraw_Live":  109,
    "PowerDraw_Average":  109,
    "Diff_Live":  0,
    "Diff_Average":  0,
    "Ratio_Live":  0
}
