{
    "Live":  19027994.2222222,
    "Minute":  19190125.4210768,
    "Minute_Fluctuation":  0.016193783186302123,
    "Minute_5":  19190125.4210768,
    "Minute_5_Fluctuation":  0.016193783186302123,
    "Minute_10":  19190125.4210768,
    "Minute_10_Fluctuation":  0.016193783186302123,
    "Hour":  19190125.4210768,
    "Hour_Fluctuation":  0.016193783186302123,
    "Day":  19190125.4210768,
    "Day_Fluctuation":  0.016193783186302123,
    "ThreeDay":  19190125.4210768,
    "ThreeDay_Fluctuation":  0.016193783186302123,
    "Week":  19190125.4210768,
    "Week_Fluctuation":  0.016193783186302123,
    "Duration":  "00:01:04.5498179",
    "Updated":  "\/Date(1567351446357)\/",
    "Failed":  0,
    "PowerDraw_Live":  124,
    "Diff_Average":  2577019699,
    "PowerDraw_Average":  119.165967117832,
    "Diff_Live":  2577019699
}
