{
    "Live":  38124842.5601231,
    "Minute":  38124842.5601231,
    "Minute_Fluctuation":  0,
    "Minute_5":  38124842.5601231,
    "Minute_5_Fluctuation":  0,
    "Minute_10":  38124842.5601231,
    "Minute_10_Fluctuation":  0,
    "Hour":  38124842.5601231,
    "Hour_Fluctuation":  0,
    "Day":  38124842.5601231,
    "Day_Fluctuation":  0,
    "ThreeDay":  38124842.5601231,
    "ThreeDay_Fluctuation":  0,
    "Week":  38124842.5601231,
    "Week_Fluctuation":  0,
    "Duration":  "00:00:20.5903640",
    "Updated":  "\/Date(1578548749798)\/",
    "Failed":  0,
    "PowerDraw_Live":  239,
    "PowerDraw_Average":  239,
    "Diff_Live":  4000000000,
    "Diff_Average":  4000000000,
    "Ratio_Live":  0
}
