{
    "Live":  10836514.8181818,
    "Minute":  10836514.8181818,
    "Minute_Fluctuation":  0,
    "Minute_5":  10836514.8181818,
    "Minute_5_Fluctuation":  0,
    "Minute_10":  10836514.8181818,
    "Minute_10_Fluctuation":  0,
    "Hour":  10836514.8181818,
    "Hour_Fluctuation":  0,
    "Day":  10836514.8181818,
    "Day_Fluctuation":  0,
    "ThreeDay":  10836514.8181818,
    "ThreeDay_Fluctuation":  0,
    "Week":  10836514.8181818,
    "Week_Fluctuation":  0,
    "Duration":  "00:00:20.4695946",
    "Updated":  "\/Date(1577684339657)\/",
    "Failed":  0,
    "PowerDraw_Live":  106,
    "PowerDraw_Average":  106,
    "Diff_Live":  67109888,
    "Diff_Average":  67109888,
    "Ratio_Live":  0.02
}
