{
    "Live":  78.8082352941176,
    "Minute":  78.9715029830196,
    "Minute_Fluctuation":  0.016655539858510586,
    "Minute_5":  84.2652242894456,
    "Minute_5_Fluctuation":  0.15740841570387692,
    "Minute_10":  84.3504797295704,
    "Minute_10_Fluctuation":  0.14871061842672773,
    "Hour":  84.6224323163254,
    "Hour_Fluctuation":  0.13352373850297525,
    "Day":  85.5318663185935,
    "Day_Fluctuation":  0.10133710454648115,
    "ThreeDay":  85.5318663185935,
    "ThreeDay_Fluctuation":  0.10133710454647947,
    "Week":  85.5318663185935,
    "Week_Fluctuation":  0.10133710454648115,
    "Duration":  "18:21:42.9605588",
    "Updated":  "\/Date(1569330366724)\/",
    "Failed":  12,
    "PowerDraw_Live":  89,
    "Diff_Average":  0,
    "PowerDraw_Average":  89.0591523631977,
    "Diff_Live":  0
}
