{
    "Live":  227896360.20547,
    "Minute":  227896360.20547,
    "Minute_Fluctuation":  0,
    "Minute_5":  227896360.20547,
    "Minute_5_Fluctuation":  0,
    "Minute_10":  227896360.20547,
    "Minute_10_Fluctuation":  0,
    "Hour":  227896360.20547,
    "Hour_Fluctuation":  0,
    "Day":  227896360.20547,
    "Day_Fluctuation":  0,
    "ThreeDay":  227896360.20547,
    "ThreeDay_Fluctuation":  0,
    "Week":  227896360.20547,
    "Week_Fluctuation":  0,
    "Duration":  "00:00:20.5043670",
    "Updated":  "\/Date(1578549090787)\/",
    "Failed":  0,
    "PowerDraw_Live":  0,
    "PowerDraw_Average":  0,
    "Diff_Live":  40000000000,
    "Diff_Average":  40000000000,
    "Ratio_Live":  0
}
