{
    "Live":  858.95,
    "Minute":  983.966363085025,
    "Minute_Fluctuation":  0.098325220331902038,
    "Minute_5":  1039.58767850148,
    "Minute_5_Fluctuation":  0.047290435506319672,
    "Minute_10":  1047.41077564889,
    "Minute_10_Fluctuation":  0.039379988121252693,
    "Hour":  1050.18611176289,
    "Hour_Fluctuation":  0.041201178928339827,
    "Day":  1050.18611176289,
    "Day_Fluctuation":  0.041201178928339827,
    "ThreeDay":  1050.18611176289,
    "ThreeDay_Fluctuation":  0.0412011789283398,
    "Week":  1050.18611176289,
    "Week_Fluctuation":  0.041201178928339827,
    "Duration":  "00:48:12.1488506",
    "Updated":  "\/Date(1569446042432)\/",
    "Failed":  20,
    "PowerDraw_Live":  100,
    "Diff_Average":  0,
    "PowerDraw_Average":  98.2055080159754,
    "Diff_Live":  0
}
