{
    "Live":  633.393571428572,
    "Minute":  633.393571428572,
    "Minute_Fluctuation":  0,
    "Minute_5":  633.393571428572,
    "Minute_5_Fluctuation":  0,
    "Minute_10":  633.393571428572,
    "Minute_10_Fluctuation":  0,
    "Hour":  633.393571428572,
    "Hour_Fluctuation":  0,
    "Day":  633.393571428572,
    "Day_Fluctuation":  0,
    "ThreeDay":  633.393571428572,
    "ThreeDay_Fluctuation":  0,
    "Week":  633.393571428572,
    "Week_Fluctuation":  0,
    "Duration":  "00:00:19.8694940",
    "Updated":  "\/Date(1577415409079)\/",
    "Failed":  0,
    "PowerDraw_Live":  82,
    "PowerDraw_Average":  82,
    "Diff_Live":  7382,
    "Diff_Average":  7382,
    "Ratio_Live":  0.125
}
