{
    "Live":  27840699.3670217,
    "Minute":  27840699.3670217,
    "Minute_Fluctuation":  0,
    "Minute_5":  27840699.3670217,
    "Minute_5_Fluctuation":  0,
    "Minute_10":  27840699.3670217,
    "Minute_10_Fluctuation":  0,
    "Hour":  27840699.3670217,
    "Hour_Fluctuation":  0,
    "Day":  27840699.3670217,
    "Day_Fluctuation":  0,
    "ThreeDay":  27840699.3670217,
    "ThreeDay_Fluctuation":  0,
    "Week":  27840699.3670217,
    "Week_Fluctuation":  0,
    "Duration":  "00:00:20.4543778",
    "Updated":  "\/Date(1578547373347)\/",
    "Failed":  0,
    "PowerDraw_Live":  129,
    "PowerDraw_Average":  129,
    "Diff_Live":  4000000000,
    "Diff_Average":  4000000000,
    "Ratio_Live":  0
}
