{
    "Live":  29617578.3333333,
    "Minute":  29617578.3333333,
    "Minute_Fluctuation":  0,
    "Minute_5":  29617578.3333333,
    "Minute_5_Fluctuation":  0,
    "Minute_10":  29617578.3333333,
    "Minute_10_Fluctuation":  0,
    "Hour":  29617578.3333333,
    "Hour_Fluctuation":  0,
    "Day":  29617578.3333333,
    "Day_Fluctuation":  0,
    "ThreeDay":  29617578.3333333,
    "ThreeDay_Fluctuation":  0,
    "Week":  29617578.3333333,
    "Week_Fluctuation":  0,
    "Duration":  "00:00:32.9265830",
    "Updated":  "\/Date(1577709828975)\/",
    "Failed":  0,
    "PowerDraw_Live":  240,
    "PowerDraw_Average":  240,
    "Diff_Live":  171801313,
    "Diff_Average":  171801313,
    "Ratio_Live":  0
}
