{
    "Live":  11800.2142857143,
    "Minute":  11800.2142857143,
    "Minute_Fluctuation":  0,
    "Minute_5":  11800.2142857143,
    "Minute_5_Fluctuation":  0,
    "Minute_10":  11800.2142857143,
    "Minute_10_Fluctuation":  0,
    "Hour":  11800.2142857143,
    "Hour_Fluctuation":  0,
    "Day":  11800.2142857143,
    "Day_Fluctuation":  0,
    "ThreeDay":  11800.2142857143,
    "ThreeDay_Fluctuation":  0,
    "Week":  11800.2142857143,
    "Week_Fluctuation":  0,
    "Duration":  "00:00:20.2242578",
    "Updated":  "\/Date(1578845927629)\/",
    "Failed":  0,
    "PowerDraw_Live":  220,
    "PowerDraw_Average":  220,
    "Diff_Live":  1000225,
    "Diff_Average":  1000225,
    "Ratio_Live":  0
}
