{
    "Live":  306084824.39534,
    "Minute":  306084824.39534,
    "Minute_Fluctuation":  0,
    "Minute_5":  306084824.39534,
    "Minute_5_Fluctuation":  0,
    "Minute_10":  306084824.39534,
    "Minute_10_Fluctuation":  0,
    "Hour":  306084824.39534,
    "Hour_Fluctuation":  0,
    "Day":  306084824.39534,
    "Day_Fluctuation":  0,
    "ThreeDay":  306084824.39534,
    "ThreeDay_Fluctuation":  0,
    "Week":  306084824.39534,
    "Week_Fluctuation":  0,
    "Duration":  "00:00:19.6344072",
    "Updated":  "\/Date(1578548402804)\/",
    "Failed":  0,
    "PowerDraw_Live":  0,
    "PowerDraw_Average":  0,
    "Diff_Live":  40000000000,
    "Diff_Average":  40000000000,
    "Ratio_Live":  0
}
