{
    "Live":  305513971.169527,
    "Minute":  305513971.169527,
    "Minute_Fluctuation":  0,
    "Minute_5":  305513971.169527,
    "Minute_5_Fluctuation":  0,
    "Minute_10":  305513971.169527,
    "Minute_10_Fluctuation":  0,
    "Hour":  305513971.169527,
    "Hour_Fluctuation":  0,
    "Day":  305513971.169527,
    "Day_Fluctuation":  0,
    "ThreeDay":  305513971.169527,
    "ThreeDay_Fluctuation":  0,
    "Week":  305513971.169527,
    "Week_Fluctuation":  0,
    "Duration":  "00:00:20.4543778",
    "Updated":  "\/Date(1578547373273)\/",
    "Failed":  0,
    "PowerDraw_Live":  0,
    "PowerDraw_Average":  0,
    "Diff_Live":  40000000000,
    "Diff_Average":  40000000000,
    "Ratio_Live":  0
}
