{
    "Live":  669.326285714286,
    "Minute":  669.326285714286,
    "Minute_Fluctuation":  0,
    "Minute_5":  669.326285714286,
    "Minute_5_Fluctuation":  0,
    "Minute_10":  669.326285714286,
    "Minute_10_Fluctuation":  0,
    "Hour":  669.326285714286,
    "Hour_Fluctuation":  0,
    "Day":  669.326285714286,
    "Day_Fluctuation":  0,
    "ThreeDay":  669.326285714286,
    "ThreeDay_Fluctuation":  0,
    "Week":  669.326285714286,
    "Week_Fluctuation":  0,
    "Duration":  "00:00:20.3590085",
    "Updated":  "\/Date(1577706305927)\/",
    "Failed":  0,
    "PowerDraw_Live":  94,
    "PowerDraw_Average":  94,
    "Diff_Live":  0,
    "Diff_Average":  0,
    "Ratio_Live":  0
}
