{
    "Live":  1477.07272727273,
    "Minute":  1477.07272727273,
    "Minute_Fluctuation":  0,
    "Minute_5":  1477.07272727273,
    "Minute_5_Fluctuation":  0,
    "Minute_10":  1477.07272727273,
    "Minute_10_Fluctuation":  0,
    "Hour":  1477.07272727273,
    "Hour_Fluctuation":  0,
    "Day":  1477.07272727273,
    "Day_Fluctuation":  0,
    "ThreeDay":  1477.07272727273,
    "ThreeDay_Fluctuation":  0,
    "Week":  1477.07272727273,
    "Week_Fluctuation":  0,
    "Duration":  "00:00:20.6571132",
    "Updated":  "\/Date(1560957447003)\/",
    "Failed":  0,
    "PowerDraw_Live":  160,
    "Diff_Average":  120001,
    "PowerDraw_Average":  160,
    "Diff_Live":  120001
}
