{
    "Live":  70353763.1818182,
    "Minute":  70431054.7940301,
    "Minute_Fluctuation":  0.0013189355124184005,
    "Minute_5":  70308265.5869464,
    "Minute_5_Fluctuation":  0.0045630749566896991,
    "Minute_10":  70064577.7699127,
    "Minute_10_Fluctuation":  0.0059306597522435058,
    "Hour":  69642860.0983302,
    "Hour_Fluctuation":  0.0040153335541765044,
    "Day":  69642860.0983302,
    "Day_Fluctuation":  0.0040153335541764836,
    "ThreeDay":  69642860.0983302,
    "ThreeDay_Fluctuation":  0.0040153335541764836,
    "Week":  69642860.0983302,
    "Week_Fluctuation":  0.0040153335541764845,
    "Duration":  "00:48:25.6620505",
    "Updated":  "\/Date(1579097929523)\/",
    "Failed":  10,
    "PowerDraw_Live":  240,
    "PowerDraw_Average":  238.92779147146487,
    "Diff_Live":  1288509849,
    "Diff_Average":  1271954295.8153782,
    "Ratio_Live":  0
}
