{
    "Live":  1949.5,
    "Minute":  1947.52848288208,
    "Minute_Fluctuation":  0.0038172706297528222,
    "Minute_5":  1952.03460869122,
    "Minute_5_Fluctuation":  0.0425039050694141,
    "Minute_10":  1952.03460869122,
    "Minute_10_Fluctuation":  0.0425039050694141,
    "Hour":  1952.03460869122,
    "Hour_Fluctuation":  0.042503905069414094,
    "Day":  1952.03460869122,
    "Day_Fluctuation":  0.042503905069414108,
    "ThreeDay":  1952.03460869122,
    "ThreeDay_Fluctuation":  0.042503905069414094,
    "Week":  1952.03460869122,
    "Week_Fluctuation":  0.042503905069414108,
    "Duration":  "00:05:05.5972779",
    "Updated":  "\/Date(1579601129239)\/",
    "Failed":  56,
    "PowerDraw_Live":  87,
    "PowerDraw_Average":  82.307948242697464,
    "Diff_Live":  0,
    "Diff_Average":  0,
    "Ratio_Live":  0
}
