{
    "Live":  51854615.3846154,
    "Minute":  51854615.3846154,
    "Minute_Fluctuation":  0,
    "Minute_5":  51854615.3846154,
    "Minute_5_Fluctuation":  0,
    "Minute_10":  51854615.3846154,
    "Minute_10_Fluctuation":  0,
    "Hour":  51854615.3846154,
    "Hour_Fluctuation":  0,
    "Day":  51854615.3846154,
    "Day_Fluctuation":  0,
    "ThreeDay":  51854615.3846154,
    "ThreeDay_Fluctuation":  0,
    "Week":  51854615.3846154,
    "Week_Fluctuation":  0,
    "Duration":  "00:00:25.6795341",
    "Updated":  "\/Date(1569177194495)\/",
    "Failed":  0,
    "PowerDraw_Live":  127,
    "Diff_Average":  256,
    "PowerDraw_Average":  127,
    "Diff_Live":  256
}
