{
    "Live":  1167.77777777778,
    "Minute":  1167.77777777778,
    "Minute_Fluctuation":  0,
    "Minute_5":  1167.77777777778,
    "Minute_5_Fluctuation":  0,
    "Minute_10":  1167.77777777778,
    "Minute_10_Fluctuation":  0,
    "Hour":  1167.77777777778,
    "Hour_Fluctuation":  0,
    "Day":  1167.77777777778,
    "Day_Fluctuation":  0,
    "ThreeDay":  1167.77777777778,
    "ThreeDay_Fluctuation":  0,
    "Week":  1167.77777777778,
    "Week_Fluctuation":  0,
    "Duration":  "00:00:23.3897052",
    "Updated":  "\/Date(1568912193609)\/",
    "Failed":  0,
    "PowerDraw_Live":  91,
    "Diff_Average":  0,
    "PowerDraw_Average":  91,
    "Diff_Live":  0
}
