{
    "Live":  15625334.3076923,
    "Minute":  15310034.0775438,
    "Minute_Fluctuation":  0.028966444281456411,
    "Minute_5":  14876083.5548476,
    "Minute_5_Fluctuation":  0.034251865759663692,
    "Minute_10":  14805736.3883284,
    "Minute_10_Fluctuation":  0.034418325516829204,
    "Hour":  14770610.6481589,
    "Hour_Fluctuation":  0.034723710619441323,
    "Day":  14770610.6481589,
    "Day_Fluctuation":  0.034723710619441316,
    "ThreeDay":  14770610.6481589,
    "ThreeDay_Fluctuation":  0.034723710619441316,
    "Week":  14770610.6481589,
    "Week_Fluctuation":  0.034723710619441323,
    "Duration":  "00:22:02.2985991",
    "Updated":  "\/Date(1581322311638)\/",
    "Failed":  0,
    "PowerDraw_Live":  239,
    "PowerDraw_Average":  238.19928180087848,
    "Diff_Live":  145623214,
    "Diff_Average":  137497238.09270522,
    "Ratio_Live":  0.0044
}
