{
    "Live":  33146923.0769231,
    "Minute":  33903367.8588999,
    "Minute_Fluctuation":  0.027271683140221738,
    "Minute_5":  35622317.9064697,
    "Minute_5_Fluctuation":  0.051640933517870594,
    "Minute_10":  35678156.4647151,
    "Minute_10_Fluctuation":  0.051261397021632606,
    "Hour":  35678156.4647151,
    "Hour_Fluctuation":  0.0512613970216326,
    "Day":  35678156.4647151,
    "Day_Fluctuation":  0.0512613970216326,
    "ThreeDay":  35678156.4647151,
    "ThreeDay_Fluctuation":  0.0512613970216326,
    "Week":  35678156.4647151,
    "Week_Fluctuation":  0.0512613970216326,
    "Duration":  "00:06:21.1156732",
    "Updated":  "\/Date(1580108768020)\/",
    "Failed":  0,
    "PowerDraw_Live":  240,
    "PowerDraw_Average":  238.32208412460005,
    "Diff_Live":  2287.2220629015374,
    "Diff_Average":  944.975390903703,
    "Ratio_Live":  0
}
