{
    "Live":  27304506.8857143,
    "Minute":  27304506.8857143,
    "Minute_Fluctuation":  0,
    "Minute_5":  27304506.8857143,
    "Minute_5_Fluctuation":  0,
    "Minute_10":  27304506.8857143,
    "Minute_10_Fluctuation":  0,
    "Hour":  27304506.8857143,
    "Hour_Fluctuation":  0,
    "Day":  27304506.8857143,
    "Day_Fluctuation":  0,
    "ThreeDay":  27304506.8857143,
    "ThreeDay_Fluctuation":  0,
    "Week":  27304506.8857143,
    "Week_Fluctuation":  0,
    "Duration":  "00:00:20.7916803",
    "Updated":  "\/Date(1577683959628)\/",
    "Failed":  0,
    "PowerDraw_Live":  239,
    "PowerDraw_Average":  239,
    "Diff_Live":  33554944,
    "Diff_Average":  33554944,
    "Ratio_Live":  0
}
