{
    "Live":  5450.56127272727,
    "Minute":  5439.81763550695,
    "Minute_Fluctuation":  0.0064830611488397652,
    "Minute_5":  5424.06736726797,
    "Minute_5_Fluctuation":  0.00921039047364763,
    "Minute_10":  5415.93606257004,
    "Minute_10_Fluctuation":  0.011533968186931228,
    "Hour":  5414.10859626092,
    "Hour_Fluctuation":  0.012027913500215322,
    "Day":  5414.10859626092,
    "Day_Fluctuation":  0.012027913500215322,
    "ThreeDay":  5414.10859626092,
    "ThreeDay_Fluctuation":  0.012027913500215322,
    "Week":  5414.10859626092,
    "Week_Fluctuation":  0.012027913500215322,
    "Duration":  "00:15:20.4335453",
    "Updated":  "\/Date(1579608594306)\/",
    "Failed":  0,
    "PowerDraw_Live":  239,
    "PowerDraw_Average":  239.04512237918095,
    "Diff_Live":  0,
    "Diff_Average":  0,
    "Ratio_Live":  0
}
