{
    "Live":  1550.825,
    "Minute":  1532.02895892703,
    "Minute_Fluctuation":  0.024246793043493222,
    "Minute_5":  1532.02895892703,
    "Minute_5_Fluctuation":  0.024246793043493226,
    "Minute_10":  1532.02895892703,
    "Minute_10_Fluctuation":  0.024246793043493226,
    "Hour":  1532.02895892703,
    "Hour_Fluctuation":  0.024246793043493222,
    "Day":  1532.02895892703,
    "Day_Fluctuation":  0.024246793043493222,
    "ThreeDay":  1532.02895892703,
    "ThreeDay_Fluctuation":  0.024246793043493219,
    "Week":  1532.02895892703,
    "Week_Fluctuation":  0.024246793043493219,
    "Duration":  "00:00:55.6142700",
    "Updated":  "\/Date(1562946151337)\/",
    "Failed":  0,
    "PowerDraw_Live":  160,
    "Diff_Average":  35481.1399949902,
    "PowerDraw_Average":  160,
    "Diff_Live":  15000
}
