{
    "Live":  9675,
    "Minute":  9674.43081845957,
    "Minute_Fluctuation":  5.24091037392234E-05,
    "Minute_5":  9674.7079365051,
    "Minute_5_Fluctuation":  6.4296158659563022E-05,
    "Minute_10":  9675.08270354665,
    "Minute_10_Fluctuation":  0.00010395847001783243,
    "Hour":  9674.49130763141,
    "Hour_Fluctuation":  0.0004040843335381534,
    "Day":  9672.3758382335,
    "Day_Fluctuation":  0.000668907923714999,
    "ThreeDay":  9672.3758382335,
    "ThreeDay_Fluctuation":  0.000668907923714999,
    "Week":  9672.3758382335,
    "Week_Fluctuation":  0.000668907923714999,
    "Duration":  "03:01:28.8896749",
    "Updated":  "\/Date(1581039248853)\/",
    "Failed":  0,
    "PowerDraw_Live":  308,
    "PowerDraw_Average":  309.13246962873296,
    "Diff_Live":  0,
    "Diff_Average":  0,
    "Ratio_Live":  0
}
