{
    "Live":  305467442.767249,
    "Minute":  305467442.767249,
    "Minute_Fluctuation":  0,
    "Minute_5":  305467442.767249,
    "Minute_5_Fluctuation":  0,
    "Minute_10":  305467442.767249,
    "Minute_10_Fluctuation":  0,
    "Hour":  305467442.767249,
    "Hour_Fluctuation":  0,
    "Day":  305467442.767249,
    "Day_Fluctuation":  0,
    "ThreeDay":  305467442.767249,
    "ThreeDay_Fluctuation":  0,
    "Week":  305467442.767249,
    "Week_Fluctuation":  0,
    "Duration":  "00:00:20.8143566",
    "Updated":  "\/Date(1578547721059)\/",
    "Failed":  0,
    "PowerDraw_Live":  0,
    "PowerDraw_Average":  0,
    "Diff_Live":  40000000000,
    "Diff_Average":  40000000000,
    "Ratio_Live":  0
}
