{
    "Live":  305023385.695672,
    "Minute":  305023385.695672,
    "Minute_Fluctuation":  0,
    "Minute_5":  305023385.695672,
    "Minute_5_Fluctuation":  0,
    "Minute_10":  305023385.695672,
    "Minute_10_Fluctuation":  0,
    "Hour":  305023385.695672,
    "Hour_Fluctuation":  0,
    "Day":  305023385.695672,
    "Day_Fluctuation":  0,
    "ThreeDay":  305023385.695672,
    "ThreeDay_Fluctuation":  0,
    "Week":  305023385.695672,
    "Week_Fluctuation":  0,
    "Duration":  "00:00:20.4663676",
    "Updated":  "\/Date(1578547024132)\/",
    "Failed":  0,
    "PowerDraw_Live":  0,
    "PowerDraw_Average":  0,
    "Diff_Live":  40000000000,
    "Diff_Average":  40000000000,
    "Ratio_Live":  0
}
