{
    "Live":  4058.66666666667,
    "Minute":  4065.59386543675,
    "Minute_Fluctuation":  0.0032598685597458386,
    "Minute_5":  4056.98771982128,
    "Minute_5_Fluctuation":  0.001948216351406572,
    "Minute_10":  4053.02186398218,
    "Minute_10_Fluctuation":  0.0014084515031087797,
    "Hour":  4050.00398155789,
    "Hour_Fluctuation":  0.0015546883492710839,
    "Day":  4055.14166132232,
    "Day_Fluctuation":  0.003168060458277327,
    "ThreeDay":  4055.14166132232,
    "ThreeDay_Fluctuation":  0.003168060458277327,
    "Week":  4055.14166132232,
    "Week_Fluctuation":  0.003168060458277327,
    "Duration":  "04:17:20.2402115",
    "Updated":  "\/Date(1580764866342)\/",
    "Failed":  0,
    "PowerDraw_Live":  314,
    "PowerDraw_Average":  306.04755962893591,
    "Diff_Live":  0,
    "Diff_Average":  0,
    "Ratio_Live":  0
}
