{
    "Live":  0.545384615384616,
    "Minute":  0.545384615384616,
    "Minute_Fluctuation":  0,
    "Minute_5":  0.545384615384616,
    "Minute_5_Fluctuation":  0,
    "Minute_10":  0.545384615384616,
    "Minute_10_Fluctuation":  0,
    "Hour":  0.545384615384616,
    "Hour_Fluctuation":  0,
    "Day":  0.545384615384616,
    "Day_Fluctuation":  0,
    "ThreeDay":  0.545384615384616,
    "ThreeDay_Fluctuation":  0,
    "Week":  0.545384615384616,
    "Week_Fluctuation":  0,
    "Duration":  "00:00:20.9113896",
    "Updated":  "\/Date(1580168432048)\/",
    "Failed":  0,
    "PowerDraw_Live":  227,
    "PowerDraw_Average":  227,
    "Diff_Live":  0,
    "Diff_Average":  0,
    "Ratio_Live":  0
}
