{
    "Live":  11184750,
    "Minute":  11184750,
    "Minute_Fluctuation":  0,
    "Minute_5":  11184750,
    "Minute_5_Fluctuation":  0,
    "Minute_10":  11184750,
    "Minute_10_Fluctuation":  0,
    "Hour":  11184750,
    "Hour_Fluctuation":  0,
    "Day":  11184750,
    "Day_Fluctuation":  0,
    "ThreeDay":  11184750,
    "ThreeDay_Fluctuation":  0,
    "Week":  11184750,
    "Week_Fluctuation":  0,
    "Duration":  "00:00:27.6063704",
    "Updated":  "\/Date(1567531816464)\/",
    "Failed":  0,
    "PowerDraw_Live":  108,
    "Diff_Average":  51.7647058823529,
    "PowerDraw_Average":  108,
    "Diff_Live":  51.7647058823529
}
