{
    "Live":  9035578.63333333,
    "Minute":  9035578.63333333,
    "Minute_Fluctuation":  0,
    "Minute_5":  9035578.63333333,
    "Minute_5_Fluctuation":  0,
    "Minute_10":  9035578.63333333,
    "Minute_10_Fluctuation":  0,
    "Hour":  9035578.63333333,
    "Hour_Fluctuation":  0,
    "Day":  9035578.63333333,
    "Day_Fluctuation":  0,
    "ThreeDay":  9035578.63333333,
    "ThreeDay_Fluctuation":  0,
    "Week":  9035578.63333333,
    "Week_Fluctuation":  0,
    "Duration":  "00:00:20.3111618",
    "Updated":  "\/Date(1577684651791)\/",
    "Failed":  0,
    "PowerDraw_Live":  107,
    "PowerDraw_Average":  107,
    "Diff_Live":  117442304,
    "Diff_Average":  117442304,
    "Ratio_Live":  0.1111
}
