{
    "Live":  3489.66666666667,
    "Minute":  3489.66666666667,
    "Minute_Fluctuation":  0,
    "Minute_5":  3489.66666666667,
    "Minute_5_Fluctuation":  0,
    "Minute_10":  3489.66666666667,
    "Minute_10_Fluctuation":  0,
    "Hour":  3489.66666666667,
    "Hour_Fluctuation":  0,
    "Day":  3489.66666666667,
    "Day_Fluctuation":  0,
    "ThreeDay":  3489.66666666667,
    "ThreeDay_Fluctuation":  0,
    "Week":  3489.66666666667,
    "Week_Fluctuation":  0,
    "Duration":  "00:00:20.7024902",
    "Updated":  "\/Date(1577709052949)\/",
    "Failed":  0,
    "PowerDraw_Live":  182,
    "PowerDraw_Average":  182,
    "Diff_Live":  0,
    "Diff_Average":  0,
    "Ratio_Live":  0
}
