{
    "Live":  11059166.6666667,
    "Minute":  11059166.6666667,
    "Minute_Fluctuation":  0,
    "Minute_5":  11059166.6666667,
    "Minute_5_Fluctuation":  0,
    "Minute_10":  11059166.6666667,
    "Minute_10_Fluctuation":  0,
    "Hour":  11059166.6666667,
    "Hour_Fluctuation":  0,
    "Day":  11059166.6666667,
    "Day_Fluctuation":  0,
    "ThreeDay":  11059166.6666667,
    "ThreeDay_Fluctuation":  0,
    "Week":  11059166.6666667,
    "Week_Fluctuation":  0,
    "Duration":  "00:00:19.7805155",
    "Updated":  "\/Date(1577685563068)\/",
    "Failed":  0,
    "PowerDraw_Live":  123,
    "PowerDraw_Average":  123,
    "Diff_Live":  84.5,
    "Diff_Average":  84.5,
    "Ratio_Live":  0
}
