{
    "Live":  119234.391304348,
    "Minute":  119234.391304348,
    "Minute_Fluctuation":  0,
    "Minute_5":  119234.391304348,
    "Minute_5_Fluctuation":  0,
    "Minute_10":  119234.391304348,
    "Minute_10_Fluctuation":  0,
    "Hour":  119234.391304348,
    "Hour_Fluctuation":  0,
    "Day":  119234.391304348,
    "Day_Fluctuation":  0,
    "ThreeDay":  119234.391304348,
    "ThreeDay_Fluctuation":  0,
    "Week":  119234.391304348,
    "Week_Fluctuation":  0,
    "Duration":  "00:00:20.5616544",
    "Updated":  "\/Date(1577685648580)\/",
    "Failed":  0,
    "PowerDraw_Live":  238,
    "PowerDraw_Average":  238,
    "Diff_Live":  2218538.913043478,
    "Diff_Average":  2218538.913043478,
    "Ratio_Live":  0
}
