{
    "Live":  39864753.3333333,
    "Minute":  40786915.312732,
    "Minute_Fluctuation":  0.16511077653445178,
    "Minute_5":  40786915.312732,
    "Minute_5_Fluctuation":  0.16511077653445178,
    "Minute_10":  40786915.312732,
    "Minute_10_Fluctuation":  0.16511077653445178,
    "Hour":  40786915.312732,
    "Hour_Fluctuation":  0.16511077653445178,
    "Day":  40786915.312732,
    "Day_Fluctuation":  0.16511077653445178,
    "ThreeDay":  40786915.312732,
    "ThreeDay_Fluctuation":  0.16511077653445178,
    "Week":  40786915.312732,
    "Week_Fluctuation":  0.16511077653445178,
    "Duration":  "00:00:42.7559711",
    "Updated":  "\/Date(1567737317173)\/",
    "Failed":  9,
    "PowerDraw_Live":  92,
    "Diff_Average":  1018676860.07459,
    "PowerDraw_Average":  94.8726723212373,
    "Diff_Live":  1073758208
}
