{
    "Live":  120833.333333333,
    "Minute":  120833.333333333,
    "Minute_Fluctuation":  0,
    "Minute_5":  120833.333333333,
    "Minute_5_Fluctuation":  0,
    "Minute_10":  120833.333333333,
    "Minute_10_Fluctuation":  0,
    "Hour":  120833.333333333,
    "Hour_Fluctuation":  0,
    "Day":  120833.333333333,
    "Day_Fluctuation":  0,
    "ThreeDay":  120833.333333333,
    "ThreeDay_Fluctuation":  0,
    "Week":  120833.333333333,
    "Week_Fluctuation":  0,
    "Duration":  "00:00:20.9605052",
    "Updated":  "\/Date(1577707199312)\/",
    "Failed":  0,
    "PowerDraw_Live":  65,
    "PowerDraw_Average":  65,
    "Diff_Live":  0,
    "Diff_Average":  0,
    "Ratio_Live":  0
}
