{
    "Live":  5.95636363636364,
    "Minute":  5.95636363636364,
    "Minute_Fluctuation":  0,
    "Minute_5":  5.95636363636364,
    "Minute_5_Fluctuation":  0,
    "Minute_10":  5.95636363636364,
    "Minute_10_Fluctuation":  0,
    "Hour":  5.95636363636364,
    "Hour_Fluctuation":  0,
    "Day":  5.95636363636364,
    "Day_Fluctuation":  0,
    "ThreeDay":  5.95636363636364,
    "ThreeDay_Fluctuation":  0,
    "Week":  5.95636363636364,
    "Week_Fluctuation":  0,
    "Duration":  "00:00:20.1205341",
    "Updated":  "\/Date(1579672396766)\/",
    "Failed":  0,
    "PowerDraw_Live":  238,
    "PowerDraw_Average":  238,
    "Diff_Live":  0,
    "Diff_Average":  0,
    "Ratio_Live":  0
}
