{
    "Live":  2164,
    "Minute":  2162.89288762348,
    "Minute_Fluctuation":  0.00390644137932419,
    "Minute_5":  2156.78336383127,
    "Minute_5_Fluctuation":  0.016240411069558043,
    "Minute_10":  2156.78336383127,
    "Minute_10_Fluctuation":  0.016240411069558043,
    "Hour":  2156.78336383127,
    "Hour_Fluctuation":  0.016240411069558043,
    "Day":  2156.78336383127,
    "Day_Fluctuation":  0.016240411069558043,
    "ThreeDay":  2156.78336383127,
    "ThreeDay_Fluctuation":  0.016240411069558043,
    "Week":  2156.78336383127,
    "Week_Fluctuation":  0.016240411069558043,
    "Duration":  "00:05:07.9060376",
    "Updated":  "\/Date(1579612146140)\/",
    "Failed":  0,
    "PowerDraw_Live":  320,
    "PowerDraw_Average":  313.80857329213529,
    "Diff_Live":  0,
    "Diff_Average":  0,
    "Ratio_Live":  0
}
