{
    "Live":  38236462.0793241,
    "Minute":  38236462.0793241,
    "Minute_Fluctuation":  0,
    "Minute_5":  38236462.0793241,
    "Minute_5_Fluctuation":  0,
    "Minute_10":  38236462.0793241,
    "Minute_10_Fluctuation":  0,
    "Hour":  38236462.0793241,
    "Hour_Fluctuation":  0,
    "Day":  38236462.0793241,
    "Day_Fluctuation":  0,
    "ThreeDay":  38236462.0793241,
    "ThreeDay_Fluctuation":  0,
    "Week":  38236462.0793241,
    "Week_Fluctuation":  0,
    "Duration":  "00:00:20.5923740",
    "Updated":  "\/Date(1578546674931)\/",
    "Failed":  0,
    "PowerDraw_Live":  239,
    "PowerDraw_Average":  239,
    "Diff_Live":  4000000000,
    "Diff_Average":  4000000000,
    "Ratio_Live":  0
}
