{
    "Live":  46182114.2857143,
    "Minute":  46182114.2857143,
    "Minute_Fluctuation":  0,
    "Minute_5":  46182114.2857143,
    "Minute_5_Fluctuation":  0,
    "Minute_10":  46182114.2857143,
    "Minute_10_Fluctuation":  0,
    "Hour":  46182114.2857143,
    "Hour_Fluctuation":  0,
    "Day":  46182114.2857143,
    "Day_Fluctuation":  0,
    "ThreeDay":  46182114.2857143,
    "ThreeDay_Fluctuation":  0,
    "Week":  46182114.2857143,
    "Week_Fluctuation":  0,
    "Duration":  "00:00:20.8107508",
    "Updated":  "\/Date(1577711954160)\/",
    "Failed":  0,
    "PowerDraw_Live":  132,
    "PowerDraw_Average":  132,
    "Diff_Live":  1342197760,
    "Diff_Average":  1342197760,
    "Ratio_Live":  0
}
