{
    "Live":  18.9133333333333,
    "Minute":  18.9133333333333,
    "Minute_Fluctuation":  0,
    "Minute_5":  18.9133333333333,
    "Minute_5_Fluctuation":  0,
    "Minute_10":  18.9133333333333,
    "Minute_10_Fluctuation":  0,
    "Hour":  18.9133333333333,
    "Hour_Fluctuation":  0,
    "Day":  18.9133333333333,
    "Day_Fluctuation":  0,
    "ThreeDay":  18.9133333333333,
    "ThreeDay_Fluctuation":  0,
    "Week":  18.9133333333333,
    "Week_Fluctuation":  0,
    "Duration":  "00:00:26.8213508",
    "Updated":  "\/Date(1567232873016)\/",
    "Failed":  0,
    "PowerDraw_Live":  99,
    "Diff_Average":  0,
    "PowerDraw_Average":  99,
    "Diff_Live":  0
}
