{
    "Live":  305503186.079928,
    "Minute":  305503186.079928,
    "Minute_Fluctuation":  0,
    "Minute_5":  305503186.079928,
    "Minute_5_Fluctuation":  0,
    "Minute_10":  305503186.079928,
    "Minute_10_Fluctuation":  0,
    "Hour":  305503186.079928,
    "Hour_Fluctuation":  0,
    "Day":  305503186.079928,
    "Day_Fluctuation":  0,
    "ThreeDay":  305503186.079928,
    "ThreeDay_Fluctuation":  0,
    "Week":  305503186.079928,
    "Week_Fluctuation":  0,
    "Duration":  "00:00:20.5383655",
    "Updated":  "\/Date(1578548062536)\/",
    "Failed":  0,
    "PowerDraw_Live":  0,
    "PowerDraw_Average":  0,
    "Diff_Live":  40000000000,
    "Diff_Average":  40000000000,
    "Ratio_Live":  0
}
