{
    "Live":  1230737894.50106,
    "Minute":  1230737894.50106,
    "Minute_Fluctuation":  0,
    "Minute_5":  1230737894.50106,
    "Minute_5_Fluctuation":  0,
    "Minute_10":  1230737894.50106,
    "Minute_10_Fluctuation":  0,
    "Hour":  1230737894.50106,
    "Hour_Fluctuation":  0,
    "Day":  1230737894.50106,
    "Day_Fluctuation":  0,
    "ThreeDay":  1230737894.50106,
    "ThreeDay_Fluctuation":  0,
    "Week":  1230737894.50106,
    "Week_Fluctuation":  0,
    "Duration":  "00:00:20.8223363",
    "Updated":  "\/Date(1580022770080)\/",
    "Failed":  0,
    "PowerDraw_Live":  98,
    "PowerDraw_Average":  98,
    "Diff_Live":  0,
    "Diff_Average":  0,
    "Ratio_Live":  0
}
