{
    "Live":  27629080.1904762,
    "Minute":  27629080.1904762,
    "Minute_Fluctuation":  0,
    "Minute_5":  27629080.1904762,
    "Minute_5_Fluctuation":  0,
    "Minute_10":  27629080.1904762,
    "Minute_10_Fluctuation":  0,
    "Hour":  27629080.1904762,
    "Hour_Fluctuation":  0,
    "Day":  27629080.1904762,
    "Day_Fluctuation":  0,
    "ThreeDay":  27629080.1904762,
    "ThreeDay_Fluctuation":  0,
    "Week":  27629080.1904762,
    "Week_Fluctuation":  0,
    "Duration":  "00:00:20.2404156",
    "Updated":  "\/Date(1577684854764)\/",
    "Failed":  0,
    "PowerDraw_Live":  238,
    "PowerDraw_Average":  238,
    "Diff_Live":  167774720,
    "Diff_Average":  167774720,
    "Ratio_Live":  0
}
