{
    "Live":  231096634.86667,
    "Minute":  231096634.86667,
    "Minute_Fluctuation":  0,
    "Minute_5":  231096634.86667,
    "Minute_5_Fluctuation":  0,
    "Minute_10":  231096634.86667,
    "Minute_10_Fluctuation":  0,
    "Hour":  231096634.86667,
    "Hour_Fluctuation":  0,
    "Day":  231096634.86667,
    "Day_Fluctuation":  0,
    "ThreeDay":  231096634.86667,
    "ThreeDay_Fluctuation":  0,
    "Week":  231096634.86667,
    "Week_Fluctuation":  0,
    "Duration":  "00:00:20.5053656",
    "Updated":  "\/Date(1578546325547)\/",
    "Failed":  0,
    "PowerDraw_Live":  0,
    "PowerDraw_Average":  0,
    "Diff_Live":  40000000000,
    "Diff_Average":  40000000000,
    "Ratio_Live":  0
}
