{
    "Live":  32720,
    "Minute":  32727.2699014887,
    "Minute_Fluctuation":  0.0007735373098858014,
    "Minute_5":  32915.2253832258,
    "Minute_5_Fluctuation":  0.0097530504130205614,
    "Minute_10":  33019.3764379495,
    "Minute_10_Fluctuation":  0.012748860792712606,
    "Hour":  33067.1916232856,
    "Hour_Fluctuation":  0.013578995455232633,
    "Day":  33067.1916232856,
    "Day_Fluctuation":  0.013578995455232633,
    "ThreeDay":  33067.1916232856,
    "ThreeDay_Fluctuation":  0.013578995455232633,
    "Week":  33067.1916232856,
    "Week_Fluctuation":  0.013578995455232635,
    "Duration":  "00:17:46.7104527",
    "Updated":  "\/Date(1581360261218)\/",
    "Failed":  0,
    "PowerDraw_Live":  81,
    "PowerDraw_Average":  78.6072320408639,
    "Diff_Live":  88143235.098231658,
    "Diff_Average":  26746182.565029398,
    "Ratio_Live":  0
}
