{
    "Live":  24257666.6666667,
    "Minute":  24257666.6666667,
    "Minute_Fluctuation":  0,
    "Minute_5":  24257666.6666667,
    "Minute_5_Fluctuation":  0,
    "Minute_10":  24257666.6666667,
    "Minute_10_Fluctuation":  0,
    "Hour":  24257666.6666667,
    "Hour_Fluctuation":  0,
    "Day":  24257666.6666667,
    "Day_Fluctuation":  0,
    "ThreeDay":  24257666.6666667,
    "ThreeDay_Fluctuation":  0,
    "Week":  24257666.6666667,
    "Week_Fluctuation":  0,
    "Duration":  "00:00:20.1737257",
    "Updated":  "\/Date(1577701983643)\/",
    "Failed":  0,
    "PowerDraw_Live":  240,
    "PowerDraw_Average":  240,
    "Diff_Live":  45.272727272727273,
    "Diff_Average":  45.272727272727273,
    "Ratio_Live":  0.1667
}
