{
    "Live":  12654042.8333333,
    "Minute":  12654042.8333333,
    "Minute_Fluctuation":  0,
    "Minute_5":  12654042.8333333,
    "Minute_5_Fluctuation":  0,
    "Minute_10":  12654042.8333333,
    "Minute_10_Fluctuation":  0,
    "Hour":  12654042.8333333,
    "Hour_Fluctuation":  0,
    "Day":  12654042.8333333,
    "Day_Fluctuation":  0,
    "ThreeDay":  12654042.8333333,
    "ThreeDay_Fluctuation":  0,
    "Week":  12654042.8333333,
    "Week_Fluctuation":  0,
    "Duration":  "00:00:19.7552835",
    "Updated":  "\/Date(1577713745175)\/",
    "Failed":  0,
    "PowerDraw_Live":  117,
    "PowerDraw_Average":  117,
    "Diff_Live":  318771968,
    "Diff_Average":  318771968,
    "Ratio_Live":  0
}
