{
    "Live":  305161978.070504,
    "Minute":  305161978.070504,
    "Minute_Fluctuation":  0,
    "Minute_5":  305161978.070504,
    "Minute_5_Fluctuation":  0,
    "Minute_10":  305161978.070504,
    "Minute_10_Fluctuation":  0,
    "Hour":  305161978.070504,
    "Hour_Fluctuation":  0,
    "Day":  305161978.070504,
    "Day_Fluctuation":  0,
    "ThreeDay":  305161978.070504,
    "ThreeDay_Fluctuation":  0,
    "Week":  305161978.070504,
    "Week_Fluctuation":  0,
    "Duration":  "00:00:20.5903640",
    "Updated":  "\/Date(1578548749841)\/",
    "Failed":  0,
    "PowerDraw_Live":  0,
    "PowerDraw_Average":  0,
    "Diff_Live":  40000000000,
    "Diff_Average":  40000000000,
    "Ratio_Live":  0
}
