{
    "Live":  923.258333333333,
    "Minute":  923.258333333333,
    "Minute_Fluctuation":  0,
    "Minute_5":  923.258333333333,
    "Minute_5_Fluctuation":  0,
    "Minute_10":  923.258333333333,
    "Minute_10_Fluctuation":  0,
    "Hour":  923.258333333333,
    "Hour_Fluctuation":  0,
    "Day":  923.258333333333,
    "Day_Fluctuation":  0,
    "ThreeDay":  923.258333333333,
    "ThreeDay_Fluctuation":  0,
    "Week":  923.258333333333,
    "Week_Fluctuation":  0,
    "Duration":  "00:00:34.9829429",
    "Updated":  "\/Date(1562876620691)\/",
    "Failed":  0,
    "PowerDraw_Live":  160,
    "Diff_Average":  28445,
    "PowerDraw_Average":  160,
    "Diff_Live":  28445
}
