{
    "Live":  241461.538461538,
    "Minute":  241461.538461538,
    "Minute_Fluctuation":  0,
    "Minute_5":  241461.538461538,
    "Minute_5_Fluctuation":  0,
    "Minute_10":  241461.538461538,
    "Minute_10_Fluctuation":  0,
    "Hour":  241461.538461538,
    "Hour_Fluctuation":  0,
    "Day":  241461.538461538,
    "Day_Fluctuation":  0,
    "ThreeDay":  241461.538461538,
    "ThreeDay_Fluctuation":  0,
    "Week":  241461.538461538,
    "Week_Fluctuation":  0,
    "Duration":  "00:00:20.1483685",
    "Updated":  "\/Date(1577717831483)\/",
    "Failed":  0,
    "PowerDraw_Live":  74,
    "PowerDraw_Average":  74,
    "Diff_Live":  0,
    "Diff_Average":  0,
    "Ratio_Live":  0
}
