{
    "Live":  22291935.25,
    "Minute":  22291935.25,
    "Minute_Fluctuation":  0.073809173829139735,
    "Minute_5":  22291935.25,
    "Minute_5_Fluctuation":  0.073809173829139735,
    "Minute_10":  22291935.25,
    "Minute_10_Fluctuation":  0.073809173829139735,
    "Hour":  22291935.25,
    "Hour_Fluctuation":  0.073809173829139735,
    "Day":  22291935.25,
    "Day_Fluctuation":  0.073809173829139735,
    "ThreeDay":  22291935.25,
    "ThreeDay_Fluctuation":  0.073809173829139735,
    "Week":  22291935.25,
    "Week_Fluctuation":  0.073809173829139735,
    "Duration":  "00:00:39.6643409",
    "Updated":  "\/Date(1578284833154)\/",
    "Failed":  10,
    "PowerDraw_Live":  240,
    "PowerDraw_Average":  240,
    "Diff_Live":  33554944,
    "Diff_Average":  33554944,
    "Ratio_Live":  0
}
