{
    "Live":  8713333.33333334,
    "Minute":  8713333.33333334,
    "Minute_Fluctuation":  0,
    "Minute_5":  8713333.33333334,
    "Minute_5_Fluctuation":  0,
    "Minute_10":  8713333.33333334,
    "Minute_10_Fluctuation":  0,
    "Hour":  8713333.33333334,
    "Hour_Fluctuation":  0,
    "Day":  8713333.33333334,
    "Day_Fluctuation":  0,
    "ThreeDay":  8713333.33333334,
    "ThreeDay_Fluctuation":  0,
    "Week":  8713333.33333334,
    "Week_Fluctuation":  0,
    "Duration":  "00:00:21.0933611",
    "Updated":  "\/Date(1577713354854)\/",
    "Failed":  0,
    "PowerDraw_Live":  190,
    "PowerDraw_Average":  190,
    "Diff_Live":  0,
    "Diff_Average":  0,
    "Ratio_Live":  0
}
