{
    "Live":  23121466.6666667,
    "Minute":  23121466.6666667,
    "Minute_Fluctuation":  0,
    "Minute_5":  23121466.6666667,
    "Minute_5_Fluctuation":  0,
    "Minute_10":  23121466.6666667,
    "Minute_10_Fluctuation":  0,
    "Hour":  23121466.6666667,
    "Hour_Fluctuation":  0,
    "Day":  23121466.6666667,
    "Day_Fluctuation":  0,
    "ThreeDay":  23121466.6666667,
    "ThreeDay_Fluctuation":  0,
    "Week":  23121466.6666667,
    "Week_Fluctuation":  0,
    "Duration":  "00:00:33.5875110",
    "Updated":  "\/Date(1562880376995)\/",
    "Failed":  0,
    "PowerDraw_Live":  217,
    "Diff_Average":  76.9090909090909,
    "PowerDraw_Average":  217,
    "Diff_Live":  76.9090909090909
}
