{
    "Live":  6.21142857142857,
    "Minute":  6.69189021835025,
    "Minute_Fluctuation":  0.040693580172930371,
    "Minute_5":  6.84362527507066,
    "Minute_5_Fluctuation":  0.016752666685831426,
    "Minute_10":  6.8570258834647,
    "Minute_10_Fluctuation":  0.013703340040689089,
    "Hour":  6.87930795190148,
    "Hour_Fluctuation":  0.014672793204673538,
    "Day":  6.87962857607805,
    "Day_Fluctuation":  0.016273540045403174,
    "ThreeDay":  6.87962857607805,
    "ThreeDay_Fluctuation":  0.016273540045403167,
    "Week":  6.87962857607805,
    "Week_Fluctuation":  0.01627354004540317,
    "Duration":  "02:12:00.2595335",
    "Updated":  "\/Date(1581349772218)\/",
    "Failed":  0,
    "PowerDraw_Live":  239,
    "PowerDraw_Average":  237.11717907644115,
    "Diff_Live":  0,
    "Diff_Average":  0,
    "Ratio_Live":  0
}
