{
    "Live":  123324864.454545,
    "Minute":  123324864.454545,
    "Minute_Fluctuation":  0,
    "Minute_5":  123324864.454545,
    "Minute_5_Fluctuation":  0,
    "Minute_10":  123324864.454545,
    "Minute_10_Fluctuation":  0,
    "Hour":  123324864.454545,
    "Hour_Fluctuation":  0,
    "Day":  123324864.454545,
    "Day_Fluctuation":  0,
    "ThreeDay":  123324864.454545,
    "ThreeDay_Fluctuation":  0,
    "Week":  123324864.454545,
    "Week_Fluctuation":  0,
    "Duration":  "00:00:20.3555725",
    "Updated":  "\/Date(1577716830390)\/",
    "Failed":  0,
    "PowerDraw_Live":  238,
    "PowerDraw_Average":  238,
    "Diff_Live":  2748821013,
    "Diff_Average":  2748821013,
    "Ratio_Live":  0
}
