{
    "Live":  940.961538461539,
    "Minute":  940.961538461539,
    "Minute_Fluctuation":  0,
    "Minute_5":  940.961538461539,
    "Minute_5_Fluctuation":  0,
    "Minute_10":  940.961538461539,
    "Minute_10_Fluctuation":  0,
    "Hour":  940.961538461539,
    "Hour_Fluctuation":  0,
    "Day":  940.961538461539,
    "Day_Fluctuation":  0,
    "ThreeDay":  940.961538461539,
    "ThreeDay_Fluctuation":  0,
    "Week":  940.961538461539,
    "Week_Fluctuation":  0,
    "Duration":  "00:00:20.4848532",
    "Updated":  "\/Date(1577710710247)\/",
    "Failed":  0,
    "PowerDraw_Live":  18,
    "PowerDraw_Average":  18,
    "Diff_Live":  0,
    "Diff_Average":  0,
    "Ratio_Live":  1
}
