{
    "Live":  148777.777777778,
    "Minute":  150948.722967396,
    "Minute_Fluctuation":  0.015701606455183415,
    "Minute_5":  153189.487986321,
    "Minute_5_Fluctuation":  0.011742092289484961,
    "Minute_10":  153474.495230744,
    "Minute_10_Fluctuation":  0.010963447848726158,
    "Hour":  153474.495230744,
    "Hour_Fluctuation":  0.010963447848726158,
    "Day":  153474.495230744,
    "Day_Fluctuation":  0.010963447848726158,
    "ThreeDay":  153474.495230744,
    "ThreeDay_Fluctuation":  0.010963447848726158,
    "Week":  153474.495230744,
    "Week_Fluctuation":  0.010963447848726158,
    "Duration":  "00:08:12.4586412",
    "Updated":  "\/Date(1581787242048)\/",
    "Failed":  37,
    "PowerDraw_Live":  243,
    "PowerDraw_Average":  296.45719199995608,
    "Diff_Live":  1000225.2668840198,
    "Diff_Average":  19498603.6385873,
    "Ratio_Live":  0
}
