{
    "Live":  3161.57894736842,
    "Minute":  3161.86505307833,
    "Minute_Fluctuation":  0.00034097739238566661,
    "Minute_5":  3155.69321471672,
    "Minute_5_Fluctuation":  0.0022987665830318748,
    "Minute_10":  3152.64925750398,
    "Minute_10_Fluctuation":  0.0025651401597549944,
    "Hour":  3150.09061609199,
    "Hour_Fluctuation":  0.0027355154200371873,
    "Day":  3145.45974571826,
    "Day_Fluctuation":  0.0028598779948877748,
    "ThreeDay":  3145.45974571826,
    "ThreeDay_Fluctuation":  0.0028598779948877748,
    "Week":  3145.45974571826,
    "Week_Fluctuation":  0.0028598779948877748,
    "Duration":  "16:44:59.5720912",
    "Updated":  "\/Date(1581712474349)\/",
    "Failed":  0,
    "PowerDraw_Live":  239,
    "PowerDraw_Average":  238.86672010640024,
    "Diff_Live":  0,
    "Diff_Average":  0,
    "Ratio_Live":  0
}
