{
    "Live":  514.176923076923,
    "Minute":  502.918766082621,
    "Minute_Fluctuation":  0.063030694099327267,
    "Minute_5":  482.40226647523,
    "Minute_5_Fluctuation":  0.084186487017907652,
    "Minute_10":  481.248458736719,
    "Minute_10_Fluctuation":  0.079474536763779066,
    "Hour":  489.222329601617,
    "Hour_Fluctuation":  0.059889160348079187,
    "Day":  489.222329601617,
    "Day_Fluctuation":  0.059889160348079194,
    "ThreeDay":  489.222329601617,
    "ThreeDay_Fluctuation":  0.059889160348079194,
    "Week":  489.222329601617,
    "Week_Fluctuation":  0.059889160348079194,
    "Duration":  "00:48:15.9791158",
    "Updated":  "\/Date(1579344931078)\/",
    "Failed":  3,
    "PowerDraw_Live":  74,
    "PowerDraw_Average":  71.154021202269476,
    "Diff_Live":  273667.94576476223,
    "Diff_Average":  169027.56964594091,
    "Ratio_Live":  0
}
