{
    "Live":  15.3,
    "Minute":  15.1409969029658,
    "Minute_Fluctuation":  0.02395752204715711,
    "Minute_5":  14.8380787816268,
    "Minute_5_Fluctuation":  0.034617182282470016,
    "Minute_10":  14.8380787816268,
    "Minute_10_Fluctuation":  0.034617182282470016,
    "Hour":  14.8380787816268,
    "Hour_Fluctuation":  0.034617182282470016,
    "Day":  14.8380787816268,
    "Day_Fluctuation":  0.034617182282470016,
    "ThreeDay":  14.8380787816268,
    "ThreeDay_Fluctuation":  0.034617182282470016,
    "Week":  14.8380787816268,
    "Week_Fluctuation":  0.034617182282470016,
    "Duration":  "00:03:44.2523662",
    "Updated":  "\/Date(1580772114733)\/",
    "Failed":  0,
    "PowerDraw_Live":  89,
    "PowerDraw_Average":  84.125892603579331,
    "Diff_Live":  0,
    "Diff_Average":  0,
    "Ratio_Live":  0
}
