{
    "Live":  7314493.28571428,
    "Minute":  7314493.28571428,
    "Minute_Fluctuation":  0,
    "Minute_5":  7314493.28571428,
    "Minute_5_Fluctuation":  0,
    "Minute_10":  7314493.28571428,
    "Minute_10_Fluctuation":  0,
    "Hour":  7314493.28571428,
    "Hour_Fluctuation":  0,
    "Day":  7314493.28571428,
    "Day_Fluctuation":  0,
    "ThreeDay":  7314493.28571428,
    "ThreeDay_Fluctuation":  0,
    "Week":  7314493.28571428,
    "Week_Fluctuation":  0,
    "Duration":  "00:00:20.3781191",
    "Updated":  "\/Date(1577711878632)\/",
    "Failed":  0,
    "PowerDraw_Live":  122,
    "PowerDraw_Average":  122,
    "Diff_Live":  50332416,
    "Diff_Average":  50332416,
    "Ratio_Live":  0
}
