{
    "Live":  686153.846153846,
    "Minute":  686153.846153846,
    "Minute_Fluctuation":  0,
    "Minute_5":  686153.846153846,
    "Minute_5_Fluctuation":  0,
    "Minute_10":  686153.846153846,
    "Minute_10_Fluctuation":  0,
    "Hour":  686153.846153846,
    "Hour_Fluctuation":  0,
    "Day":  686153.846153846,
    "Day_Fluctuation":  0,
    "ThreeDay":  686153.846153846,
    "ThreeDay_Fluctuation":  0,
    "Week":  686153.846153846,
    "Week_Fluctuation":  0,
    "Duration":  "00:00:20.1273686",
    "Updated":  "\/Date(1577706897479)\/",
    "Failed":  0,
    "PowerDraw_Live":  60,
    "PowerDraw_Average":  60,
    "Diff_Live":  0,
    "Diff_Average":  0,
    "Ratio_Live":  0
}
