{
    "Live":  3410018.57142857,
    "Minute":  3410018.57142857,
    "Minute_Fluctuation":  0,
    "Minute_5":  3410018.57142857,
    "Minute_5_Fluctuation":  0,
    "Minute_10":  3410018.57142857,
    "Minute_10_Fluctuation":  0,
    "Hour":  3410018.57142857,
    "Hour_Fluctuation":  0,
    "Day":  3410018.57142857,
    "Day_Fluctuation":  0,
    "ThreeDay":  3410018.57142857,
    "ThreeDay_Fluctuation":  0,
    "Week":  3410018.57142857,
    "Week_Fluctuation":  0,
    "Duration":  "00:00:20.2368294",
    "Updated":  "\/Date(1577695919545)\/",
    "Failed":  0,
    "PowerDraw_Live":  133,
    "PowerDraw_Average":  133,
    "Diff_Live":  83887360,
    "Diff_Average":  83887360,
    "Ratio_Live":  0
}
