{
    "Live":  181.258888888889,
    "Minute":  181.258888888889,
    "Minute_Fluctuation":  0,
    "Minute_5":  181.258888888889,
    "Minute_5_Fluctuation":  0,
    "Minute_10":  181.258888888889,
    "Minute_10_Fluctuation":  0,
    "Hour":  181.258888888889,
    "Hour_Fluctuation":  0,
    "Day":  181.258888888889,
    "Day_Fluctuation":  0,
    "ThreeDay":  181.258888888889,
    "ThreeDay_Fluctuation":  0,
    "Week":  181.258888888889,
    "Week_Fluctuation":  0,
    "Duration":  "00:00:20.2023802",
    "Updated":  "\/Date(1579423907348)\/",
    "Failed":  0,
    "PowerDraw_Live":  108,
    "PowerDraw_Average":  108,
    "Diff_Live":  0,
    "Diff_Average":  0,
    "Ratio_Live":  0
}
