{
    "Live":  28035561.1470953,
    "Minute":  28035561.1470953,
    "Minute_Fluctuation":  0,
    "Minute_5":  28035561.1470953,
    "Minute_5_Fluctuation":  0,
    "Minute_10":  28035561.1470953,
    "Minute_10_Fluctuation":  0,
    "Hour":  28035561.1470953,
    "Hour_Fluctuation":  0,
    "Day":  28035561.1470953,
    "Day_Fluctuation":  0,
    "ThreeDay":  28035561.1470953,
    "ThreeDay_Fluctuation":  0,
    "Week":  28035561.1470953,
    "Week_Fluctuation":  0,
    "Duration":  "00:00:19.6344072",
    "Updated":  "\/Date(1578548402881)\/",
    "Failed":  0,
    "PowerDraw_Live":  129,
    "PowerDraw_Average":  129,
    "Diff_Live":  4000000000,
    "Diff_Average":  4000000000,
    "Ratio_Live":  0
}
