{
    "Live":  3486.66666666667,
    "Minute":  3486.66666666667,
    "Minute_Fluctuation":  0,
    "Minute_5":  3486.66666666667,
    "Minute_5_Fluctuation":  0,
    "Minute_10":  3486.66666666667,
    "Minute_10_Fluctuation":  0,
    "Hour":  3486.66666666667,
    "Hour_Fluctuation":  0,
    "Day":  3486.66666666667,
    "Day_Fluctuation":  0,
    "ThreeDay":  3486.66666666667,
    "ThreeDay_Fluctuation":  0,
    "Week":  3486.66666666667,
    "Week_Fluctuation":  0,
    "Duration":  "00:00:20.3585639",
    "Updated":  "\/Date(1577713488665)\/",
    "Failed":  0,
    "PowerDraw_Live":  239,
    "PowerDraw_Average":  239,
    "Diff_Live":  0,
    "Diff_Average":  0,
    "Ratio_Live":  0
}
