{
    "Live":  921050989.666666,
    "Minute":  921050989.666666,
    "Minute_Fluctuation":  0,
    "Minute_5":  921050989.666666,
    "Minute_5_Fluctuation":  0,
    "Minute_10":  921050989.666666,
    "Minute_10_Fluctuation":  0,
    "Hour":  921050989.666666,
    "Hour_Fluctuation":  0,
    "Day":  921050989.666666,
    "Day_Fluctuation":  0,
    "ThreeDay":  921050989.666666,
    "ThreeDay_Fluctuation":  0,
    "Week":  921050989.666666,
    "Week_Fluctuation":  0,
    "Duration":  "00:00:20.6633570",
    "Updated":  "\/Date(1579674412560)\/",
    "Failed":  0,
    "PowerDraw_Live":  237,
    "PowerDraw_Average":  237,
    "Diff_Live":  0,
    "Diff_Average":  0,
    "Ratio_Live":  0
}
