{
    "Live":  38140855.6037951,
    "Minute":  38140855.6037951,
    "Minute_Fluctuation":  0,
    "Minute_5":  38140855.6037951,
    "Minute_5_Fluctuation":  0,
    "Minute_10":  38140855.6037951,
    "Minute_10_Fluctuation":  0,
    "Hour":  38140855.6037951,
    "Hour_Fluctuation":  0,
    "Day":  38140855.6037951,
    "Day_Fluctuation":  0,
    "ThreeDay":  38140855.6037951,
    "ThreeDay_Fluctuation":  0,
    "Week":  38140855.6037951,
    "Week_Fluctuation":  0,
    "Duration":  "00:00:19.6344072",
    "Updated":  "\/Date(1578548402760)\/",
    "Failed":  0,
    "PowerDraw_Live":  239,
    "PowerDraw_Average":  239,
    "Diff_Live":  4000000000,
    "Diff_Average":  4000000000,
    "Ratio_Live":  0
}
