{
    "Live":  27939941.2958377,
    "Minute":  27939941.2958377,
    "Minute_Fluctuation":  0,
    "Minute_5":  27939941.2958377,
    "Minute_5_Fluctuation":  0,
    "Minute_10":  27939941.2958377,
    "Minute_10_Fluctuation":  0,
    "Hour":  27939941.2958377,
    "Hour_Fluctuation":  0,
    "Day":  27939941.2958377,
    "Day_Fluctuation":  0,
    "ThreeDay":  27939941.2958377,
    "ThreeDay_Fluctuation":  0,
    "Week":  27939941.2958377,
    "Week_Fluctuation":  0,
    "Duration":  "00:00:20.5903640",
    "Updated":  "\/Date(1578548749918)\/",
    "Failed":  0,
    "PowerDraw_Live":  127,
    "PowerDraw_Average":  127,
    "Diff_Live":  4000000000,
    "Diff_Average":  4000000000,
    "Ratio_Live":  0
}
