{
    "Live":  10573333.3333333,
    "Minute":  10573333.3333333,
    "Minute_Fluctuation":  0,
    "Minute_5":  10573333.3333333,
    "Minute_5_Fluctuation":  0,
    "Minute_10":  10573333.3333333,
    "Minute_10_Fluctuation":  0,
    "Hour":  10573333.3333333,
    "Hour_Fluctuation":  0,
    "Day":  10573333.3333333,
    "Day_Fluctuation":  0,
    "ThreeDay":  10573333.3333333,
    "ThreeDay_Fluctuation":  0,
    "Week":  10573333.3333333,
    "Week_Fluctuation":  0,
    "Duration":  "00:00:20.2893010",
    "Updated":  "\/Date(1577697570195)\/",
    "Failed":  0,
    "PowerDraw_Live":  132,
    "PowerDraw_Average":  132,
    "Diff_Live":  57,
    "Diff_Average":  57,
    "Ratio_Live":  0
}
