{
    "Live":  815.384615384615,
    "Minute":  815.384615384615,
    "Minute_Fluctuation":  0,
    "Minute_5":  815.384615384615,
    "Minute_5_Fluctuation":  0,
    "Minute_10":  815.384615384615,
    "Minute_10_Fluctuation":  0,
    "Hour":  815.384615384615,
    "Hour_Fluctuation":  0,
    "Day":  815.384615384615,
    "Day_Fluctuation":  0,
    "ThreeDay":  815.384615384615,
    "ThreeDay_Fluctuation":  0,
    "Week":  815.384615384615,
    "Week_Fluctuation":  0,
    "Duration":  "00:00:20.6186937",
    "Updated":  "\/Date(1577697046584)\/",
    "Failed":  0,
    "PowerDraw_Live":  93,
    "PowerDraw_Average":  93,
    "Diff_Live":  0,
    "Diff_Average":  0,
    "Ratio_Live":  0
}
