{
    "Live":  959.60625,
    "Minute":  959.60625,
    "Minute_Fluctuation":  0,
    "Minute_5":  959.60625,
    "Minute_5_Fluctuation":  0,
    "Minute_10":  959.60625,
    "Minute_10_Fluctuation":  0,
    "Hour":  959.60625,
    "Hour_Fluctuation":  0,
    "Day":  959.60625,
    "Day_Fluctuation":  0,
    "ThreeDay":  959.60625,
    "ThreeDay_Fluctuation":  0,
    "Week":  959.60625,
    "Week_Fluctuation":  0,
    "Duration":  "00:00:36.8891125",
    "Updated":  "\/Date(1562873616056)\/",
    "Failed":  0,
    "PowerDraw_Live":  160,
    "Diff_Average":  40000,
    "PowerDraw_Average":  160,
    "Diff_Live":  40000
}
