{
    "Live":  8540703.66666666,
    "Minute":  8540703.66666666,
    "Minute_Fluctuation":  0,
    "Minute_5":  8540703.66666666,
    "Minute_5_Fluctuation":  0,
    "Minute_10":  8540703.66666666,
    "Minute_10_Fluctuation":  0,
    "Hour":  8540703.66666666,
    "Hour_Fluctuation":  0,
    "Day":  8540703.66666666,
    "Day_Fluctuation":  0,
    "ThreeDay":  8540703.66666666,
    "ThreeDay_Fluctuation":  0,
    "Week":  8540703.66666666,
    "Week_Fluctuation":  0,
    "Duration":  "00:00:19.7462388",
    "Updated":  "\/Date(1567347410257)\/",
    "Failed":  0,
    "PowerDraw_Live":  106,
    "Diff_Average":  1073758208,
    "PowerDraw_Average":  106,
    "Diff_Live":  1073758208
}
