{
    "Live":  10654468.6296296,
    "Minute":  10654468.6296296,
    "Minute_Fluctuation":  0,
    "Minute_5":  10654468.6296296,
    "Minute_5_Fluctuation":  0,
    "Minute_10":  10654468.6296296,
    "Minute_10_Fluctuation":  0,
    "Hour":  10654468.6296296,
    "Hour_Fluctuation":  0,
    "Day":  10654468.6296296,
    "Day_Fluctuation":  0,
    "ThreeDay":  10654468.6296296,
    "ThreeDay_Fluctuation":  0,
    "Week":  10654468.6296296,
    "Week_Fluctuation":  0,
    "Duration":  "00:00:20.7916803",
    "Updated":  "\/Date(1577683959752)\/",
    "Failed":  0,
    "PowerDraw_Live":  106,
    "PowerDraw_Average":  106,
    "Diff_Live":  33554944,
    "Diff_Average":  33554944,
    "Ratio_Live":  0
}
