{
    "Live":  1347.63333333333,
    "Minute":  1348.79889973009,
    "Minute_Fluctuation":  0.00072015921945877,
    "Minute_5":  1348.22616876216,
    "Minute_5_Fluctuation":  0.0024231918678302572,
    "Minute_10":  1348.98566998643,
    "Minute_10_Fluctuation":  0.002801517106063352,
    "Hour":  1352.55173550754,
    "Hour_Fluctuation":  0.0044530844465560356,
    "Day":  1351.23139321922,
    "Day_Fluctuation":  0.0094037400319370388,
    "ThreeDay":  1351.23139321922,
    "ThreeDay_Fluctuation":  0.0094037400319370388,
    "Week":  1351.23139321922,
    "Week_Fluctuation":  0.0094037400319370388,
    "Duration":  "11:13:36.1457854",
    "Updated":  "\/Date(1577411118857)\/",
    "Failed":  0,
    "PowerDraw_Live":  104,
    "PowerDraw_Average":  93.724933235875824,
    "Diff_Live":  37765,
    "Diff_Average":  46171.836589033563,
    "Ratio_Live":  0
}
