{
    "Live":  2978,
    "Minute":  2978.20779519248,
    "Minute_Fluctuation":  0.00025498087609443433,
    "Minute_5":  2980.34763574647,
    "Minute_5_Fluctuation":  0.001231639682412188,
    "Minute_10":  2982.0737726306,
    "Minute_10_Fluctuation":  0.0021148712898073395,
    "Hour":  2990.16313502513,
    "Hour_Fluctuation":  0.0041330033164195109,
    "Day":  2992.30521077411,
    "Day_Fluctuation":  0.00416440347705719,
    "ThreeDay":  2992.30521077411,
    "ThreeDay_Fluctuation":  0.00416440347705719,
    "Week":  2992.30521077411,
    "Week_Fluctuation":  0.00416440347705719,
    "Duration":  "02:49:30.8846436",
    "Updated":  "\/Date(1580668004870)\/",
    "Failed":  0,
    "PowerDraw_Live":  239,
    "PowerDraw_Average":  229.75014642021452,
    "Diff_Live":  0,
    "Diff_Average":  0,
    "Ratio_Live":  0
}
