{
    "Live":  3916,
    "Minute":  3915.7807928973,
    "Minute_Fluctuation":  0.00014981737980812137,
    "Minute_5":  3916.88081386943,
    "Minute_5_Fluctuation":  0.00038031373513526442,
    "Minute_10":  3917.45923480768,
    "Minute_10_Fluctuation":  0.0004585826600985847,
    "Hour":  3919.98380669976,
    "Hour_Fluctuation":  0.0009607922515690473,
    "Day":  3926.13353220888,
    "Day_Fluctuation":  0.0011113775683295531,
    "ThreeDay":  3926.13353220888,
    "ThreeDay_Fluctuation":  0.0011113775683295531,
    "Week":  3926.13353220888,
    "Week_Fluctuation":  0.0011113775683295531,
    "Duration":  "10:06:05.0238650",
    "Updated":  "\/Date(1580639703463)\/",
    "Failed":  0,
    "PowerDraw_Live":  318,
    "PowerDraw_Average":  314.72697509380185,
    "Diff_Live":  0,
    "Diff_Average":  0,
    "Ratio_Live":  0
}
