{
    "Live":  829.636363636364,
    "Minute":  829.636363636364,
    "Minute_Fluctuation":  0,
    "Minute_5":  829.636363636364,
    "Minute_5_Fluctuation":  0,
    "Minute_10":  829.636363636364,
    "Minute_10_Fluctuation":  0,
    "Hour":  829.636363636364,
    "Hour_Fluctuation":  0,
    "Day":  829.636363636364,
    "Day_Fluctuation":  0,
    "ThreeDay":  829.636363636364,
    "ThreeDay_Fluctuation":  0,
    "Week":  829.636363636364,
    "Week_Fluctuation":  0,
    "Duration":  "00:00:20.7340253",
    "Updated":  "\/Date(1577702851131)\/",
    "Failed":  0,
    "PowerDraw_Live":  100,
    "PowerDraw_Average":  100,
    "Diff_Live":  0,
    "Diff_Average":  0,
    "Ratio_Live":  0
}
