{
    "Live":  12.7611111111111,
    "Minute":  12.5766990321949,
    "Minute_Fluctuation":  0.019558002202470288,
    "Minute_5":  13.8543565954212,
    "Minute_5_Fluctuation":  0.14170288982767387,
    "Minute_10":  15.4718885363124,
    "Minute_10_Fluctuation":  0.14436158655338141,
    "Hour":  18.0270856409653,
    "Hour_Fluctuation":  0.058972022596588083,
    "Day":  18.3722259292012,
    "Day_Fluctuation":  0.049161418536802705,
    "ThreeDay":  18.3722259292012,
    "ThreeDay_Fluctuation":  0.049161418536802705,
    "Week":  18.3722259292012,
    "Week_Fluctuation":  0.049161418536802705,
    "Duration":  "10:01:39.7630495",
    "Updated":  "\/Date(1568891744279)\/",
    "Failed":  28,
    "PowerDraw_Live":  100,
    "Diff_Average":  0,
    "PowerDraw_Average":  106.275731148682,
    "Diff_Live":  0
}
