{
    "Live":  11058386.9,
    "Minute":  11014736.5239687,
    "Minute_Fluctuation":  0.020924699256585372,
    "Minute_5":  11265149.6524924,
    "Minute_5_Fluctuation":  0.025821926710569269,
    "Minute_10":  11294385.9628286,
    "Minute_10_Fluctuation":  0.0257424114002415,
    "Hour":  11243338.2494227,
    "Hour_Fluctuation":  0.023182194685356084,
    "Day":  11227770.4484403,
    "Day_Fluctuation":  0.021752837937569346,
    "ThreeDay":  11227770.4484403,
    "ThreeDay_Fluctuation":  0.021752837937569346,
    "Week":  11227770.4484403,
    "Week_Fluctuation":  0.021752837937569346,
    "Duration":  "02:39:18.3286965",
    "Updated":  "\/Date(1568990251719)\/",
    "Failed":  10,
    "PowerDraw_Live":  118,
    "Diff_Average":  258497187.319863,
    "PowerDraw_Average":  119.833938953288,
    "Diff_Live":  67109888
}
