{
    "Live":  18935363.6363636,
    "Minute":  18935363.6363636,
    "Minute_Fluctuation":  0,
    "Minute_5":  18935363.6363636,
    "Minute_5_Fluctuation":  0,
    "Minute_10":  18935363.6363636,
    "Minute_10_Fluctuation":  0,
    "Hour":  18935363.6363636,
    "Hour_Fluctuation":  0,
    "Day":  18935363.6363636,
    "Day_Fluctuation":  0,
    "ThreeDay":  18935363.6363636,
    "ThreeDay_Fluctuation":  0,
    "Week":  18935363.6363636,
    "Week_Fluctuation":  0,
    "Duration":  "00:00:20.1048445",
    "Updated":  "\/Date(1567757001929)\/",
    "Failed":  10,
    "PowerDraw_Live":  71,
    "Diff_Average":  0,
    "PowerDraw_Average":  71,
    "Diff_Live":  0
}
