{
    "Live":  3102,
    "Minute":  3102.89343555729,
    "Minute_Fluctuation":  0.000391400686704722,
    "Minute_5":  3100.7071789572,
    "Minute_5_Fluctuation":  0.0016231953139486776,
    "Minute_10":  3099.93821642637,
    "Minute_10_Fluctuation":  0.0015331688163852447,
    "Hour":  3100.51096350341,
    "Hour_Fluctuation":  0.00098591033817797065,
    "Day":  3102.1568501529,
    "Day_Fluctuation":  0.002208128723679554,
    "ThreeDay":  3102.1568501529,
    "ThreeDay_Fluctuation":  0.002208128723679554,
    "Week":  3102.1568501529,
    "Week_Fluctuation":  0.002208128723679554,
    "Duration":  "05:43:01.5424136",
    "Updated":  "\/Date(1580672709137)\/",
    "Failed":  0,
    "PowerDraw_Live":  239,
    "PowerDraw_Average":  237.60252431822437,
    "Diff_Live":  0,
    "Diff_Average":  0,
    "Ratio_Live":  0
}
