{
    "Live":  4007934,
    "Minute":  4005298.99016337,
    "Minute_Fluctuation":  0.018548133907367252,
    "Minute_5":  3995507.06209994,
    "Minute_5_Fluctuation":  0.037378400292142337,
    "Minute_10":  3994311.40582823,
    "Minute_10_Fluctuation":  0.038673320976813245,
    "Hour":  3995858.04870215,
    "Hour_Fluctuation":  0.038844125335444825,
    "Day":  3995858.04870215,
    "Day_Fluctuation":  0.038844125335444825,
    "ThreeDay":  3995858.04870215,
    "ThreeDay_Fluctuation":  0.038844125335444825,
    "Week":  3995858.04870215,
    "Week_Fluctuation":  0.038844125335444825,
    "Duration":  "00:19:18.7188233",
    "Updated":  "\/Date(1581045093261)\/",
    "Failed":  40,
    "PowerDraw_Live":  239,
    "PowerDraw_Average":  200.86048887790739,
    "Diff_Live":  384000000,
    "Diff_Average":  356562862.54342884,
    "Ratio_Live":  0
}
