{
    "Live":  10316816,
    "Minute":  10514226.2200101,
    "Minute_Fluctuation":  0.041580607957659138,
    "Minute_5":  10514226.2200101,
    "Minute_5_Fluctuation":  0.041580607957659138,
    "Minute_10":  10514226.2200101,
    "Minute_10_Fluctuation":  0.041580607957659138,
    "Hour":  10514226.2200101,
    "Hour_Fluctuation":  0.041580607957659138,
    "Day":  10514226.2200101,
    "Day_Fluctuation":  0.041580607957659138,
    "ThreeDay":  10514226.2200101,
    "ThreeDay_Fluctuation":  0.041580607957659138,
    "Week":  10514226.2200101,
    "Week_Fluctuation":  0.041580607957659138,
    "Duration":  "00:01:02.7751913",
    "Updated":  "\/Date(1567596944259)\/",
    "Failed":  0,
    "PowerDraw_Live":  118,
    "Diff_Average":  429503283,
    "PowerDraw_Average":  113.601349202053,
    "Diff_Live":  429503283
}
