{
    "Live":  7305.88545454545,
    "Minute":  7305.88545454545,
    "Minute_Fluctuation":  0,
    "Minute_5":  7305.88545454545,
    "Minute_5_Fluctuation":  0,
    "Minute_10":  7305.88545454545,
    "Minute_10_Fluctuation":  0,
    "Hour":  7305.88545454545,
    "Hour_Fluctuation":  0,
    "Day":  7305.88545454545,
    "Day_Fluctuation":  0,
    "ThreeDay":  7305.88545454545,
    "ThreeDay_Fluctuation":  0,
    "Week":  7305.88545454545,
    "Week_Fluctuation":  0,
    "Duration":  "00:00:19.9263904",
    "Updated":  "\/Date(1579164522103)\/",
    "Failed":  0,
    "PowerDraw_Live":  131,
    "PowerDraw_Average":  131,
    "Diff_Live":  157495.27272727274,
    "Diff_Average":  157495.27272727274,
    "Ratio_Live":  0
}
