{
    "Live":  27825913.4940441,
    "Minute":  27825913.4940441,
    "Minute_Fluctuation":  0,
    "Minute_5":  27825913.4940441,
    "Minute_5_Fluctuation":  0,
    "Minute_10":  27825913.4940441,
    "Minute_10_Fluctuation":  0,
    "Hour":  27825913.4940441,
    "Hour_Fluctuation":  0,
    "Day":  27825913.4940441,
    "Day_Fluctuation":  0,
    "ThreeDay":  27825913.4940441,
    "ThreeDay_Fluctuation":  0,
    "Week":  27825913.4940441,
    "Week_Fluctuation":  0,
    "Duration":  "00:00:20.5173678",
    "Updated":  "\/Date(1578545972936)\/",
    "Failed":  0,
    "PowerDraw_Live":  128,
    "PowerDraw_Average":  128,
    "Diff_Live":  4000000000,
    "Diff_Average":  4000000000,
    "Ratio_Live":  0
}
