{
    "Live":  46307.7777777778,
    "Minute":  46307.7777777778,
    "Minute_Fluctuation":  0,
    "Minute_5":  46307.7777777778,
    "Minute_5_Fluctuation":  0,
    "Minute_10":  46307.7777777778,
    "Minute_10_Fluctuation":  0,
    "Hour":  46307.7777777778,
    "Hour_Fluctuation":  0,
    "Day":  46307.7777777778,
    "Day_Fluctuation":  0,
    "ThreeDay":  46307.7777777778,
    "ThreeDay_Fluctuation":  0,
    "Week":  46307.7777777778,
    "Week_Fluctuation":  0,
    "Duration":  "00:00:20.4218410",
    "Updated":  "\/Date(1577695301327)\/",
    "Failed":  0,
    "PowerDraw_Live":  99,
    "PowerDraw_Average":  99,
    "Diff_Live":  0,
    "Diff_Average":  0,
    "Ratio_Live":  0
}
