{
    "Live":  38167522.4690878,
    "Minute":  38167522.4690878,
    "Minute_Fluctuation":  0,
    "Minute_5":  38167522.4690878,
    "Minute_5_Fluctuation":  0,
    "Minute_10":  38167522.4690878,
    "Minute_10_Fluctuation":  0,
    "Hour":  38167522.4690878,
    "Hour_Fluctuation":  0,
    "Day":  38167522.4690878,
    "Day_Fluctuation":  0,
    "ThreeDay":  38167522.4690878,
    "ThreeDay_Fluctuation":  0,
    "Week":  38167522.4690878,
    "Week_Fluctuation":  0,
    "Duration":  "00:00:20.5383655",
    "Updated":  "\/Date(1578548062489)\/",
    "Failed":  0,
    "PowerDraw_Live":  239,
    "PowerDraw_Average":  239,
    "Diff_Live":  4000000000,
    "Diff_Average":  4000000000,
    "Ratio_Live":  0
}
