{
    "Live":  3363254438.28571,
    "Minute":  3363254438.28571,
    "Minute_Fluctuation":  0,
    "Minute_5":  3363254438.28571,
    "Minute_5_Fluctuation":  0,
    "Minute_10":  3363254438.28571,
    "Minute_10_Fluctuation":  0,
    "Hour":  3363254438.28571,
    "Hour_Fluctuation":  0,
    "Day":  3363254438.28571,
    "Day_Fluctuation":  0,
    "ThreeDay":  3363254438.28571,
    "ThreeDay_Fluctuation":  0,
    "Week":  3363254438.28571,
    "Week_Fluctuation":  0,
    "Duration":  "00:00:20.2578654",
    "Updated":  "\/Date(1577711128074)\/",
    "Failed":  0,
    "PowerDraw_Live":  239,
    "PowerDraw_Average":  239,
    "Diff_Live":  655370,
    "Diff_Average":  655370,
    "Ratio_Live":  0
}
