{
    "Live":  15.7090909090909,
    "Minute":  15.7090909090909,
    "Minute_Fluctuation":  0,
    "Minute_5":  15.7090909090909,
    "Minute_5_Fluctuation":  0,
    "Minute_10":  15.7090909090909,
    "Minute_10_Fluctuation":  0,
    "Hour":  15.7090909090909,
    "Hour_Fluctuation":  0,
    "Day":  15.7090909090909,
    "Day_Fluctuation":  0,
    "ThreeDay":  15.7090909090909,
    "ThreeDay_Fluctuation":  0,
    "Week":  15.7090909090909,
    "Week_Fluctuation":  0,
    "Duration":  "00:00:20.9284252",
    "Updated":  "\/Date(1579672759910)\/",
    "Failed":  0,
    "PowerDraw_Live":  91,
    "PowerDraw_Average":  91,
    "Diff_Live":  0,
    "Diff_Average":  0,
    "Ratio_Live":  0
}
