{
    "Live":  25394278.0769231,
    "Minute":  25394278.0769231,
    "Minute_Fluctuation":  0,
    "Minute_5":  25394278.0769231,
    "Minute_5_Fluctuation":  0,
    "Minute_10":  25394278.0769231,
    "Minute_10_Fluctuation":  0,
    "Hour":  25394278.0769231,
    "Hour_Fluctuation":  0,
    "Day":  25394278.0769231,
    "Day_Fluctuation":  0,
    "ThreeDay":  25394278.0769231,
    "ThreeDay_Fluctuation":  0,
    "Week":  25394278.0769231,
    "Week_Fluctuation":  0,
    "Duration":  "00:00:25.5818105",
    "Updated":  "\/Date(1577684535002)\/",
    "Failed":  0,
    "PowerDraw_Live":  239,
    "PowerDraw_Average":  239,
    "Diff_Live":  117442304,
    "Diff_Average":  117442304,
    "Ratio_Live":  0
}
