{
    "Live":  22917333.3333333,
    "Minute":  22917333.3333333,
    "Minute_Fluctuation":  0,
    "Minute_5":  22917333.3333333,
    "Minute_5_Fluctuation":  0,
    "Minute_10":  22917333.3333333,
    "Minute_10_Fluctuation":  0,
    "Hour":  22917333.3333333,
    "Hour_Fluctuation":  0,
    "Day":  22917333.3333333,
    "Day_Fluctuation":  0,
    "ThreeDay":  22917333.3333333,
    "ThreeDay_Fluctuation":  0,
    "Week":  22917333.3333333,
    "Week_Fluctuation":  0,
    "Duration":  "00:00:20.2755459",
    "Updated":  "\/Date(1577698522132)\/",
    "Failed":  0,
    "PowerDraw_Live":  134,
    "PowerDraw_Average":  134,
    "Diff_Live":  0,
    "Diff_Average":  0,
    "Ratio_Live":  0
}
