{
    "Live":  29.6461538461539,
    "Minute":  30.842597305163,
    "Minute_Fluctuation":  0.028425663570973137,
    "Minute_5":  31.2045576321254,
    "Minute_5_Fluctuation":  0.021228660033703484,
    "Minute_10":  31.2045576321254,
    "Minute_10_Fluctuation":  0.021228660033703484,
    "Hour":  31.2045576321254,
    "Hour_Fluctuation":  0.021228660033703484,
    "Day":  31.2045576321254,
    "Day_Fluctuation":  0.021228660033703481,
    "ThreeDay":  31.2045576321254,
    "ThreeDay_Fluctuation":  0.021228660033703484,
    "Week":  31.2045576321254,
    "Week_Fluctuation":  0.021228660033703481,
    "Duration":  "00:02:45.2171985",
    "Updated":  "\/Date(1579038340128)\/",
    "Failed":  1105,
    "PowerDraw_Live":  238,
    "PowerDraw_Average":  238.56349723433053,
    "Diff_Live":  0,
    "Diff_Average":  0,
    "Ratio_Live":  1
}
