{
    "Live":  26187153.8461538,
    "Minute":  26295635.7642912,
    "Minute_Fluctuation":  0.0088568549417188374,
    "Minute_5":  26084175.1104281,
    "Minute_5_Fluctuation":  0.010379791603731061,
    "Minute_10":  26007531.0130653,
    "Minute_10_Fluctuation":  0.0098999814010006879,
    "Hour":  25940656.7383576,
    "Hour_Fluctuation":  0.0083348107113811274,
    "Day":  25950015.9941919,
    "Day_Fluctuation":  0.0081035902780962656,
    "ThreeDay":  25950015.9941919,
    "ThreeDay_Fluctuation":  0.0081035902780962656,
    "Week":  25950015.9941919,
    "Week_Fluctuation":  0.0081035902780962656,
    "Duration":  "03:13:02.9281172",
    "Updated":  "\/Date(1579676213307)\/",
    "Failed":  0,
    "PowerDraw_Live":  239,
    "PowerDraw_Average":  210.35019374986422,
    "Diff_Live":  0,
    "Diff_Average":  0,
    "Ratio_Live":  0
}
