{
    "Live":  11688888.8888889,
    "Minute":  11688888.8888889,
    "Minute_Fluctuation":  0,
    "Minute_5":  11688888.8888889,
    "Minute_5_Fluctuation":  0,
    "Minute_10":  11688888.8888889,
    "Minute_10_Fluctuation":  0,
    "Hour":  11688888.8888889,
    "Hour_Fluctuation":  0,
    "Day":  11688888.8888889,
    "Day_Fluctuation":  0,
    "ThreeDay":  11688888.8888889,
    "ThreeDay_Fluctuation":  0,
    "Week":  11688888.8888889,
    "Week_Fluctuation":  0,
    "Duration":  "00:00:24.6552380",
    "Updated":  "\/Date(1569217966857)\/",
    "Failed":  0,
    "PowerDraw_Live":  128,
    "Diff_Average":  50.6666666666667,
    "PowerDraw_Average":  128,
    "Diff_Live":  50.6666666666667
}
