{
    "Live":  64.6181818181818,
    "Minute":  64.6181818181818,
    "Minute_Fluctuation":  0,
    "Minute_5":  64.6181818181818,
    "Minute_5_Fluctuation":  0,
    "Minute_10":  64.6181818181818,
    "Minute_10_Fluctuation":  0,
    "Hour":  64.6181818181818,
    "Hour_Fluctuation":  0,
    "Day":  64.6181818181818,
    "Day_Fluctuation":  0,
    "ThreeDay":  64.6181818181818,
    "ThreeDay_Fluctuation":  0,
    "Week":  64.6181818181818,
    "Week_Fluctuation":  0,
    "Duration":  "00:00:20.7426191",
    "Updated":  "\/Date(1579671477287)\/",
    "Failed":  0,
    "PowerDraw_Live":  240,
    "PowerDraw_Average":  240,
    "Diff_Live":  0,
    "Diff_Average":  0,
    "Ratio_Live":  0
}
