{
    "Live":  1602.54127272727,
    "Minute":  1602.54127272727,
    "Minute_Fluctuation":  0,
    "Minute_5":  1602.54127272727,
    "Minute_5_Fluctuation":  0,
    "Minute_10":  1602.54127272727,
    "Minute_10_Fluctuation":  0,
    "Hour":  1602.54127272727,
    "Hour_Fluctuation":  0,
    "Day":  1602.54127272727,
    "Day_Fluctuation":  0,
    "ThreeDay":  1602.54127272727,
    "ThreeDay_Fluctuation":  0,
    "Week":  1602.54127272727,
    "Week_Fluctuation":  0,
    "Duration":  "00:00:19.8973793",
    "Updated":  "\/Date(1579171799620)\/",
    "Failed":  0,
    "PowerDraw_Live":  83,
    "PowerDraw_Average":  83,
    "Diff_Live":  0,
    "Diff_Average":  0,
    "Ratio_Live":  0
}
