{
    "Live":  305283680.674331,
    "Minute":  305283680.674331,
    "Minute_Fluctuation":  0,
    "Minute_5":  305283680.674331,
    "Minute_5_Fluctuation":  0,
    "Minute_10":  305283680.674331,
    "Minute_10_Fluctuation":  0,
    "Hour":  305283680.674331,
    "Hour_Fluctuation":  0,
    "Day":  305283680.674331,
    "Day_Fluctuation":  0,
    "ThreeDay":  305283680.674331,
    "ThreeDay_Fluctuation":  0,
    "Week":  305283680.674331,
    "Week_Fluctuation":  0,
    "Duration":  "00:00:20.5043670",
    "Updated":  "\/Date(1578549090663)\/",
    "Failed":  0,
    "PowerDraw_Live":  0,
    "PowerDraw_Average":  0,
    "Diff_Live":  40000000000,
    "Diff_Average":  40000000000,
    "Ratio_Live":  0
}
