{
    "Live":  998,
    "Minute":  997.951858445388,
    "Minute_Fluctuation":  0.00025718800292097785,
    "Minute_5":  996.726628274511,
    "Minute_5_Fluctuation":  0.00132988426636893,
    "Minute_10":  996.737436541791,
    "Minute_10_Fluctuation":  0.0016414058130864843,
    "Hour":  997.640140882016,
    "Hour_Fluctuation":  0.0022369027853410008,
    "Day":  998.153796047819,
    "Day_Fluctuation":  0.002128299822119783,
    "ThreeDay":  998.153796047819,
    "ThreeDay_Fluctuation":  0.002128299822119783,
    "Week":  998.153796047819,
    "Week_Fluctuation":  0.002128299822119783,
    "Duration":  "16:31:42.9165337",
    "Updated":  "\/Date(1581712474434)\/",
    "Failed":  0,
    "PowerDraw_Live":  85,
    "PowerDraw_Average":  84.721922807424789,
    "Diff_Live":  0,
    "Diff_Average":  0,
    "Ratio_Live":  0
}
