{
    "Live":  15454691.2857143,
    "Minute":  15454691.2857143,
    "Minute_Fluctuation":  0,
    "Minute_5":  15454691.2857143,
    "Minute_5_Fluctuation":  0,
    "Minute_10":  15454691.2857143,
    "Minute_10_Fluctuation":  0,
    "Hour":  15454691.2857143,
    "Hour_Fluctuation":  0,
    "Day":  15454691.2857143,
    "Day_Fluctuation":  0,
    "ThreeDay":  15454691.2857143,
    "ThreeDay_Fluctuation":  0,
    "Week":  15454691.2857143,
    "Week_Fluctuation":  0,
    "Duration":  "00:00:20.2739357",
    "Updated":  "\/Date(1577704032760)\/",
    "Failed":  0,
    "PowerDraw_Live":  173,
    "PowerDraw_Average":  173,
    "Diff_Live":  85900656,
    "Diff_Average":  85900656,
    "Ratio_Live":  0
}
