{
    "Live":  1192,
    "Minute":  1191.21408928801,
    "Minute_Fluctuation":  0.00097323286088753453,
    "Minute_5":  1191.15137675568,
    "Minute_5_Fluctuation":  0.0010771254565676855,
    "Minute_10":  1190.5894154291,
    "Minute_10_Fluctuation":  0.0018369802905561635,
    "Hour":  1190.34057750525,
    "Hour_Fluctuation":  0.0024231218255296593,
    "Day":  1190.68299157667,
    "Day_Fluctuation":  0.0028310475096166403,
    "ThreeDay":  1190.68299157667,
    "ThreeDay_Fluctuation":  0.0028310475096166403,
    "Week":  1190.68299157667,
    "Week_Fluctuation":  0.0028310475096166403,
    "Duration":  "03:07:28.3487642",
    "Updated":  "\/Date(1569421382027)\/",
    "Failed":  0,
    "PowerDraw_Live":  96,
    "Diff_Average":  0,
    "PowerDraw_Average":  96.7489042957297,
    "Diff_Live":  0
}
