{
    "Live":  4178.14285714286,
    "Minute":  4178.14285714286,
    "Minute_Fluctuation":  0,
    "Minute_5":  4178.14285714286,
    "Minute_5_Fluctuation":  0,
    "Minute_10":  4178.14285714286,
    "Minute_10_Fluctuation":  0,
    "Hour":  4178.14285714286,
    "Hour_Fluctuation":  0,
    "Day":  4178.14285714286,
    "Day_Fluctuation":  0,
    "ThreeDay":  4178.14285714286,
    "ThreeDay_Fluctuation":  0,
    "Week":  4178.14285714286,
    "Week_Fluctuation":  0,
    "Duration":  "00:00:30.7015114",
    "Updated":  "\/Date(1564169481917)\/",
    "Failed":  0,
    "PowerDraw_Live":  240,
    "Diff_Average":  0,
    "PowerDraw_Average":  240,
    "Diff_Live":  0
}
