{
    "Live":  23238677.9230769,
    "Minute":  24906648.7700637,
    "Minute_Fluctuation":  0.0357347118615798,
    "Minute_5":  25627365.1414476,
    "Minute_5_Fluctuation":  0.0082133302460590512,
    "Minute_10":  25719569.7583064,
    "Minute_10_Fluctuation":  0.0047966833148214158,
    "Hour":  25792950.2621484,
    "Hour_Fluctuation":  0.0024298385033383624,
    "Day":  25792950.2621484,
    "Day_Fluctuation":  0.0024298385033383624,
    "ThreeDay":  25792950.2621484,
    "ThreeDay_Fluctuation":  0.0024298385033383624,
    "Week":  25792950.2621484,
    "Week_Fluctuation":  0.0024298385033383629,
    "Duration":  "00:48:46.5895494",
    "Updated":  "\/Date(1579097998452)\/",
    "Failed":  0,
    "PowerDraw_Live":  99,
    "PowerDraw_Average":  104.23541765228472,
    "Diff_Live":  429503283,
    "Diff_Average":  823663043.14068162,
    "Ratio_Live":  0
}
