{
    "Live":  1229.83333333333,
    "Minute":  1229.24530425116,
    "Minute_Fluctuation":  0.0011205818396409926,
    "Minute_5":  1228.54740001327,
    "Minute_5_Fluctuation":  0.0011319874176478411,
    "Minute_10":  1228.54036787365,
    "Minute_10_Fluctuation":  0.0011318855832913922,
    "Hour":  1228.54036787365,
    "Hour_Fluctuation":  0.0011318855832913918,
    "Day":  1228.54036787365,
    "Day_Fluctuation":  0.0011318855832913918,
    "ThreeDay":  1228.54036787365,
    "ThreeDay_Fluctuation":  0.0011318855832913918,
    "Week":  1228.54036787365,
    "Week_Fluctuation":  0.0011318855832913918,
    "Duration":  "00:05:44.5737480",
    "Updated":  "\/Date(1569442432325)\/",
    "Failed":  0,
    "PowerDraw_Live":  97,
    "Diff_Average":  0,
    "PowerDraw_Average":  96.2889244721604,
    "Diff_Live":  0
}
