{
    "Live":  38155208.5314994,
    "Minute":  38155208.5314994,
    "Minute_Fluctuation":  0,
    "Minute_5":  38155208.5314994,
    "Minute_5_Fluctuation":  0,
    "Minute_10":  38155208.5314994,
    "Minute_10_Fluctuation":  0,
    "Hour":  38155208.5314994,
    "Hour_Fluctuation":  0,
    "Day":  38155208.5314994,
    "Day_Fluctuation":  0,
    "ThreeDay":  38155208.5314994,
    "ThreeDay_Fluctuation":  0,
    "Week":  38155208.5314994,
    "Week_Fluctuation":  0,
    "Duration":  "00:00:20.4543778",
    "Updated":  "\/Date(1578547373229)\/",
    "Failed":  0,
    "PowerDraw_Live":  239,
    "PowerDraw_Average":  239,
    "Diff_Live":  4000000000,
    "Diff_Average":  4000000000,
    "Ratio_Live":  0
}
