{
    "Live":  2790.81818181818,
    "Minute":  2790.81818181818,
    "Minute_Fluctuation":  0,
    "Minute_5":  2790.81818181818,
    "Minute_5_Fluctuation":  0,
    "Minute_10":  2790.81818181818,
    "Minute_10_Fluctuation":  0,
    "Hour":  2790.81818181818,
    "Hour_Fluctuation":  0,
    "Day":  2790.81818181818,
    "Day_Fluctuation":  0,
    "ThreeDay":  2790.81818181818,
    "ThreeDay_Fluctuation":  0,
    "Week":  2790.81818181818,
    "Week_Fluctuation":  0,
    "Duration":  "00:00:20.3586435",
    "Updated":  "\/Date(1577714477818)\/",
    "Failed":  0,
    "PowerDraw_Live":  239,
    "PowerDraw_Average":  239,
    "Diff_Live":  30000.12081165,
    "Diff_Average":  30000.12081165,
    "Ratio_Live":  0
}
