{
    "Live":  69599994.6153846,
    "Minute":  69705941.4473912,
    "Minute_Fluctuation":  0.0064431009443319479,
    "Minute_5":  69800152.108051,
    "Minute_5_Fluctuation":  0.0077857718048215552,
    "Minute_10":  69800152.108051,
    "Minute_10_Fluctuation":  0.0077857718048215552,
    "Hour":  69800152.108051,
    "Hour_Fluctuation":  0.0077857718048215552,
    "Day":  69800152.108051,
    "Day_Fluctuation":  0.0077857718048215552,
    "ThreeDay":  69800152.108051,
    "ThreeDay_Fluctuation":  0.0077857718048215552,
    "Week":  69800152.108051,
    "Week_Fluctuation":  0.0077857718048215552,
    "Duration":  "00:02:21.5343065",
    "Updated":  "\/Date(1580113465262)\/",
    "Failed":  0,
    "PowerDraw_Live":  239,
    "PowerDraw_Average":  229.36565213715377,
    "Diff_Live":  649275059,
    "Diff_Average":  649275059,
    "Ratio_Live":  0
}
