{
    "Live":  43.6230769230769,
    "Minute":  43.6251567740907,
    "Minute_Fluctuation":  0.015426743397030544,
    "Minute_5":  43.6251567740907,
    "Minute_5_Fluctuation":  0.015426743397030545,
    "Minute_10":  43.6251567740907,
    "Minute_10_Fluctuation":  0.015426743397030545,
    "Hour":  43.6251567740907,
    "Hour_Fluctuation":  0.015426743397030542,
    "Day":  43.6251567740907,
    "Day_Fluctuation":  0.015426743397030542,
    "ThreeDay":  43.6251567740907,
    "ThreeDay_Fluctuation":  0.015426743397030542,
    "Week":  43.6251567740907,
    "Week_Fluctuation":  0.01542674339703054,
    "Duration":  "00:00:41.0622664",
    "Updated":  "\/Date(1579037098404)\/",
    "Failed":  40,
    "PowerDraw_Live":  330,
    "PowerDraw_Average":  329.896859680946,
    "Diff_Live":  0,
    "Diff_Average":  0,
    "Ratio_Live":  1
}
