{
    "Live":  1069.50769230769,
    "Minute":  1071.15135899334,
    "Minute_Fluctuation":  0.0055413857787570183,
    "Minute_5":  1083.0851314781,
    "Minute_5_Fluctuation":  0.025529117424173544,
    "Minute_10":  1084.34725039604,
    "Minute_10_Fluctuation":  0.02554312481560584,
    "Hour":  1085.49557228643,
    "Hour_Fluctuation":  0.026502589296271296,
    "Day":  1085.49557228643,
    "Day_Fluctuation":  0.026502589296271292,
    "ThreeDay":  1085.49557228643,
    "ThreeDay_Fluctuation":  0.026502589296271296,
    "Week":  1085.49557228643,
    "Week_Fluctuation":  0.026502589296271296,
    "Duration":  "00:17:25.3020447",
    "Updated":  "\/Date(1576561550921)\/",
    "Failed":  0,
    "PowerDraw_Live":  83,
    "PowerDraw_Average":  86.4343005007291,
    "Diff_Live":  70329,
    "Diff_Average":  90044.064382503042,
    "Ratio_Live":  0
}
