{
    "Live":  1025510.14285714,
    "Minute":  1025510.14285714,
    "Minute_Fluctuation":  0,
    "Minute_5":  1025510.14285714,
    "Minute_5_Fluctuation":  0,
    "Minute_10":  1025510.14285714,
    "Minute_10_Fluctuation":  0,
    "Hour":  1025510.14285714,
    "Hour_Fluctuation":  0,
    "Day":  1025510.14285714,
    "Day_Fluctuation":  0,
    "ThreeDay":  1025510.14285714,
    "ThreeDay_Fluctuation":  0,
    "Week":  1025510.14285714,
    "Week_Fluctuation":  0,
    "Duration":  "00:00:20.2954246",
    "Updated":  "\/Date(1577698804510)\/",
    "Failed":  0,
    "PowerDraw_Live":  93,
    "PowerDraw_Average":  93,
    "Diff_Live":  34360262,
    "Diff_Average":  34360262,
    "Ratio_Live":  0
}
