{
    "Live":  759010743.571429,
    "Minute":  754549607.169074,
    "Minute_Fluctuation":  0.0058451217012215687,
    "Minute_5":  750274340.384685,
    "Minute_5_Fluctuation":  0.012171957669520077,
    "Minute_10":  749358715.83469,
    "Minute_10_Fluctuation":  0.013444866334359916,
    "Hour":  749358715.83469,
    "Hour_Fluctuation":  0.013444866334359913,
    "Day":  749358715.83469,
    "Day_Fluctuation":  0.013444866334359916,
    "ThreeDay":  749358715.83469,
    "ThreeDay_Fluctuation":  0.013444866334359916,
    "Week":  749358715.83469,
    "Week_Fluctuation":  0.013444866334359916,
    "Duration":  "00:09:06.7441114",
    "Updated":  "\/Date(1578426775585)\/",
    "Failed":  0,
    "PowerDraw_Live":  179,
    "PowerDraw_Average":  207.65433368999192,
    "Diff_Live":  131074,
    "Diff_Average":  131074,
    "Ratio_Live":  0
}
