{
    "Live":  787.333857142857,
    "Minute":  787.333857142857,
    "Minute_Fluctuation":  0,
    "Minute_5":  787.333857142857,
    "Minute_5_Fluctuation":  0,
    "Minute_10":  787.333857142857,
    "Minute_10_Fluctuation":  0,
    "Hour":  787.333857142857,
    "Hour_Fluctuation":  0,
    "Day":  787.333857142857,
    "Day_Fluctuation":  0,
    "ThreeDay":  787.333857142857,
    "ThreeDay_Fluctuation":  0,
    "Week":  787.333857142857,
    "Week_Fluctuation":  0,
    "Duration":  "00:00:20.7343527",
    "Updated":  "\/Date(1577706452521)\/",
    "Failed":  0,
    "PowerDraw_Live":  82,
    "PowerDraw_Average":  82,
    "Diff_Live":  0,
    "Diff_Average":  0,
    "Ratio_Live":  0
}
