{
    "Live":  7576,
    "Minute":  7576.19226428946,
    "Minute_Fluctuation":  4.8108648987988581E-05,
    "Minute_5":  7576.60161411371,
    "Minute_5_Fluctuation":  0.00012686060498185852,
    "Minute_10":  7576.88773167288,
    "Minute_10_Fluctuation":  0.0002064357383022713,
    "Hour":  7576.98507601301,
    "Hour_Fluctuation":  0.0002236672191142213,
    "Day":  7576.98507601301,
    "Day_Fluctuation":  0.0002236672191142213,
    "ThreeDay":  7576.98507601301,
    "ThreeDay_Fluctuation":  0.0002236672191142213,
    "Week":  7576.98507601301,
    "Week_Fluctuation":  0.0002236672191142213,
    "Duration":  "00:16:25.2611259",
    "Updated":  "\/Date(1578402686613)\/",
    "Failed":  0,
    "PowerDraw_Live":  238,
    "PowerDraw_Average":  238.76993620336833,
    "Diff_Live":  0,
    "Diff_Average":  0,
    "Ratio_Live":  0
}
