{
    "Live":  54000,
    "Minute":  54151.4758812698,
    "Minute_Fluctuation":  0.010771266802896293,
    "Minute_5":  54032.2096305778,
    "Minute_5_Fluctuation":  0.066318612773463723,
    "Minute_10":  54340.2748078698,
    "Minute_10_Fluctuation":  0.081546176801249454,
    "Hour":  54751.8104775676,
    "Hour_Fluctuation":  0.097732418732913245,
    "Day":  54770.4414577991,
    "Day_Fluctuation":  0.0984654871171705,
    "ThreeDay":  54770.4414577991,
    "ThreeDay_Fluctuation":  0.0984654871171705,
    "Week":  54770.4414577991,
    "Week_Fluctuation":  0.0984654871171705,
    "Duration":  "01:17:56.2442216",
    "Updated":  "\/Date(1579134789760)\/",
    "Failed":  416,
    "PowerDraw_Live":  51,
    "PowerDraw_Average":  54.822260586224637,
    "Diff_Live":  26.199999999999992,
    "Diff_Average":  8.6013186765643539,
    "Ratio_Live":  0.1053
}
