{
    "Live":  1071468467.36364,
    "Minute":  1073877107.82573,
    "Minute_Fluctuation":  0.0025702695232517536,
    "Minute_5":  1076161023.02041,
    "Minute_5_Fluctuation":  0.0035952430770825952,
    "Minute_10":  1076161023.02041,
    "Minute_10_Fluctuation":  0.0035952430770825952,
    "Hour":  1076161023.02041,
    "Hour_Fluctuation":  0.0035952430770825952,
    "Day":  1076161023.02041,
    "Day_Fluctuation":  0.0035952430770825952,
    "ThreeDay":  1076161023.02041,
    "ThreeDay_Fluctuation":  0.0035952430770825952,
    "Week":  1076161023.02041,
    "Week_Fluctuation":  0.0035952430770825952,
    "Duration":  "00:03:43.9689776",
    "Updated":  "\/Date(1578436298294)\/",
    "Failed":  0,
    "PowerDraw_Live":  358,
    "PowerDraw_Average":  326.19336126746015,
    "Diff_Live":  131074,
    "Diff_Average":  131074,
    "Ratio_Live":  0
}
