{
    "Live":  305834754.798966,
    "Minute":  305834754.798966,
    "Minute_Fluctuation":  0,
    "Minute_5":  305834754.798966,
    "Minute_5_Fluctuation":  0,
    "Minute_10":  305834754.798966,
    "Minute_10_Fluctuation":  0,
    "Hour":  305834754.798966,
    "Hour_Fluctuation":  0,
    "Day":  305834754.798966,
    "Day_Fluctuation":  0,
    "ThreeDay":  305834754.798966,
    "ThreeDay_Fluctuation":  0,
    "Week":  305834754.798966,
    "Week_Fluctuation":  0,
    "Duration":  "00:00:20.5173678",
    "Updated":  "\/Date(1578545972848)\/",
    "Failed":  0,
    "PowerDraw_Live":  0,
    "PowerDraw_Average":  0,
    "Diff_Live":  40000000000,
    "Diff_Average":  40000000000,
    "Ratio_Live":  0
}
