{
    "Live":  4630,
    "Minute":  4666.74653935516,
    "Minute_Fluctuation":  0.043588261684712137,
    "Minute_5":  4667.03560966685,
    "Minute_5_Fluctuation":  0.043838791734648642,
    "Minute_10":  4667.03560966685,
    "Minute_10_Fluctuation":  0.043838791734648642,
    "Hour":  4667.03560966685,
    "Hour_Fluctuation":  0.043838791734648636,
    "Day":  4667.03560966685,
    "Day_Fluctuation":  0.043838791734648622,
    "ThreeDay":  4667.03560966685,
    "ThreeDay_Fluctuation":  0.043838791734648629,
    "Week":  4667.03560966685,
    "Week_Fluctuation":  0.043838791734648636,
    "Duration":  "00:01:20.8826816",
    "Updated":  "\/Date(1578358571859)\/",
    "Failed":  57,
    "PowerDraw_Live":  258,
    "PowerDraw_Average":  252.06896979170642,
    "Diff_Live":  30000,
    "Diff_Average":  29511.020886073118,
    "Ratio_Live":  1
}
