{
    "Live":  5320.66666666667,
    "Minute":  5320.66666666667,
    "Minute_Fluctuation":  0,
    "Minute_5":  5320.66666666667,
    "Minute_5_Fluctuation":  0,
    "Minute_10":  5320.66666666667,
    "Minute_10_Fluctuation":  0,
    "Hour":  5320.66666666667,
    "Hour_Fluctuation":  0,
    "Day":  5320.66666666667,
    "Day_Fluctuation":  0,
    "ThreeDay":  5320.66666666667,
    "ThreeDay_Fluctuation":  0,
    "Week":  5320.66666666667,
    "Week_Fluctuation":  0,
    "Duration":  "00:00:20.9143316",
    "Updated":  "\/Date(1579174800951)\/",
    "Failed":  0,
    "PowerDraw_Live":  239,
    "PowerDraw_Average":  239,
    "Diff_Live":  120719.50895280998,
    "Diff_Average":  120719.50895280998,
    "Ratio_Live":  0
}
