{
    "Live":  11840833.3333333,
    "Minute":  12339366.4685466,
    "Minute_Fluctuation":  0.031066031107215147,
    "Minute_5":  13220847.3448085,
    "Minute_5_Fluctuation":  0.084004861622749949,
    "Minute_10":  13519587.7931894,
    "Minute_10_Fluctuation":  0.086282057871865728,
    "Hour":  13519587.7931894,
    "Hour_Fluctuation":  0.086282057871865742,
    "Day":  13519587.7931894,
    "Day_Fluctuation":  0.086282057871865742,
    "ThreeDay":  13519587.7931894,
    "ThreeDay_Fluctuation":  0.086282057871865728,
    "Week":  13519587.7931894,
    "Week_Fluctuation":  0.086282057871865728,
    "Duration":  "00:09:53.9289250",
    "Updated":  "\/Date(1580112280839)\/",
    "Failed":  19,
    "PowerDraw_Live":  40,
    "PowerDraw_Average":  117.2760117846472,
    "Diff_Live":  644.57295197999986,
    "Diff_Average":  332.25041197970484,
    "Ratio_Live":  0
}
