{
    "Live":  64551192.3076923,
    "Minute":  64668397.2503431,
    "Minute_Fluctuation":  0.0059207110827868455,
    "Minute_5":  64983270.0846453,
    "Minute_5_Fluctuation":  0.011045946112211635,
    "Minute_10":  65051297.885561,
    "Minute_10_Fluctuation":  0.012401346334296834,
    "Hour":  65062997.3915152,
    "Hour_Fluctuation":  0.012580991220429187,
    "Day":  65062997.3915152,
    "Day_Fluctuation":  0.012580991220429187,
    "ThreeDay":  65062997.3915152,
    "ThreeDay_Fluctuation":  0.012580991220429187,
    "Week":  65062997.3915152,
    "Week_Fluctuation":  0.012580991220429187,
    "Duration":  "00:13:40.2995960",
    "Updated":  "\/Date(1580112148719)\/",
    "Failed":  1,
    "PowerDraw_Live":  239,
    "PowerDraw_Average":  230.47671109214997,
    "Diff_Live":  0,
    "Diff_Average":  0,
    "Ratio_Live":  0
}
