{
    "Live":  14.4463636363636,
    "Minute":  14.4463636363636,
    "Minute_Fluctuation":  0,
    "Minute_5":  14.4463636363636,
    "Minute_5_Fluctuation":  0,
    "Minute_10":  14.4463636363636,
    "Minute_10_Fluctuation":  0,
    "Hour":  14.4463636363636,
    "Hour_Fluctuation":  0,
    "Day":  14.4463636363636,
    "Day_Fluctuation":  0,
    "ThreeDay":  14.4463636363636,
    "ThreeDay_Fluctuation":  0,
    "Week":  14.4463636363636,
    "Week_Fluctuation":  0,
    "Duration":  "00:00:20.6701930",
    "Updated":  "\/Date(1580311069334)\/",
    "Failed":  0,
    "PowerDraw_Live":  85,
    "PowerDraw_Average":  85,
    "Diff_Live":  0,
    "Diff_Average":  0,
    "Ratio_Live":  0.3333
}
