{
    "Live":  29.5833333333333,
    "Minute":  29.6038699680174,
    "Minute_Fluctuation":  0.049634993001046387,
    "Minute_5":  29.6038699680174,
    "Minute_5_Fluctuation":  0.049634993001046387,
    "Minute_10":  29.6038699680174,
    "Minute_10_Fluctuation":  0.049634993001046387,
    "Hour":  29.6038699680174,
    "Hour_Fluctuation":  0.049634993001046387,
    "Day":  29.6038699680174,
    "Day_Fluctuation":  0.049634993001046394,
    "ThreeDay":  29.6038699680174,
    "ThreeDay_Fluctuation":  0.049634993001046394,
    "Week":  29.6038699680174,
    "Week_Fluctuation":  0.049634993001046387,
    "Duration":  "00:00:42.0778873",
    "Updated":  "\/Date(1570510886898)\/",
    "Failed":  0,
    "PowerDraw_Live":  103,
    "Diff_Average":  0,
    "PowerDraw_Average":  103.052433960896,
    "Diff_Live":  0
}
