{
    "Live":  305802794.294365,
    "Minute":  305802794.294365,
    "Minute_Fluctuation":  0,
    "Minute_5":  305802794.294365,
    "Minute_5_Fluctuation":  0,
    "Minute_10":  305802794.294365,
    "Minute_10_Fluctuation":  0,
    "Hour":  305802794.294365,
    "Hour_Fluctuation":  0,
    "Day":  305802794.294365,
    "Day_Fluctuation":  0,
    "ThreeDay":  305802794.294365,
    "ThreeDay_Fluctuation":  0,
    "Week":  305802794.294365,
    "Week_Fluctuation":  0,
    "Duration":  "00:00:20.5053656",
    "Updated":  "\/Date(1578546325426)\/",
    "Failed":  0,
    "PowerDraw_Live":  0,
    "PowerDraw_Average":  0,
    "Diff_Live":  40000000000,
    "Diff_Average":  40000000000,
    "Ratio_Live":  0
}
