{
    "Live":  2157.44444444444,
    "Minute":  2155.13466916176,
    "Minute_Fluctuation":  0.0034114464652649527,
    "Minute_5":  2154.45681649983,
    "Minute_5_Fluctuation":  0.0039009655269834488,
    "Minute_10":  2154.45681649983,
    "Minute_10_Fluctuation":  0.0039009655269834488,
    "Hour":  2154.45681649983,
    "Hour_Fluctuation":  0.0039009655269834488,
    "Day":  2154.45681649983,
    "Day_Fluctuation":  0.0039009655269834484,
    "ThreeDay":  2154.45681649983,
    "ThreeDay_Fluctuation":  0.0039009655269834492,
    "Week":  2154.45681649983,
    "Week_Fluctuation":  0.0039009655269834484,
    "Duration":  "00:01:53.9275200",
    "Updated":  "\/Date(1569309237184)\/",
    "Failed":  0,
    "PowerDraw_Live":  88,
    "Diff_Average":  0,
    "PowerDraw_Average":  87.2491831144428,
    "Diff_Live":  0
}
