{
    "Live":  16040,
    "Minute":  16035.5635015802,
    "Minute_Fluctuation":  0.00046674321415921568,
    "Minute_5":  15985.7524003465,
    "Minute_5_Fluctuation":  0.0057095666415566291,
    "Minute_10":  15935.0204347741,
    "Minute_10_Fluctuation":  0.0091608540673311142,
    "Hour":  15877.0012482281,
    "Hour_Fluctuation":  0.012106454148561855,
    "Day":  15877.0012482281,
    "Day_Fluctuation":  0.012106454148561855,
    "ThreeDay":  15877.0012482281,
    "ThreeDay_Fluctuation":  0.012106454148561855,
    "Week":  15877.0012482281,
    "Week_Fluctuation":  0.012106454148561853,
    "Duration":  "00:34:28.6875241",
    "Updated":  "\/Date(1581786784437)\/",
    "Failed":  0,
    "PowerDraw_Live":  0,
    "PowerDraw_Average":  0,
    "Diff_Live":  25031139.915864442,
    "Diff_Average":  12593997.797058508,
    "Ratio_Live":  0
}
