{
    "Live":  2131.60869565217,
    "Minute":  2110.67823119785,
    "Minute_Fluctuation":  0.022715135049979011,
    "Minute_5":  2102.82137524667,
    "Minute_5_Fluctuation":  0.01943064941643935,
    "Minute_10":  2100.50729746068,
    "Minute_10_Fluctuation":  0.021554384084237689,
    "Hour":  2100.42917743963,
    "Hour_Fluctuation":  0.021573066686081332,
    "Day":  2100.42917743963,
    "Day_Fluctuation":  0.021573066686081332,
    "ThreeDay":  2100.42917743963,
    "ThreeDay_Fluctuation":  0.021573066686081332,
    "Week":  2100.42917743963,
    "Week_Fluctuation":  0.021573066686081332,
    "Duration":  "00:11:06.0790479",
    "Updated":  "\/Date(1560982571329)\/",
    "Failed":  116,
    "PowerDraw_Live":  240,
    "Diff_Average":  0,
    "PowerDraw_Average":  238.220897281283,
    "Diff_Live":  0
}
