{
    "Live":  817.076923076923,
    "Minute":  817.076923076923,
    "Minute_Fluctuation":  0,
    "Minute_5":  817.076923076923,
    "Minute_5_Fluctuation":  0,
    "Minute_10":  817.076923076923,
    "Minute_10_Fluctuation":  0,
    "Hour":  817.076923076923,
    "Hour_Fluctuation":  0,
    "Day":  817.076923076923,
    "Day_Fluctuation":  0,
    "ThreeDay":  817.076923076923,
    "ThreeDay_Fluctuation":  0,
    "Week":  817.076923076923,
    "Week_Fluctuation":  0,
    "Duration":  "00:00:20.5933084",
    "Updated":  "\/Date(1577711525267)\/",
    "Failed":  0,
    "PowerDraw_Live":  101,
    "PowerDraw_Average":  101,
    "Diff_Live":  0,
    "Diff_Average":  0,
    "Ratio_Live":  0
}
