{
    "Live":  114666.666666667,
    "Minute":  114666.666666667,
    "Minute_Fluctuation":  0,
    "Minute_5":  114666.666666667,
    "Minute_5_Fluctuation":  0,
    "Minute_10":  114666.666666667,
    "Minute_10_Fluctuation":  0,
    "Hour":  114666.666666667,
    "Hour_Fluctuation":  0,
    "Day":  114666.666666667,
    "Day_Fluctuation":  0,
    "ThreeDay":  114666.666666667,
    "ThreeDay_Fluctuation":  0,
    "Week":  114666.666666667,
    "Week_Fluctuation":  0,
    "Duration":  "00:00:33.4353707",
    "Updated":  "\/Date(1562879059520)\/",
    "Failed":  0,
    "PowerDraw_Live":  221,
    "Diff_Average":  0,
    "PowerDraw_Average":  221,
    "Diff_Live":  0
}
