{
    "Live":  229654283.265679,
    "Minute":  229654283.265679,
    "Minute_Fluctuation":  0,
    "Minute_5":  229654283.265679,
    "Minute_5_Fluctuation":  0,
    "Minute_10":  229654283.265679,
    "Minute_10_Fluctuation":  0,
    "Hour":  229654283.265679,
    "Hour_Fluctuation":  0,
    "Day":  229654283.265679,
    "Day_Fluctuation":  0,
    "ThreeDay":  229654283.265679,
    "ThreeDay_Fluctuation":  0,
    "Week":  229654283.265679,
    "Week_Fluctuation":  0,
    "Duration":  "00:00:20.4663676",
    "Updated":  "\/Date(1578547024251)\/",
    "Failed":  0,
    "PowerDraw_Live":  0,
    "PowerDraw_Average":  0,
    "Diff_Live":  40000000000,
    "Diff_Average":  40000000000,
    "Ratio_Live":  0
}
