{
    "Live":  9908657.70833334,
    "Minute":  9908657.70833334,
    "Minute_Fluctuation":  0,
    "Minute_5":  9908657.70833334,
    "Minute_5_Fluctuation":  0,
    "Minute_10":  9908657.70833334,
    "Minute_10_Fluctuation":  0,
    "Hour":  9908657.70833334,
    "Hour_Fluctuation":  0,
    "Day":  9908657.70833334,
    "Day_Fluctuation":  0,
    "ThreeDay":  9908657.70833334,
    "ThreeDay_Fluctuation":  0,
    "Week":  9908657.70833334,
    "Week_Fluctuation":  0,
    "Duration":  "00:00:20.6649832",
    "Updated":  "\/Date(1577685205364)\/",
    "Failed":  0,
    "PowerDraw_Live":  113,
    "PowerDraw_Average":  113,
    "Diff_Live":  419436800,
    "Diff_Average":  419436800,
    "Ratio_Live":  0
}
