{
    "Live":  13,
    "Minute":  13.0146511618333,
    "Minute_Fluctuation":  0.017232277070245518,
    "Minute_5":  12.9321165698771,
    "Minute_5_Fluctuation":  0.025266737074872796,
    "Minute_10":  12.9355602531314,
    "Minute_10_Fluctuation":  0.039377967337425247,
    "Hour":  15.3207163706839,
    "Hour_Fluctuation":  0.15700989916696204,
    "Day":  16.152986258136,
    "Day_Fluctuation":  0.14679041150067557,
    "ThreeDay":  16.152986258136,
    "ThreeDay_Fluctuation":  0.14679041150067557,
    "Week":  16.152986258136,
    "Week_Fluctuation":  0.14679041150067557,
    "Duration":  "02:23:04.1457458",
    "Updated":  "\/Date(1574381918201)\/",
    "Failed":  1,
    "PowerDraw_Live":  96,
    "PowerDraw_Average":  102.468466685522,
    "Diff_Live":  0,
    "Diff_Average":  0,
    "Ratio_Live":  0,
    "Ratio_Average":  0
}
