{
    "Live":  9960451.61290323,
    "Minute":  9960451.61290323,
    "Minute_Fluctuation":  0,
    "Minute_5":  9960451.61290323,
    "Minute_5_Fluctuation":  0,
    "Minute_10":  9960451.61290323,
    "Minute_10_Fluctuation":  0,
    "Hour":  9960451.61290323,
    "Hour_Fluctuation":  0,
    "Day":  9960451.61290323,
    "Day_Fluctuation":  0,
    "ThreeDay":  9960451.61290323,
    "ThreeDay_Fluctuation":  0,
    "Week":  9960451.61290323,
    "Week_Fluctuation":  0,
    "Duration":  "00:00:36.8109905",
    "Updated":  "\/Date(1562869075250)\/",
    "Failed":  0,
    "PowerDraw_Live":  236,
    "Diff_Average":  0,
    "PowerDraw_Average":  236,
    "Diff_Live":  0
}
