{
    "Live":  27747329.4364822,
    "Minute":  27747329.4364822,
    "Minute_Fluctuation":  0,
    "Minute_5":  27747329.4364822,
    "Minute_5_Fluctuation":  0,
    "Minute_10":  27747329.4364822,
    "Minute_10_Fluctuation":  0,
    "Hour":  27747329.4364822,
    "Hour_Fluctuation":  0,
    "Day":  27747329.4364822,
    "Day_Fluctuation":  0,
    "ThreeDay":  27747329.4364822,
    "ThreeDay_Fluctuation":  0,
    "Week":  27747329.4364822,
    "Week_Fluctuation":  0,
    "Duration":  "00:00:20.4663676",
    "Updated":  "\/Date(1578547024206)\/",
    "Failed":  0,
    "PowerDraw_Live":  131,
    "PowerDraw_Average":  131,
    "Diff_Live":  4000000000,
    "Diff_Average":  4000000000,
    "Ratio_Live":  0
}
