{
    "Live":  15283846.1538462,
    "Minute":  14927893.252783,
    "Minute_Fluctuation":  0.033363254669974356,
    "Minute_5":  14874157.9024816,
    "Minute_5_Fluctuation":  0.033000765776918781,
    "Minute_10":  14874157.9024816,
    "Minute_10_Fluctuation":  0.033000765776918781,
    "Hour":  14874157.9024816,
    "Hour_Fluctuation":  0.033000765776918781,
    "Day":  14874157.9024816,
    "Day_Fluctuation":  0.033000765776918781,
    "ThreeDay":  14874157.9024816,
    "ThreeDay_Fluctuation":  0.033000765776918788,
    "Week":  14874157.9024816,
    "Week_Fluctuation":  0.033000765776918788,
    "Duration":  "00:01:42.9062014",
    "Updated":  "\/Date(1578608967633)\/",
    "Failed":  8,
    "PowerDraw_Live":  239,
    "PowerDraw_Average":  225.29714247707895,
    "Diff_Live":  201.46153846153845,
    "Diff_Average":  84.812076694494735,
    "Ratio_Live":  0.0024
}
