{
    "Live":  3910186.42857143,
    "Minute":  3910186.42857143,
    "Minute_Fluctuation":  0,
    "Minute_5":  3910186.42857143,
    "Minute_5_Fluctuation":  0,
    "Minute_10":  3910186.42857143,
    "Minute_10_Fluctuation":  0,
    "Hour":  3910186.42857143,
    "Hour_Fluctuation":  0,
    "Day":  3910186.42857143,
    "Day_Fluctuation":  0,
    "ThreeDay":  3910186.42857143,
    "ThreeDay_Fluctuation":  0,
    "Week":  3910186.42857143,
    "Week_Fluctuation":  0,
    "Duration":  "00:00:20.2072477",
    "Updated":  "\/Date(1577705256613)\/",
    "Failed":  0,
    "PowerDraw_Live":  178,
    "PowerDraw_Average":  178,
    "Diff_Live":  17180131,
    "Diff_Average":  17180131,
    "Ratio_Live":  0.1667
}
