{
    "Live":  6534.69230769231,
    "Minute":  6555.25616936112,
    "Minute_Fluctuation":  0.0034681521112096868,
    "Minute_5":  6543.96470982342,
    "Minute_5_Fluctuation":  0.0034226692560095145,
    "Minute_10":  6539.03117860938,
    "Minute_10_Fluctuation":  0.00393138273992458,
    "Hour":  6530.77432373652,
    "Hour_Fluctuation":  0.0042565985437627678,
    "Day":  6519.21198378874,
    "Day_Fluctuation":  0.004470011113971481,
    "ThreeDay":  6519.21198378874,
    "ThreeDay_Fluctuation":  0.0044700111139714827,
    "Week":  6519.21198378874,
    "Week_Fluctuation":  0.0044700111139714827,
    "Duration":  "04:16:34.8987418",
    "Updated":  "\/Date(1579835678660)\/",
    "Failed":  0,
    "PowerDraw_Live":  240,
    "PowerDraw_Average":  237.6665461119828,
    "Diff_Live":  0,
    "Diff_Average":  0,
    "Ratio_Live":  0
}
