{
    "Live":  75032.8571428571,
    "Minute":  75029.0424838406,
    "Minute_Fluctuation":  0.00015963203768065595,
    "Minute_5":  74954.8305548051,
    "Minute_5_Fluctuation":  0.0017161010355496234,
    "Minute_10":  74942.3448886675,
    "Minute_10_Fluctuation":  0.0015158992883077449,
    "Hour":  74974.7492863007,
    "Hour_Fluctuation":  0.0023994378059444192,
    "Day":  74658.9132279841,
    "Day_Fluctuation":  0.010473989227679718,
    "ThreeDay":  74658.9132279841,
    "ThreeDay_Fluctuation":  0.010473989227679718,
    "Week":  74658.9132279841,
    "Week_Fluctuation":  0.010473989227679718,
    "Duration":  "10:42:33.8849171",
    "Updated":  "\/Date(1569452501952)\/",
    "Failed":  0,
    "PowerDraw_Live":  111,
    "Diff_Average":  195335514.151585,
    "PowerDraw_Average":  110.655551929193,
    "Diff_Live":  59837363.4388421
}
