{
    "Live":  32180,
    "Minute":  32178.8532751508,
    "Minute_Fluctuation":  0.00011517758177981246,
    "Minute_5":  32149.9861387736,
    "Minute_5_Fluctuation":  0.001838832456852563,
    "Minute_10":  32106.7308238637,
    "Minute_10_Fluctuation":  0.0033259342642743086,
    "Hour":  32131.7401509272,
    "Hour_Fluctuation":  0.0019171316809110776,
    "Day":  32083.79093403,
    "Day_Fluctuation":  0.0062747100064661663,
    "ThreeDay":  32083.79093403,
    "ThreeDay_Fluctuation":  0.0062747100064661663,
    "Week":  32083.79093403,
    "Week_Fluctuation":  0.0062747100064661663,
    "Duration":  "16:44:38.2083858",
    "Updated":  "\/Date(1581922713645)\/",
    "Failed":  0,
    "PowerDraw_Live":  239,
    "PowerDraw_Average":  238.98943284099221,
    "Diff_Live":  76288355.588311747,
    "Diff_Average":  1239676805.1055558,
    "Ratio_Live":  0
}
