{
    "Live":  110760,
    "Minute":  116564.335840616,
    "Minute_Fluctuation":  0.038841187495082141,
    "Minute_5":  120039.433172615,
    "Minute_5_Fluctuation":  0.012798686370853025,
    "Minute_10":  120515.171392481,
    "Minute_10_Fluctuation":  0.008981174689164196,
    "Hour":  120958.842659593,
    "Hour_Fluctuation":  0.0072682775187297329,
    "Day":  121022.867432798,
    "Day_Fluctuation":  0.0076351711496978423,
    "ThreeDay":  121022.867432798,
    "ThreeDay_Fluctuation":  0.0076351711496978423,
    "Week":  121022.867432798,
    "Week_Fluctuation":  0.0076351711496978423,
    "Duration":  "02:15:39.4660536",
    "Updated":  "\/Date(1581735297424)\/",
    "Failed":  0,
    "PowerDraw_Live":  192,
    "PowerDraw_Average":  237.74950347549273,
    "Diff_Live":  1727384.4660457599,
    "Diff_Average":  156230756.06817281,
    "Ratio_Live":  0
}
