{
    "Live":  217679331.224729,
    "Minute":  217573998.130735,
    "Minute_Fluctuation":  0.077675486970910743,
    "Minute_5":  217573998.130735,
    "Minute_5_Fluctuation":  0.077675486970910743,
    "Minute_10":  217573998.130735,
    "Minute_10_Fluctuation":  0.077675486970910743,
    "Hour":  217573998.130735,
    "Hour_Fluctuation":  0.077675486970910743,
    "Day":  217573998.130735,
    "Day_Fluctuation":  0.077675486970910715,
    "ThreeDay":  217573998.130735,
    "ThreeDay_Fluctuation":  0.077675486970910715,
    "Week":  217573998.130735,
    "Week_Fluctuation":  0.077675486970910715,
    "Duration":  "00:01:06.2785128",
    "Updated":  "\/Date(1577714195665)\/",
    "Failed":  8,
    "PowerDraw_Live":  0,
    "PowerDraw_Average":  0,
    "Diff_Live":  40000000000,
    "Diff_Average":  40000000000,
    "Ratio_Live":  0
}
