{
    "Live":  15476956.5217391,
    "Minute":  15476956.5217391,
    "Minute_Fluctuation":  0,
    "Minute_5":  15476956.5217391,
    "Minute_5_Fluctuation":  0,
    "Minute_10":  15476956.5217391,
    "Minute_10_Fluctuation":  0,
    "Hour":  15476956.5217391,
    "Hour_Fluctuation":  0,
    "Day":  15476956.5217391,
    "Day_Fluctuation":  0,
    "ThreeDay":  15476956.5217391,
    "ThreeDay_Fluctuation":  0,
    "Week":  15476956.5217391,
    "Week_Fluctuation":  0,
    "Duration":  "00:00:24.5777464",
    "Updated":  "\/Date(1577688997888)\/",
    "Failed":  0,
    "PowerDraw_Live":  115,
    "PowerDraw_Average":  115,
    "Diff_Live":  30.130434782608695,
    "Diff_Average":  30.130434782608695,
    "Ratio_Live":  0
}
