{
    "Live":  7350.375,
    "Minute":  7724.14109489084,
    "Minute_Fluctuation":  0.048167762197115688,
    "Minute_5":  7724.14109489084,
    "Minute_5_Fluctuation":  0.048167762197115688,
    "Minute_10":  7724.14109489084,
    "Minute_10_Fluctuation":  0.048167762197115688,
    "Hour":  7724.14109489084,
    "Hour_Fluctuation":  0.048167762197115688,
    "Day":  7724.14109489084,
    "Day_Fluctuation":  0.048167762197115688,
    "ThreeDay":  7724.14109489084,
    "ThreeDay_Fluctuation":  0.048167762197115688,
    "Week":  7724.14109489084,
    "Week_Fluctuation":  0.048167762197115688,
    "Duration":  "00:01:00.3128020",
    "Updated":  "\/Date(1580220187002)\/",
    "Failed":  0,
    "PowerDraw_Live":  72,
    "PowerDraw_Average":  70.4898622080316,
    "Diff_Live":  0,
    "Diff_Average":  0,
    "Ratio_Live":  0
}
