{
    "Live":  9260504.15384616,
    "Minute":  9260504.15384616,
    "Minute_Fluctuation":  0,
    "Minute_5":  9260504.15384616,
    "Minute_5_Fluctuation":  0,
    "Minute_10":  9260504.15384616,
    "Minute_10_Fluctuation":  0,
    "Hour":  9260504.15384616,
    "Hour_Fluctuation":  0,
    "Day":  9260504.15384616,
    "Day_Fluctuation":  0,
    "ThreeDay":  9260504.15384616,
    "ThreeDay_Fluctuation":  0,
    "Week":  9260504.15384616,
    "Week_Fluctuation":  0,
    "Duration":  "00:00:22.0557282",
    "Updated":  "\/Date(1567346968708)\/",
    "Failed":  0,
    "PowerDraw_Live":  113,
    "Diff_Average":  67109888,
    "PowerDraw_Average":  113,
    "Diff_Live":  67109888
}
