{
    "Live":  1116.58333333333,
    "Minute":  1116.58333333333,
    "Minute_Fluctuation":  0,
    "Minute_5":  1116.58333333333,
    "Minute_5_Fluctuation":  0,
    "Minute_10":  1116.58333333333,
    "Minute_10_Fluctuation":  0,
    "Hour":  1116.58333333333,
    "Hour_Fluctuation":  0,
    "Day":  1116.58333333333,
    "Day_Fluctuation":  0,
    "ThreeDay":  1116.58333333333,
    "ThreeDay_Fluctuation":  0,
    "Week":  1116.58333333333,
    "Week_Fluctuation":  0,
    "Duration":  "00:00:27.7602620",
    "Updated":  "\/Date(1569177318560)\/",
    "Failed":  0,
    "PowerDraw_Live":  92,
    "Diff_Average":  55056.27186084,
    "PowerDraw_Average":  92,
    "Diff_Live":  55056.27186084
}
