{
    "Live":  916,
    "Minute":  915.999994241463,
    "Minute_Fluctuation":  9.48289141340127E-08,
    "Minute_5":  915.958573011778,
    "Minute_5_Fluctuation":  0.000178145249077996,
    "Minute_10":  915.857558943919,
    "Minute_10_Fluctuation":  0.00076437721541320377,
    "Hour":  915.655559048534,
    "Hour_Fluctuation":  0.0018376686638069554,
    "Day":  915.655559048534,
    "Day_Fluctuation":  0.0018376686638069567,
    "ThreeDay":  915.655559048534,
    "ThreeDay_Fluctuation":  0.0018376686638069567,
    "Week":  915.655559048534,
    "Week_Fluctuation":  0.0018376686638069562,
    "Duration":  "00:33:45.6360160",
    "Updated":  "\/Date(1580770112359)\/",
    "Failed":  0,
    "PowerDraw_Live":  77,
    "PowerDraw_Average":  75.493512230235268,
    "Diff_Live":  0,
    "Diff_Average":  0,
    "Ratio_Live":  0
}
