{
    "Live":  1374.14285714286,
    "Minute":  1374.14285714286,
    "Minute_Fluctuation":  0,
    "Minute_5":  1374.14285714286,
    "Minute_5_Fluctuation":  0,
    "Minute_10":  1374.14285714286,
    "Minute_10_Fluctuation":  0,
    "Hour":  1374.14285714286,
    "Hour_Fluctuation":  0,
    "Day":  1374.14285714286,
    "Day_Fluctuation":  0,
    "ThreeDay":  1374.14285714286,
    "ThreeDay_Fluctuation":  0,
    "Week":  1374.14285714286,
    "Week_Fluctuation":  0,
    "Duration":  "00:00:21.1085132",
    "Updated":  "\/Date(1569218092881)\/",
    "Failed":  0,
    "PowerDraw_Live":  95,
    "Diff_Average":  78571.7449828929,
    "PowerDraw_Average":  95,
    "Diff_Live":  78571.7449828929
}
