{
    "Live":  7567.97333333333,
    "Minute":  7567.97333333333,
    "Minute_Fluctuation":  0,
    "Minute_5":  7567.97333333333,
    "Minute_5_Fluctuation":  0,
    "Minute_10":  7567.97333333333,
    "Minute_10_Fluctuation":  0,
    "Hour":  7567.97333333333,
    "Hour_Fluctuation":  0,
    "Day":  7567.97333333333,
    "Day_Fluctuation":  0,
    "ThreeDay":  7567.97333333333,
    "ThreeDay_Fluctuation":  0,
    "Week":  7567.97333333333,
    "Week_Fluctuation":  0,
    "Duration":  "00:00:40.2927677",
    "Updated":  "\/Date(1579163401063)\/",
    "Failed":  0,
    "PowerDraw_Live":  239,
    "PowerDraw_Average":  239,
    "Diff_Live":  132199.58333333334,
    "Diff_Average":  132199.58333333334,
    "Ratio_Live":  0
}
