{
    "Live":  96373307.6923077,
    "Minute":  96227198.6970073,
    "Minute_Fluctuation":  0.0075938167995351,
    "Minute_5":  96181766.9071196,
    "Minute_5_Fluctuation":  0.013146545162401687,
    "Minute_10":  96594598.3483207,
    "Minute_10_Fluctuation":  0.014596818410464731,
    "Hour":  96744579.1602796,
    "Hour_Fluctuation":  0.015111243524043276,
    "Day":  96590772.3216792,
    "Day_Fluctuation":  0.012829396131351384,
    "ThreeDay":  96590772.3216792,
    "ThreeDay_Fluctuation":  0.012829396131351391,
    "Week":  96590772.3216792,
    "Week_Fluctuation":  0.012829396131351384,
    "Duration":  "06:49:58.9943905",
    "Updated":  "\/Date(1581736737101)\/",
    "Failed":  0,
    "PowerDraw_Live":  328,
    "PowerDraw_Average":  314.94828473940987,
    "Diff_Live":  0,
    "Diff_Average":  0,
    "Ratio_Live":  0.0556
}
