{
    "Live":  18.79625,
    "Minute":  18.6347383713649,
    "Minute_Fluctuation":  0.012626033921457568,
    "Minute_5":  18.5464854432517,
    "Minute_5_Fluctuation":  0.012574458042783798,
    "Minute_10":  18.5668826217563,
    "Minute_10_Fluctuation":  0.015933096484402876,
    "Hour":  18.2730653716808,
    "Hour_Fluctuation":  0.044880688834167244,
    "Day":  18.1623505364202,
    "Day_Fluctuation":  0.048992523630927175,
    "ThreeDay":  18.1623505364202,
    "ThreeDay_Fluctuation":  0.048992523630927175,
    "Week":  18.1623505364202,
    "Week_Fluctuation":  0.048992523630927196,
    "Duration":  "02:32:17.2787040",
    "Updated":  "\/Date(1564625706904)\/",
    "Failed":  0,
    "PowerDraw_Live":  240,
    "Diff_Average":  0,
    "PowerDraw_Average":  233.334482988635,
    "Diff_Live":  0
}
