{
    "Live":  11.4884615384615,
    "Minute":  11.5793874623292,
    "Minute_Fluctuation":  0.045315915170783191,
    "Minute_5":  11.9682790951815,
    "Minute_5_Fluctuation":  0.038080220459663187,
    "Minute_10":  11.9900134551499,
    "Minute_10_Fluctuation":  0.037417341981981767,
    "Hour":  11.9900134551499,
    "Hour_Fluctuation":  0.037417341981981767,
    "Day":  11.9900134551499,
    "Day_Fluctuation":  0.037417341981981767,
    "ThreeDay":  11.9900134551499,
    "ThreeDay_Fluctuation":  0.037417341981981767,
    "Week":  11.9900134551499,
    "Week_Fluctuation":  0.037417341981981767,
    "Duration":  "00:06:30.6469321",
    "Updated":  "\/Date(1579038477305)\/",
    "Failed":  1023,
    "PowerDraw_Live":  91,
    "PowerDraw_Average":  90.419852941843288,
    "Diff_Live":  0,
    "Diff_Average":  0,
    "Ratio_Live":  1
}
