{
    "Live":  883.825,
    "Minute":  883.825,
    "Minute_Fluctuation":  0,
    "Minute_5":  883.825,
    "Minute_5_Fluctuation":  0,
    "Minute_10":  883.825,
    "Minute_10_Fluctuation":  0,
    "Hour":  883.825,
    "Hour_Fluctuation":  0,
    "Day":  883.825,
    "Day_Fluctuation":  0,
    "ThreeDay":  883.825,
    "ThreeDay_Fluctuation":  0,
    "Week":  883.825,
    "Week_Fluctuation":  0,
    "Duration":  "00:00:20.8116436",
    "Updated":  "\/Date(1577700913558)\/",
    "Failed":  0,
    "PowerDraw_Live":  100,
    "PowerDraw_Average":  100,
    "Diff_Live":  73972.086665980009,
    "Diff_Average":  73972.086665980009,
    "Ratio_Live":  0
}
