{
    "Live":  91000,
    "Minute":  91622.238811031,
    "Minute_Fluctuation":  0.01111154903814859,
    "Minute_5":  94199.0446106213,
    "Minute_5_Fluctuation":  0.021085653673722629,
    "Minute_10":  95247.6506757372,
    "Minute_10_Fluctuation":  0.019315348826933264,
    "Hour":  96451.414420898,
    "Hour_Fluctuation":  0.015122420098585002,
    "Day":  96518.7234125552,
    "Day_Fluctuation":  0.014818108324695239,
    "ThreeDay":  96518.7234125552,
    "ThreeDay_Fluctuation":  0.014818108324695239,
    "Week":  96518.7234125552,
    "Week_Fluctuation":  0.014818108324695239,
    "Duration":  "01:20:39.7575050",
    "Updated":  "\/Date(1579134789704)\/",
    "Failed":  417,
    "PowerDraw_Live":  23,
    "PowerDraw_Average":  93.468277411563463,
    "Diff_Live":  28.149999999999995,
    "Diff_Average":  10.403335517956847,
    "Ratio_Live":  0
}
