{
    "Live":  2084.96428571429,
    "Minute":  2080.47925697421,
    "Minute_Fluctuation":  0.0085030800182720363,
    "Minute_5":  2076.71458249484,
    "Minute_5_Fluctuation":  0.012449789246504056,
    "Minute_10":  2076.71458249484,
    "Minute_10_Fluctuation":  0.012449789246504056,
    "Hour":  2076.71458249484,
    "Hour_Fluctuation":  0.012449789246504056,
    "Day":  2076.71458249484,
    "Day_Fluctuation":  0.012449789246504056,
    "ThreeDay":  2076.71458249484,
    "ThreeDay_Fluctuation":  0.012449789246504056,
    "Week":  2076.71458249484,
    "Week_Fluctuation":  0.012449789246504056,
    "Duration":  "00:02:28.1011094",
    "Updated":  "\/Date(1578399723203)\/",
    "Failed":  0,
    "PowerDraw_Live":  74,
    "PowerDraw_Average":  70.947285560506955,
    "Diff_Live":  185000,
    "Diff_Average":  152810.08132108755,
    "Ratio_Live":  0
}
