{
    "Live":  848.488888888889,
    "Minute":  848.488888888889,
    "Minute_Fluctuation":  0.017738861567577074,
    "Minute_5":  848.488888888889,
    "Minute_5_Fluctuation":  0.017738861567577074,
    "Minute_10":  848.488888888889,
    "Minute_10_Fluctuation":  0.017738861567577074,
    "Hour":  848.488888888889,
    "Hour_Fluctuation":  0.017738861567577074,
    "Day":  848.488888888889,
    "Day_Fluctuation":  0.017738861567577074,
    "ThreeDay":  848.488888888889,
    "ThreeDay_Fluctuation":  0.017738861567577074,
    "Week":  848.488888888889,
    "Week_Fluctuation":  0.017738861567577074,
    "Duration":  "00:00:40.0655313",
    "Updated":  "\/Date(1577715728753)\/",
    "Failed":  0,
    "PowerDraw_Live":  106,
    "PowerDraw_Average":  106,
    "Diff_Live":  70832.9,
    "Diff_Average":  70832.9,
    "Ratio_Live":  0
}
