{
    "Live":  27682476.2422132,
    "Minute":  27682476.2422132,
    "Minute_Fluctuation":  0,
    "Minute_5":  27682476.2422132,
    "Minute_5_Fluctuation":  0,
    "Minute_10":  27682476.2422132,
    "Minute_10_Fluctuation":  0,
    "Hour":  27682476.2422132,
    "Hour_Fluctuation":  0,
    "Day":  27682476.2422132,
    "Day_Fluctuation":  0,
    "ThreeDay":  27682476.2422132,
    "ThreeDay_Fluctuation":  0,
    "Week":  27682476.2422132,
    "Week_Fluctuation":  0,
    "Duration":  "00:00:20.5053656",
    "Updated":  "\/Date(1578546325502)\/",
    "Failed":  0,
    "PowerDraw_Live":  130,
    "PowerDraw_Average":  130,
    "Diff_Live":  4000000000,
    "Diff_Average":  4000000000,
    "Ratio_Live":  0
}
