{
    "Live":  475.954545454545,
    "Minute":  475.954545454545,
    "Minute_Fluctuation":  0,
    "Minute_5":  475.954545454545,
    "Minute_5_Fluctuation":  0,
    "Minute_10":  475.954545454545,
    "Minute_10_Fluctuation":  0,
    "Hour":  475.954545454545,
    "Hour_Fluctuation":  0,
    "Day":  475.954545454545,
    "Day_Fluctuation":  0,
    "ThreeDay":  475.954545454545,
    "ThreeDay_Fluctuation":  0,
    "Week":  475.954545454545,
    "Week_Fluctuation":  0,
    "Duration":  "00:00:20.3746492",
    "Updated":  "\/Date(1577698249474)\/",
    "Failed":  40,
    "PowerDraw_Live":  30,
    "PowerDraw_Average":  30,
    "Diff_Live":  0,
    "Diff_Average":  0,
    "Ratio_Live":  1
}
