{
    "Live":  48430.4285714286,
    "Minute":  48478.6465696902,
    "Minute_Fluctuation":  0.003008222672017502,
    "Minute_5":  48583.938859849,
    "Minute_5_Fluctuation":  0.0021428408888804189,
    "Minute_10":  48606.5318021895,
    "Minute_10_Fluctuation":  0.0018958435191634168,
    "Hour":  48608.575077869,
    "Hour_Fluctuation":  0.0022446758786272615,
    "Day":  48606.2341595645,
    "Day_Fluctuation":  0.0022945038342482757,
    "ThreeDay":  48606.2341595645,
    "ThreeDay_Fluctuation":  0.0022945038342482757,
    "Week":  48606.2341595645,
    "Week_Fluctuation":  0.0022945038342482749,
    "Duration":  "04:39:01.7158452",
    "Updated":  "\/Date(1580098397593)\/",
    "Failed":  0,
    "PowerDraw_Live":  101,
    "PowerDraw_Average":  102.69605465213318,
    "Diff_Live":  2936972.6666666665,
    "Diff_Average":  1410567.1353377937,
    "Ratio_Live":  0
}
