{
    "Live":  845.769230769231,
    "Minute":  845.929927680638,
    "Minute_Fluctuation":  0.0035399022415468703,
    "Minute_5":  839.775388779052,
    "Minute_5_Fluctuation":  0.011409865598429894,
    "Minute_10":  839.072708318521,
    "Minute_10_Fluctuation":  0.012882117397823353,
    "Hour":  956.012597587074,
    "Hour_Fluctuation":  0.12533528528857904,
    "Day":  1163.26166311592,
    "Day_Fluctuation":  0.027746908921340744,
    "ThreeDay":  1163.26166311592,
    "ThreeDay_Fluctuation":  0.027746908921340744,
    "Week":  1163.26166311592,
    "Week_Fluctuation":  0.027746908921340744,
    "Duration":  "15:22:09.5118809",
    "Updated":  "\/Date(1576587165048)\/",
    "Failed":  21,
    "PowerDraw_Live":  114,
    "PowerDraw_Average":  96.212403467061108,
    "Diff_Live":  0,
    "Diff_Average":  0,
    "Ratio_Live":  0
}
