{
    "Live":  1271666.66666667,
    "Minute":  1271666.66666667,
    "Minute_Fluctuation":  0,
    "Minute_5":  1271666.66666667,
    "Minute_5_Fluctuation":  0,
    "Minute_10":  1271666.66666667,
    "Minute_10_Fluctuation":  0,
    "Hour":  1271666.66666667,
    "Hour_Fluctuation":  0,
    "Day":  1271666.66666667,
    "Day_Fluctuation":  0,
    "ThreeDay":  1271666.66666667,
    "ThreeDay_Fluctuation":  0,
    "Week":  1271666.66666667,
    "Week_Fluctuation":  0,
    "Duration":  "00:00:20.2849340",
    "Updated":  "\/Date(1577701846297)\/",
    "Failed":  0,
    "PowerDraw_Live":  96,
    "PowerDraw_Average":  96,
    "Diff_Live":  5,
    "Diff_Average":  5,
    "Ratio_Live":  0
}
