{
    "Live":  459.383333333333,
    "Minute":  459.383333333333,
    "Minute_Fluctuation":  0,
    "Minute_5":  459.383333333333,
    "Minute_5_Fluctuation":  0,
    "Minute_10":  459.383333333333,
    "Minute_10_Fluctuation":  0,
    "Hour":  459.383333333333,
    "Hour_Fluctuation":  0,
    "Day":  459.383333333333,
    "Day_Fluctuation":  0,
    "ThreeDay":  459.383333333333,
    "ThreeDay_Fluctuation":  0,
    "Week":  459.383333333333,
    "Week_Fluctuation":  0,
    "Duration":  "00:00:20.7185160",
    "Updated":  "\/Date(1577697706987)\/",
    "Failed":  0,
    "PowerDraw_Live":  34,
    "PowerDraw_Average":  34,
    "Diff_Live":  0,
    "Diff_Average":  0,
    "Ratio_Live":  1
}
