{
    "Live":  17121508.7142857,
    "Minute":  17121508.7142857,
    "Minute_Fluctuation":  0,
    "Minute_5":  17121508.7142857,
    "Minute_5_Fluctuation":  0,
    "Minute_10":  17121508.7142857,
    "Minute_10_Fluctuation":  0,
    "Hour":  17121508.7142857,
    "Hour_Fluctuation":  0,
    "Day":  17121508.7142857,
    "Day_Fluctuation":  0,
    "ThreeDay":  17121508.7142857,
    "ThreeDay_Fluctuation":  0,
    "Week":  17121508.7142857,
    "Week_Fluctuation":  0,
    "Duration":  "00:00:20.4381739",
    "Updated":  "\/Date(1577698327199)\/",
    "Failed":  0,
    "PowerDraw_Live":  149,
    "PowerDraw_Average":  149,
    "Diff_Live":  100664832,
    "Diff_Average":  100664832,
    "Ratio_Live":  0
}
