{
    "Live":  96046071.3846154,
    "Minute":  95987305.0067829,
    "Minute_Fluctuation":  0.0017343132134912888,
    "Minute_5":  95897133.8557445,
    "Minute_5_Fluctuation":  0.0027915094071042316,
    "Minute_10":  95732951.8504996,
    "Minute_10_Fluctuation":  0.004658259440343559,
    "Hour":  95222030.4538898,
    "Hour_Fluctuation":  0.00590371817064651,
    "Day":  95570816.8409361,
    "Day_Fluctuation":  0.005267683698412704,
    "ThreeDay":  95570816.8409361,
    "ThreeDay_Fluctuation":  0.005267683698412704,
    "Week":  95570816.8409361,
    "Week_Fluctuation":  0.005267683698412704,
    "Duration":  "13:53:41.9416834",
    "Updated":  "\/Date(1579814212579)\/",
    "Failed":  10,
    "PowerDraw_Live":  346,
    "PowerDraw_Average":  343.77915786735514,
    "Diff_Live":  2276367401,
    "Diff_Average":  2344499369.7289958,
    "Ratio_Live":  0.0032
}
