{
    "Live":  10772512.9,
    "Minute":  10721004.2032847,
    "Minute_Fluctuation":  0.008344659001780573,
    "Minute_5":  10721004.2032847,
    "Minute_5_Fluctuation":  0.008344659001780573,
    "Minute_10":  10721004.2032847,
    "Minute_10_Fluctuation":  0.008344659001780573,
    "Hour":  10721004.2032847,
    "Hour_Fluctuation":  0.008344659001780573,
    "Day":  10721004.2032847,
    "Day_Fluctuation":  0.008344659001780573,
    "ThreeDay":  10721004.2032847,
    "ThreeDay_Fluctuation":  0.008344659001780573,
    "Week":  10721004.2032847,
    "Week_Fluctuation":  0.008344659001780573,
    "Duration":  "00:01:02.9666050",
    "Updated":  "\/Date(1567359451916)\/",
    "Failed":  28,
    "PowerDraw_Live":  116,
    "Diff_Average":  134219776,
    "PowerDraw_Average":  115.539484879863,
    "Diff_Live":  134219776
}
