{
    "Live":  227943263.336969,
    "Minute":  227943263.336969,
    "Minute_Fluctuation":  0,
    "Minute_5":  227943263.336969,
    "Minute_5_Fluctuation":  0,
    "Minute_10":  227943263.336969,
    "Minute_10_Fluctuation":  0,
    "Hour":  227943263.336969,
    "Hour_Fluctuation":  0,
    "Day":  227943263.336969,
    "Day_Fluctuation":  0,
    "ThreeDay":  227943263.336969,
    "ThreeDay_Fluctuation":  0,
    "Week":  227943263.336969,
    "Week_Fluctuation":  0,
    "Duration":  "00:00:20.5923740",
    "Updated":  "\/Date(1578546675104)\/",
    "Failed":  0,
    "PowerDraw_Live":  0,
    "PowerDraw_Average":  0,
    "Diff_Live":  40000000000,
    "Diff_Average":  40000000000,
    "Ratio_Live":  0
}
