{
    "Live":  11887.2714285714,
    "Minute":  11887.2714285714,
    "Minute_Fluctuation":  0,
    "Minute_5":  11887.2714285714,
    "Minute_5_Fluctuation":  0,
    "Minute_10":  11887.2714285714,
    "Minute_10_Fluctuation":  0,
    "Hour":  11887.2714285714,
    "Hour_Fluctuation":  0,
    "Day":  11887.2714285714,
    "Day_Fluctuation":  0,
    "ThreeDay":  11887.2714285714,
    "ThreeDay_Fluctuation":  0,
    "Week":  11887.2714285714,
    "Week_Fluctuation":  0,
    "Duration":  "00:00:19.6262300",
    "Updated":  "\/Date(1580375763012)\/",
    "Failed":  0,
    "PowerDraw_Live":  0,
    "PowerDraw_Average":  0,
    "Diff_Live":  650063,
    "Diff_Average":  650063,
    "Ratio_Live":  0
}
