{
    "Live":  3328.97390909091,
    "Minute":  3328.97390909091,
    "Minute_Fluctuation":  0,
    "Minute_5":  3328.97390909091,
    "Minute_5_Fluctuation":  0,
    "Minute_10":  3328.97390909091,
    "Minute_10_Fluctuation":  0,
    "Hour":  3328.97390909091,
    "Hour_Fluctuation":  0,
    "Day":  3328.97390909091,
    "Day_Fluctuation":  0,
    "ThreeDay":  3328.97390909091,
    "ThreeDay_Fluctuation":  0,
    "Week":  3328.97390909091,
    "Week_Fluctuation":  0,
    "Duration":  "00:00:20.2849340",
    "Updated":  "\/Date(1577701846358)\/",
    "Failed":  0,
    "PowerDraw_Live":  237,
    "PowerDraw_Average":  237,
    "Diff_Live":  0,
    "Diff_Average":  0,
    "Ratio_Live":  1
}
