{
    "Live":  1070.33333333333,
    "Minute":  1070.33333333333,
    "Minute_Fluctuation":  0,
    "Minute_5":  1070.33333333333,
    "Minute_5_Fluctuation":  0,
    "Minute_10":  1070.33333333333,
    "Minute_10_Fluctuation":  0,
    "Hour":  1070.33333333333,
    "Hour_Fluctuation":  0,
    "Day":  1070.33333333333,
    "Day_Fluctuation":  0,
    "ThreeDay":  1070.33333333333,
    "ThreeDay_Fluctuation":  0,
    "Week":  1070.33333333333,
    "Week_Fluctuation":  0,
    "Duration":  "00:00:23.9712637",
    "Updated":  "\/Date(1569518679437)\/",
    "Failed":  0,
    "PowerDraw_Live":  94,
    "Diff_Average":  0,
    "PowerDraw_Average":  94,
    "Diff_Live":  0
}
