{
    "Live":  2785.88888888889,
    "Minute":  2785.88888888889,
    "Minute_Fluctuation":  0,
    "Minute_5":  2785.88888888889,
    "Minute_5_Fluctuation":  0,
    "Minute_10":  2785.88888888889,
    "Minute_10_Fluctuation":  0,
    "Hour":  2785.88888888889,
    "Hour_Fluctuation":  0,
    "Day":  2785.88888888889,
    "Day_Fluctuation":  0,
    "ThreeDay":  2785.88888888889,
    "ThreeDay_Fluctuation":  0,
    "Week":  2785.88888888889,
    "Week_Fluctuation":  0,
    "Duration":  "00:00:21.4139680",
    "Updated":  "\/Date(1577712637872)\/",
    "Failed":  0,
    "PowerDraw_Live":  228,
    "PowerDraw_Average":  228,
    "Diff_Live":  130538.1829676,
    "Diff_Average":  130538.1829676,
    "Ratio_Live":  0
}
