{
    "Live":  13.1638461538462,
    "Minute":  13.1638461538462,
    "Minute_Fluctuation":  0,
    "Minute_5":  13.1638461538462,
    "Minute_5_Fluctuation":  0,
    "Minute_10":  13.1638461538462,
    "Minute_10_Fluctuation":  0,
    "Hour":  13.1638461538462,
    "Hour_Fluctuation":  0,
    "Day":  13.1638461538462,
    "Day_Fluctuation":  0,
    "ThreeDay":  13.1638461538462,
    "ThreeDay_Fluctuation":  0,
    "Week":  13.1638461538462,
    "Week_Fluctuation":  0,
    "Duration":  "00:00:29.1689415",
    "Updated":  "\/Date(1563454369214)\/",
    "Failed":  0,
    "PowerDraw_Live":  236,
    "Diff_Average":  0,
    "PowerDraw_Average":  236,
    "Diff_Live":  0
}
