{
    "Live":  31056181.8181818,
    "Minute":  31239294.6511366,
    "Minute_Fluctuation":  0.015334280575108957,
    "Minute_5":  31183797.8122148,
    "Minute_5_Fluctuation":  0.023384151896603984,
    "Minute_10":  31317178.8873118,
    "Minute_10_Fluctuation":  0.017215798688813361,
    "Hour":  31615684.4905321,
    "Hour_Fluctuation":  0.0096727002850431031,
    "Day":  31582509.8930766,
    "Day_Fluctuation":  0.011414351892297182,
    "ThreeDay":  31582509.8930766,
    "ThreeDay_Fluctuation":  0.011414351892297182,
    "Week":  31582509.8930766,
    "Week_Fluctuation":  0.011414351892297182,
    "Duration":  "17:06:20.6756804",
    "Updated":  "\/Date(1581809505710)\/",
    "Failed":  6,
    "PowerDraw_Live":  89,
    "PowerDraw_Average":  88.937680927675672,
    "Diff_Live":  0,
    "Diff_Average":  0,
    "Ratio_Live":  0
}
