{
    "Live":  27902394.0422963,
    "Minute":  27902394.0422963,
    "Minute_Fluctuation":  0,
    "Minute_5":  27902394.0422963,
    "Minute_5_Fluctuation":  0,
    "Minute_10":  27902394.0422963,
    "Minute_10_Fluctuation":  0,
    "Hour":  27902394.0422963,
    "Hour_Fluctuation":  0,
    "Day":  27902394.0422963,
    "Day_Fluctuation":  0,
    "ThreeDay":  27902394.0422963,
    "ThreeDay_Fluctuation":  0,
    "Week":  27902394.0422963,
    "Week_Fluctuation":  0,
    "Duration":  "00:00:20.5383655",
    "Updated":  "\/Date(1578548062611)\/",
    "Failed":  0,
    "PowerDraw_Live":  129,
    "PowerDraw_Average":  129,
    "Diff_Live":  4000000000,
    "Diff_Average":  4000000000,
    "Ratio_Live":  0
}
