{
    "Live":  2544,
    "Minute":  2545.42939484193,
    "Minute_Fluctuation":  0.00099627306539980752,
    "Minute_5":  2551.7440345751,
    "Minute_5_Fluctuation":  0.0053292895331082928,
    "Minute_10":  2558.23256855401,
    "Minute_10_Fluctuation":  0.0086699817560739415,
    "Hour":  2559.78169030751,
    "Hour_Fluctuation":  0.014226735488128096,
    "Day":  2559.78169030751,
    "Day_Fluctuation":  0.014226735488128096,
    "ThreeDay":  2559.78169030751,
    "ThreeDay_Fluctuation":  0.014226735488128096,
    "Week":  2559.78169030751,
    "Week_Fluctuation":  0.014226735488128096,
    "Duration":  "00:48:15.0864492",
    "Updated":  "\/Date(1580036207941)\/",
    "Failed":  729,
    "PowerDraw_Live":  239,
    "PowerDraw_Average":  235.15730627220142,
    "Diff_Live":  0,
    "Diff_Average":  0,
    "Ratio_Live":  0.0286
}
