{
    "Live":  803.3,
    "Minute":  860.959916069582,
    "Minute_Fluctuation":  0.10455206371591695,
    "Minute_5":  908.290994492246,
    "Minute_5_Fluctuation":  0.091018949752823278,
    "Minute_10":  912.075989378915,
    "Minute_10_Fluctuation":  0.085286262761404524,
    "Hour":  942.392457224004,
    "Hour_Fluctuation":  0.092894949024092038,
    "Day":  948.121924970239,
    "Day_Fluctuation":  0.095245059850006961,
    "ThreeDay":  948.121924970239,
    "ThreeDay_Fluctuation":  0.095245059850006961,
    "Week":  948.121924970239,
    "Week_Fluctuation":  0.095245059850006961,
    "Duration":  "01:43:37.7798464",
    "Updated":  "\/Date(1580854749976)\/",
    "Failed":  0,
    "PowerDraw_Live":  67,
    "PowerDraw_Average":  73.625712784527636,
    "Diff_Live":  10000.01698735,
    "Diff_Average":  2168240.0485336976,
    "Ratio_Live":  0
}
