{
    "Live":  4068.87142857143,
    "Minute":  4068.87142857143,
    "Minute_Fluctuation":  0,
    "Minute_5":  4068.87142857143,
    "Minute_5_Fluctuation":  0,
    "Minute_10":  4068.87142857143,
    "Minute_10_Fluctuation":  0,
    "Hour":  4068.87142857143,
    "Hour_Fluctuation":  0,
    "Day":  4068.87142857143,
    "Day_Fluctuation":  0,
    "ThreeDay":  4068.87142857143,
    "ThreeDay_Fluctuation":  0,
    "Week":  4068.87142857143,
    "Week_Fluctuation":  0,
    "Duration":  "00:00:20.2242578",
    "Updated":  "\/Date(1578845927749)\/",
    "Failed":  0,
    "PowerDraw_Live":  78,
    "PowerDraw_Average":  78,
    "Diff_Live":  1000225,
    "Diff_Average":  1000225,
    "Ratio_Live":  0
}
