{
    "Live":  11.8681818181818,
    "Minute":  11.5811890707431,
    "Minute_Fluctuation":  0.029221449709262323,
    "Minute_5":  11.5811890707431,
    "Minute_5_Fluctuation":  0.029221449709262319,
    "Minute_10":  11.5811890707431,
    "Minute_10_Fluctuation":  0.029221449709262319,
    "Hour":  11.5811890707431,
    "Hour_Fluctuation":  0.029221449709262323,
    "Day":  11.5811890707431,
    "Day_Fluctuation":  0.029221449709262319,
    "ThreeDay":  11.5811890707431,
    "ThreeDay_Fluctuation":  0.029221449709262319,
    "Week":  11.5811890707431,
    "Week_Fluctuation":  0.029221449709262319,
    "Duration":  "00:01:03.4399234",
    "Updated":  "\/Date(1579038896656)\/",
    "Failed":  0,
    "PowerDraw_Live":  85,
    "PowerDraw_Average":  81.642884658362334,
    "Diff_Live":  0,
    "Diff_Average":  0,
    "Ratio_Live":  0
}
