{
    "Live":  8027473.69230769,
    "Minute":  8027473.69230769,
    "Minute_Fluctuation":  0,
    "Minute_5":  8027473.69230769,
    "Minute_5_Fluctuation":  0,
    "Minute_10":  8027473.69230769,
    "Minute_10_Fluctuation":  0,
    "Hour":  8027473.69230769,
    "Hour_Fluctuation":  0,
    "Day":  8027473.69230769,
    "Day_Fluctuation":  0,
    "ThreeDay":  8027473.69230769,
    "ThreeDay_Fluctuation":  0,
    "Week":  8027473.69230769,
    "Week_Fluctuation":  0,
    "Duration":  "00:00:27.1012677",
    "Updated":  "\/Date(1567349866661)\/",
    "Failed":  0,
    "PowerDraw_Live":  120,
    "Diff_Average":  134219776,
    "PowerDraw_Average":  120,
    "Diff_Live":  134219776
}
