{
    "Live":  1045.30153846154,
    "Minute":  1045.30153846154,
    "Minute_Fluctuation":  0,
    "Minute_5":  1045.30153846154,
    "Minute_5_Fluctuation":  0,
    "Minute_10":  1045.30153846154,
    "Minute_10_Fluctuation":  0,
    "Hour":  1045.30153846154,
    "Hour_Fluctuation":  0,
    "Day":  1045.30153846154,
    "Day_Fluctuation":  0,
    "ThreeDay":  1045.30153846154,
    "ThreeDay_Fluctuation":  0,
    "Week":  1045.30153846154,
    "Week_Fluctuation":  0,
    "Duration":  "00:00:20.4123920",
    "Updated":  "\/Date(1576605012408)\/",
    "Failed":  0,
    "PowerDraw_Live":  90,
    "PowerDraw_Average":  90,
    "Diff_Live":  21460.538461538461,
    "Diff_Average":  21460.538461538461,
    "Ratio_Live":  0
}
