{
    "Live":  4958.44,
    "Minute":  4986.42042909963,
    "Minute_Fluctuation":  0.033934815580041772,
    "Minute_5":  5304.19243224794,
    "Minute_5_Fluctuation":  0.08158551159841923,
    "Minute_10":  5304.19243224794,
    "Minute_10_Fluctuation":  0.08158551159841923,
    "Hour":  5304.19243224794,
    "Hour_Fluctuation":  0.08158551159841923,
    "Day":  5304.19243224794,
    "Day_Fluctuation":  0.08158551159841923,
    "ThreeDay":  5304.19243224794,
    "ThreeDay_Fluctuation":  0.08158551159841923,
    "Week":  5304.19243224794,
    "Week_Fluctuation":  0.08158551159841923,
    "Duration":  "00:04:26.1440210",
    "Updated":  "\/Date(1577885879815)\/",
    "Failed":  140,
    "PowerDraw_Live":  181,
    "PowerDraw_Average":  103.5945575645551,
    "Diff_Live":  180007,
    "Diff_Average":  83617.838047933677,
    "Ratio_Live":  0
}
