{
    "Live":  1112.91666666667,
    "Minute":  1112.91666666667,
    "Minute_Fluctuation":  0,
    "Minute_5":  1112.91666666667,
    "Minute_5_Fluctuation":  0,
    "Minute_10":  1112.91666666667,
    "Minute_10_Fluctuation":  0,
    "Hour":  1112.91666666667,
    "Hour_Fluctuation":  0,
    "Day":  1112.91666666667,
    "Day_Fluctuation":  0,
    "ThreeDay":  1112.91666666667,
    "ThreeDay_Fluctuation":  0,
    "Week":  1112.91666666667,
    "Week_Fluctuation":  0,
    "Duration":  "00:00:28.4019496",
    "Updated":  "\/Date(1569177441758)\/",
    "Failed":  0,
    "PowerDraw_Live":  94,
    "Diff_Average":  0,
    "PowerDraw_Average":  94,
    "Diff_Live":  0
}
