{
    "Live":  1106.17142857143,
    "Minute":  1106.64766757641,
    "Minute_Fluctuation":  0.020709112361039089,
    "Minute_5":  1106.64766757641,
    "Minute_5_Fluctuation":  0.020709112361039089,
    "Minute_10":  1106.64766757641,
    "Minute_10_Fluctuation":  0.020709112361039089,
    "Hour":  1106.64766757641,
    "Hour_Fluctuation":  0.020709112361039089,
    "Day":  1106.64766757641,
    "Day_Fluctuation":  0.020709112361039089,
    "ThreeDay":  1106.64766757641,
    "ThreeDay_Fluctuation":  0.020709112361039089,
    "Week":  1106.64766757641,
    "Week_Fluctuation":  0.020709112361039089,
    "Duration":  "00:00:40.9873893",
    "Updated":  "\/Date(1576577135729)\/",
    "Failed":  29,
    "PowerDraw_Live":  85,
    "PowerDraw_Average":  85,
    "Diff_Live":  0,
    "Diff_Average":  0,
    "Ratio_Live":  1
}
