{
    "Live":  38450962.7098089,
    "Minute":  38450962.7098089,
    "Minute_Fluctuation":  0,
    "Minute_5":  38450962.7098089,
    "Minute_5_Fluctuation":  0,
    "Minute_10":  38450962.7098089,
    "Minute_10_Fluctuation":  0,
    "Hour":  38450962.7098089,
    "Hour_Fluctuation":  0,
    "Day":  38450962.7098089,
    "Day_Fluctuation":  0,
    "ThreeDay":  38450962.7098089,
    "ThreeDay_Fluctuation":  0,
    "Week":  38450962.7098089,
    "Week_Fluctuation":  0,
    "Duration":  "00:00:20.4247177",
    "Updated":  "\/Date(1577690285523)\/",
    "Failed":  0,
    "PowerDraw_Live":  240,
    "PowerDraw_Average":  240,
    "Diff_Live":  4000000000,
    "Diff_Average":  4000000000,
    "Ratio_Live":  0
}
