{
    "Live":  28126329.6886448,
    "Minute":  28126329.6886448,
    "Minute_Fluctuation":  0,
    "Minute_5":  28126329.6886448,
    "Minute_5_Fluctuation":  0,
    "Minute_10":  28126329.6886448,
    "Minute_10_Fluctuation":  0,
    "Hour":  28126329.6886448,
    "Hour_Fluctuation":  0,
    "Day":  28126329.6886448,
    "Day_Fluctuation":  0,
    "ThreeDay":  28126329.6886448,
    "ThreeDay_Fluctuation":  0,
    "Week":  28126329.6886448,
    "Week_Fluctuation":  0,
    "Duration":  "00:00:20.5043670",
    "Updated":  "\/Date(1578549090742)\/",
    "Failed":  0,
    "PowerDraw_Live":  130,
    "PowerDraw_Average":  130,
    "Diff_Live":  4000000000,
    "Diff_Average":  4000000000,
    "Ratio_Live":  0
}
