{
    "Live":  8692,
    "Minute":  8691.9454889782,
    "Minute_Fluctuation":  3.4210501932777581E-05,
    "Minute_5":  8690.94431964778,
    "Minute_5_Fluctuation":  0.00010798644612276687,
    "Minute_10":  8690.58269996556,
    "Minute_10_Fluctuation":  0.00011435079456559588,
    "Hour":  8689.52974256906,
    "Hour_Fluctuation":  0.00014564495782320275,
    "Day":  8687.84188580939,
    "Day_Fluctuation":  0.00064769240469137021,
    "ThreeDay":  8687.84188580939,
    "ThreeDay_Fluctuation":  0.00064769240469137021,
    "Week":  8687.84188580939,
    "Week_Fluctuation":  0.00064769240469137021,
    "Duration":  "17:21:28.3531375",
    "Updated":  "\/Date(1581922713733)\/",
    "Failed":  0,
    "PowerDraw_Live":  93,
    "PowerDraw_Average":  89.80133838085932,
    "Diff_Live":  0,
    "Diff_Average":  0,
    "Ratio_Live":  0
}
