{
    "Live":  1.79,
    "Minute":  1.75666061621275,
    "Minute_Fluctuation":  0.030000358404720633,
    "Minute_5":  1.74315123656328,
    "Minute_5_Fluctuation":  0.018642171353157676,
    "Minute_10":  1.74687824298874,
    "Minute_10_Fluctuation":  0.015620308232206967,
    "Hour":  1.74744708058868,
    "Hour_Fluctuation":  0.014497169305232918,
    "Day":  1.7474766689897,
    "Day_Fluctuation":  0.014474653266005317,
    "ThreeDay":  1.7474766689897,
    "ThreeDay_Fluctuation":  0.014474653266005317,
    "Week":  1.7474766689897,
    "Week_Fluctuation":  0.014474653266005317,
    "Duration":  "01:04:20.9163617",
    "Updated":  "\/Date(1581738052043)\/",
    "Failed":  18,
    "PowerDraw_Live":  239,
    "PowerDraw_Average":  238.40765540073829,
    "Diff_Live":  0,
    "Diff_Average":  0,
    "Ratio_Live":  0
}
