{
    "Live":  38158480.8822589,
    "Minute":  38158480.8822589,
    "Minute_Fluctuation":  0,
    "Minute_5":  38158480.8822589,
    "Minute_5_Fluctuation":  0,
    "Minute_10":  38158480.8822589,
    "Minute_10_Fluctuation":  0,
    "Hour":  38158480.8822589,
    "Hour_Fluctuation":  0,
    "Day":  38158480.8822589,
    "Day_Fluctuation":  0,
    "ThreeDay":  38158480.8822589,
    "ThreeDay_Fluctuation":  0,
    "Week":  38158480.8822589,
    "Week_Fluctuation":  0,
    "Duration":  "00:00:20.8143566",
    "Updated":  "\/Date(1578547721017)\/",
    "Failed":  0,
    "PowerDraw_Live":  239,
    "PowerDraw_Average":  239,
    "Diff_Live":  4000000000,
    "Diff_Average":  4000000000,
    "Ratio_Live":  0
}
