{
    "Live":  26561271.8181818,
    "Minute":  26561271.8181818,
    "Minute_Fluctuation":  0,
    "Minute_5":  26561271.8181818,
    "Minute_5_Fluctuation":  0,
    "Minute_10":  26561271.8181818,
    "Minute_10_Fluctuation":  0,
    "Hour":  26561271.8181818,
    "Hour_Fluctuation":  0,
    "Day":  26561271.8181818,
    "Day_Fluctuation":  0,
    "ThreeDay":  26561271.8181818,
    "ThreeDay_Fluctuation":  0,
    "Week":  26561271.8181818,
    "Week_Fluctuation":  0,
    "Duration":  "00:00:20.2941517",
    "Updated":  "\/Date(1577698941183)\/",
    "Failed":  0,
    "PowerDraw_Live":  240,
    "PowerDraw_Average":  240,
    "Diff_Live":  218107136,
    "Diff_Average":  218107136,
    "Ratio_Live":  0
}
