{
    "Live":  19222222.2222222,
    "Minute":  19899323.6432972,
    "Minute_Fluctuation":  0.0676684393595904,
    "Minute_5":  19899323.6432972,
    "Minute_5_Fluctuation":  0.0676684393595904,
    "Minute_10":  19899323.6432972,
    "Minute_10_Fluctuation":  0.0676684393595904,
    "Hour":  19899323.6432972,
    "Hour_Fluctuation":  0.0676684393595904,
    "Day":  19899323.6432972,
    "Day_Fluctuation":  0.0676684393595904,
    "ThreeDay":  19899323.6432972,
    "ThreeDay_Fluctuation":  0.0676684393595904,
    "Week":  19899323.6432972,
    "Week_Fluctuation":  0.0676684393595904,
    "Duration":  "00:01:01.2198795",
    "Updated":  "\/Date(1578733944374)\/",
    "Failed":  0,
    "PowerDraw_Live":  277,
    "PowerDraw_Average":  307.77534461603165,
    "Diff_Live":  13.045454545454545,
    "Diff_Average":  86.192494493558712,
    "Ratio_Live":  0.025
}
