{
    "Live":  63.9608333333333,
    "Minute":  63.9608333333333,
    "Minute_Fluctuation":  0,
    "Minute_5":  63.9608333333333,
    "Minute_5_Fluctuation":  0,
    "Minute_10":  63.9608333333333,
    "Minute_10_Fluctuation":  0,
    "Hour":  63.9608333333333,
    "Hour_Fluctuation":  0,
    "Day":  63.9608333333333,
    "Day_Fluctuation":  0,
    "ThreeDay":  63.9608333333333,
    "ThreeDay_Fluctuation":  0,
    "Week":  63.9608333333333,
    "Week_Fluctuation":  0,
    "Duration":  "00:00:21.0016936",
    "Updated":  "\/Date(1580313496864)\/",
    "Failed":  0,
    "PowerDraw_Live":  214,
    "PowerDraw_Average":  214,
    "Diff_Live":  0,
    "Diff_Average":  0,
    "Ratio_Live":  0
}
