{
    "Live":  3496166.66666667,
    "Minute":  3496166.66666667,
    "Minute_Fluctuation":  0,
    "Minute_5":  3496166.66666667,
    "Minute_5_Fluctuation":  0,
    "Minute_10":  3496166.66666667,
    "Minute_10_Fluctuation":  0,
    "Hour":  3496166.66666667,
    "Hour_Fluctuation":  0,
    "Day":  3496166.66666667,
    "Day_Fluctuation":  0,
    "ThreeDay":  3496166.66666667,
    "ThreeDay_Fluctuation":  0,
    "Week":  3496166.66666667,
    "Week_Fluctuation":  0,
    "Duration":  "00:00:20.7024902",
    "Updated":  "\/Date(1577709053011)\/",
    "Failed":  0,
    "PowerDraw_Live":  154,
    "PowerDraw_Average":  154,
    "Diff_Live":  0,
    "Diff_Average":  0,
    "Ratio_Live":  0
}
