{
    "Live":  12365555.5555556,
    "Minute":  12365555.5555556,
    "Minute_Fluctuation":  0,
    "Minute_5":  12365555.5555556,
    "Minute_5_Fluctuation":  0,
    "Minute_10":  12365555.5555556,
    "Minute_10_Fluctuation":  0,
    "Hour":  12365555.5555556,
    "Hour_Fluctuation":  0,
    "Day":  12365555.5555556,
    "Day_Fluctuation":  0,
    "ThreeDay":  12365555.5555556,
    "ThreeDay_Fluctuation":  0,
    "Week":  12365555.5555556,
    "Week_Fluctuation":  0,
    "Duration":  "00:00:20.7343956",
    "Updated":  "\/Date(1577707351674)\/",
    "Failed":  0,
    "PowerDraw_Live":  134,
    "PowerDraw_Average":  134,
    "Diff_Live":  5.1428571428571432,
    "Diff_Average":  5.1428571428571432,
    "Ratio_Live":  0
}
