{
    "Live":  1012845161.11796,
    "Minute":  1013627092.6111,
    "Minute_Fluctuation":  0.004596598360423608,
    "Minute_5":  1010716633.66592,
    "Minute_5_Fluctuation":  0.0063070872136984516,
    "Minute_10":  1010348477.54671,
    "Minute_10_Fluctuation":  0.0063610644611792888,
    "Hour":  1010348477.54671,
    "Hour_Fluctuation":  0.0063610644611792888,
    "Day":  1010348477.54671,
    "Day_Fluctuation":  0.0063610644611792888,
    "ThreeDay":  1010348477.54671,
    "ThreeDay_Fluctuation":  0.0063610644611792888,
    "Week":  1010348477.54671,
    "Week_Fluctuation":  0.0063610644611792888,
    "Duration":  "00:08:04.1748303",
    "Updated":  "\/Date(1578320139782)\/",
    "Failed":  0,
    "PowerDraw_Live":  239,
    "PowerDraw_Average":  237.56450524737386,
    "Diff_Live":  13940000000,
    "Diff_Average":  117351615883.77452,
    "Ratio_Live":  0
}
