{
    "Live":  867.846153846154,
    "Minute":  867.846153846154,
    "Minute_Fluctuation":  0,
    "Minute_5":  867.846153846154,
    "Minute_5_Fluctuation":  0,
    "Minute_10":  867.846153846154,
    "Minute_10_Fluctuation":  0,
    "Hour":  867.846153846154,
    "Hour_Fluctuation":  0,
    "Day":  867.846153846154,
    "Day_Fluctuation":  0,
    "ThreeDay":  867.846153846154,
    "ThreeDay_Fluctuation":  0,
    "Week":  867.846153846154,
    "Week_Fluctuation":  0,
    "Duration":  "00:00:20.9305547",
    "Updated":  "\/Date(1569505528222)\/",
    "Failed":  0,
    "PowerDraw_Live":  89,
    "Diff_Average":  0,
    "PowerDraw_Average":  89,
    "Diff_Live":  0
}
