{
    "Live":  8532.75,
    "Minute":  8532.45360762881,
    "Minute_Fluctuation":  0.0014331589596437151,
    "Minute_5":  8515.9881938611,
    "Minute_5_Fluctuation":  0.0026397115875584042,
    "Minute_10":  8514.7281499622,
    "Minute_10_Fluctuation":  0.0026427703604123449,
    "Hour":  8504.44531595204,
    "Hour_Fluctuation":  0.0029089453572993538,
    "Day":  8515.78587320304,
    "Day_Fluctuation":  0.00088404291173825491,
    "ThreeDay":  8515.78587320304,
    "ThreeDay_Fluctuation":  0.00088404291173825513,
    "Week":  8515.78587320304,
    "Week_Fluctuation":  0.00088404291173825491,
    "Duration":  "09:56:00.7584553",
    "Updated":  "\/Date(1579685549764)\/",
    "Failed":  0,
    "PowerDraw_Live":  314,
    "PowerDraw_Average":  314.7882318176936,
    "Diff_Live":  0,
    "Diff_Average":  0,
    "Ratio_Live":  0
}
