{
    "Live":  31738.7233333333,
    "Minute":  31738.7233333333,
    "Minute_Fluctuation":  0,
    "Minute_5":  31738.7233333333,
    "Minute_5_Fluctuation":  0,
    "Minute_10":  31738.7233333333,
    "Minute_10_Fluctuation":  0,
    "Hour":  31738.7233333333,
    "Hour_Fluctuation":  0,
    "Day":  31738.7233333333,
    "Day_Fluctuation":  0,
    "ThreeDay":  31738.7233333333,
    "ThreeDay_Fluctuation":  0,
    "Week":  31738.7233333333,
    "Week_Fluctuation":  0,
    "Duration":  "00:00:20.6811027",
    "Updated":  "\/Date(1579164707702)\/",
    "Failed":  30,
    "PowerDraw_Live":  99,
    "PowerDraw_Average":  99,
    "Diff_Live":  6094.5,
    "Diff_Average":  6094.5,
    "Ratio_Live":  0
}
