{
    "Live":  836.927272727273,
    "Minute":  836.927272727273,
    "Minute_Fluctuation":  0,
    "Minute_5":  836.927272727273,
    "Minute_5_Fluctuation":  0,
    "Minute_10":  836.927272727273,
    "Minute_10_Fluctuation":  0,
    "Hour":  836.927272727273,
    "Hour_Fluctuation":  0,
    "Day":  836.927272727273,
    "Day_Fluctuation":  0,
    "ThreeDay":  836.927272727273,
    "ThreeDay_Fluctuation":  0,
    "Week":  836.927272727273,
    "Week_Fluctuation":  0,
    "Duration":  "00:00:20.2578654",
    "Updated":  "\/Date(1577711128014)\/",
    "Failed":  0,
    "PowerDraw_Live":  101,
    "PowerDraw_Average":  101,
    "Diff_Live":  0,
    "Diff_Average":  0,
    "Ratio_Live":  0
}
