{
    "Live":  8714.11538461538,
    "Minute":  8714.11538461538,
    "Minute_Fluctuation":  0,
    "Minute_5":  8714.11538461538,
    "Minute_5_Fluctuation":  0,
    "Minute_10":  8714.11538461538,
    "Minute_10_Fluctuation":  0,
    "Hour":  8714.11538461538,
    "Hour_Fluctuation":  0,
    "Day":  8714.11538461538,
    "Day_Fluctuation":  0,
    "ThreeDay":  8714.11538461538,
    "ThreeDay_Fluctuation":  0,
    "Week":  8714.11538461538,
    "Week_Fluctuation":  0,
    "Duration":  "00:00:19.8393837",
    "Updated":  "\/Date(1578393708877)\/",
    "Failed":  0,
    "PowerDraw_Live":  307,
    "PowerDraw_Average":  307,
    "Diff_Live":  500054,
    "Diff_Average":  500054,
    "Ratio_Live":  0
}
