{
    "Live":  41772907.5714286,
    "Minute":  41772907.5714286,
    "Minute_Fluctuation":  0,
    "Minute_5":  41772907.5714286,
    "Minute_5_Fluctuation":  0,
    "Minute_10":  41772907.5714286,
    "Minute_10_Fluctuation":  0,
    "Hour":  41772907.5714286,
    "Hour_Fluctuation":  0,
    "Day":  41772907.5714286,
    "Day_Fluctuation":  0,
    "ThreeDay":  41772907.5714286,
    "ThreeDay_Fluctuation":  0,
    "Week":  41772907.5714286,
    "Week_Fluctuation":  0,
    "Duration":  "00:00:20.2066732",
    "Updated":  "\/Date(1577705106184)\/",
    "Failed":  0,
    "PowerDraw_Live":  216,
    "PowerDraw_Average":  216,
    "Diff_Live":  50332416,
    "Diff_Average":  50332416,
    "Ratio_Live":  0
}
