{
    "Live":  1040.50357142857,
    "Minute":  1040.50357142857,
    "Minute_Fluctuation":  0,
    "Minute_5":  1040.50357142857,
    "Minute_5_Fluctuation":  0,
    "Minute_10":  1040.50357142857,
    "Minute_10_Fluctuation":  0,
    "Hour":  1040.50357142857,
    "Hour_Fluctuation":  0,
    "Day":  1040.50357142857,
    "Day_Fluctuation":  0,
    "ThreeDay":  1040.50357142857,
    "ThreeDay_Fluctuation":  0,
    "Week":  1040.50357142857,
    "Week_Fluctuation":  0,
    "Duration":  "00:00:20.5081243",
    "Updated":  "\/Date(1576123295718)\/",
    "Failed":  0,
    "PowerDraw_Live":  84,
    "PowerDraw_Average":  84,
    "Diff_Live":  50357.1428571429,
    "Diff_Average":  50357.1428571429,
    "Ratio_Live":  0
}
