{
    "Live":  1108.33333333333,
    "Minute":  1108.33333333333,
    "Minute_Fluctuation":  0,
    "Minute_5":  1108.33333333333,
    "Minute_5_Fluctuation":  0,
    "Minute_10":  1108.33333333333,
    "Minute_10_Fluctuation":  0,
    "Hour":  1108.33333333333,
    "Hour_Fluctuation":  0,
    "Day":  1108.33333333333,
    "Day_Fluctuation":  0,
    "ThreeDay":  1108.33333333333,
    "ThreeDay_Fluctuation":  0,
    "Week":  1108.33333333333,
    "Week_Fluctuation":  0,
    "Duration":  "00:00:20.1085520",
    "Updated":  "\/Date(1569232857150)\/",
    "Failed":  0,
    "PowerDraw_Live":  104,
    "Diff_Average":  27070.08840232,
    "PowerDraw_Average":  104,
    "Diff_Live":  27070.08840232
}
