{
    "Live":  19735165.2857143,
    "Minute":  19735165.2857143,
    "Minute_Fluctuation":  0,
    "Minute_5":  19735165.2857143,
    "Minute_5_Fluctuation":  0,
    "Minute_10":  19735165.2857143,
    "Minute_10_Fluctuation":  0,
    "Hour":  19735165.2857143,
    "Hour_Fluctuation":  0,
    "Day":  19735165.2857143,
    "Day_Fluctuation":  0,
    "ThreeDay":  19735165.2857143,
    "ThreeDay_Fluctuation":  0,
    "Week":  19735165.2857143,
    "Week_Fluctuation":  0,
    "Duration":  "00:00:20.3914251",
    "Updated":  "\/Date(1577716447236)\/",
    "Failed":  0,
    "PowerDraw_Live":  179,
    "PowerDraw_Average":  179,
    "Diff_Live":  50332416,
    "Diff_Average":  50332416,
    "Ratio_Live":  0
}
