{
    "Live":  3058286077.21062,
    "Minute":  3058286077.21062,
    "Minute_Fluctuation":  0,
    "Minute_5":  3058286077.21062,
    "Minute_5_Fluctuation":  0,
    "Minute_10":  3058286077.21062,
    "Minute_10_Fluctuation":  0,
    "Hour":  3058286077.21062,
    "Hour_Fluctuation":  0,
    "Day":  3058286077.21062,
    "Day_Fluctuation":  0,
    "ThreeDay":  3058286077.21062,
    "ThreeDay_Fluctuation":  0,
    "Week":  3058286077.21062,
    "Week_Fluctuation":  0,
    "Duration":  "00:00:20.7363478",
    "Updated":  "\/Date(1580100132346)\/",
    "Failed":  0,
    "PowerDraw_Live":  181,
    "PowerDraw_Average":  181,
    "Diff_Live":  0,
    "Diff_Average":  0,
    "Ratio_Live":  0
}
