{
    "Live":  40.9181818181818,
    "Minute":  40.9181818181818,
    "Minute_Fluctuation":  0,
    "Minute_5":  40.9181818181818,
    "Minute_5_Fluctuation":  0,
    "Minute_10":  40.9181818181818,
    "Minute_10_Fluctuation":  0,
    "Hour":  40.9181818181818,
    "Hour_Fluctuation":  0,
    "Day":  40.9181818181818,
    "Day_Fluctuation":  0,
    "ThreeDay":  40.9181818181818,
    "ThreeDay_Fluctuation":  0,
    "Week":  40.9181818181818,
    "Week_Fluctuation":  0,
    "Duration":  "00:00:20.6701930",
    "Updated":  "\/Date(1580311069260)\/",
    "Failed":  0,
    "PowerDraw_Live":  239,
    "PowerDraw_Average":  239,
    "Diff_Live":  0,
    "Diff_Average":  0,
    "Ratio_Live":  0
}
