{
    "Live":  432.333333333333,
    "Minute":  432.333333333333,
    "Minute_Fluctuation":  0,
    "Minute_5":  432.333333333333,
    "Minute_5_Fluctuation":  0,
    "Minute_10":  432.333333333333,
    "Minute_10_Fluctuation":  0,
    "Hour":  432.333333333333,
    "Hour_Fluctuation":  0,
    "Day":  432.333333333333,
    "Day_Fluctuation":  0,
    "ThreeDay":  432.333333333333,
    "ThreeDay_Fluctuation":  0,
    "Week":  432.333333333333,
    "Week_Fluctuation":  0,
    "Duration":  "00:00:23.7030757",
    "Updated":  "\/Date(1577708791139)\/",
    "Failed":  0,
    "PowerDraw_Live":  110,
    "PowerDraw_Average":  110,
    "Diff_Live":  0,
    "Diff_Average":  0,
    "Ratio_Live":  0
}
