{
    "Live":  2918.83333333333,
    "Minute":  2918.83333333333,
    "Minute_Fluctuation":  0,
    "Minute_5":  2918.83333333333,
    "Minute_5_Fluctuation":  0,
    "Minute_10":  2918.83333333333,
    "Minute_10_Fluctuation":  0,
    "Hour":  2918.83333333333,
    "Hour_Fluctuation":  0,
    "Day":  2918.83333333333,
    "Day_Fluctuation":  0,
    "ThreeDay":  2918.83333333333,
    "ThreeDay_Fluctuation":  0,
    "Week":  2918.83333333333,
    "Week_Fluctuation":  0,
    "Duration":  "00:00:20.3904023",
    "Updated":  "\/Date(1577708673563)\/",
    "Failed":  0,
    "PowerDraw_Live":  232,
    "PowerDraw_Average":  232,
    "Diff_Live":  240009.34875664007,
    "Diff_Average":  240009.34875664007,
    "Ratio_Live":  0
}
