{
    "Live":  10819890.8333333,
    "Minute":  10819890.8333333,
    "Minute_Fluctuation":  0,
    "Minute_5":  10819890.8333333,
    "Minute_5_Fluctuation":  0,
    "Minute_10":  10819890.8333333,
    "Minute_10_Fluctuation":  0,
    "Hour":  10819890.8333333,
    "Hour_Fluctuation":  0,
    "Day":  10819890.8333333,
    "Day_Fluctuation":  0,
    "ThreeDay":  10819890.8333333,
    "ThreeDay_Fluctuation":  0,
    "Week":  10819890.8333333,
    "Week_Fluctuation":  0,
    "Duration":  "00:00:20.2351205",
    "Updated":  "\/Date(1577701239946)\/",
    "Failed":  0,
    "PowerDraw_Live":  126,
    "PowerDraw_Average":  126,
    "Diff_Live":  171801313,
    "Diff_Average":  171801313,
    "Ratio_Live":  0
}
