{
    "Live":  307230883.708903,
    "Minute":  307230883.708903,
    "Minute_Fluctuation":  0,
    "Minute_5":  307230883.708903,
    "Minute_5_Fluctuation":  0,
    "Minute_10":  307230883.708903,
    "Minute_10_Fluctuation":  0,
    "Hour":  307230883.708903,
    "Hour_Fluctuation":  0,
    "Day":  307230883.708903,
    "Day_Fluctuation":  0,
    "ThreeDay":  307230883.708903,
    "ThreeDay_Fluctuation":  0,
    "Week":  307230883.708903,
    "Week_Fluctuation":  0,
    "Duration":  "00:00:20.4247177",
    "Updated":  "\/Date(1577690285582)\/",
    "Failed":  0,
    "PowerDraw_Live":  0,
    "PowerDraw_Average":  0,
    "Diff_Live":  100000000000,
    "Diff_Average":  100000000000,
    "Ratio_Live":  0
}
