{
    "Live":  28098175.1124484,
    "Minute":  28098175.1124484,
    "Minute_Fluctuation":  0,
    "Minute_5":  28098175.1124484,
    "Minute_5_Fluctuation":  0,
    "Minute_10":  28098175.1124484,
    "Minute_10_Fluctuation":  0,
    "Hour":  28098175.1124484,
    "Hour_Fluctuation":  0,
    "Day":  28098175.1124484,
    "Day_Fluctuation":  0,
    "ThreeDay":  28098175.1124484,
    "ThreeDay_Fluctuation":  0,
    "Week":  28098175.1124484,
    "Week_Fluctuation":  0,
    "Duration":  "00:00:20.5923740",
    "Updated":  "\/Date(1578546675058)\/",
    "Failed":  0,
    "PowerDraw_Live":  130,
    "PowerDraw_Average":  130,
    "Diff_Live":  4000000000,
    "Diff_Average":  4000000000,
    "Ratio_Live":  0
}
