{
    "Live":  41.7115384615385,
    "Minute":  42.2938677014014,
    "Minute_Fluctuation":  0.022080584713436786,
    "Minute_5":  42.4047404816286,
    "Minute_5_Fluctuation":  0.021935230701861125,
    "Minute_10":  42.4047404816286,
    "Minute_10_Fluctuation":  0.021935230701861125,
    "Hour":  42.4047404816286,
    "Hour_Fluctuation":  0.021935230701861121,
    "Day":  42.4047404816286,
    "Day_Fluctuation":  0.021935230701861125,
    "ThreeDay":  42.4047404816286,
    "ThreeDay_Fluctuation":  0.021935230701861125,
    "Week":  42.4047404816286,
    "Week_Fluctuation":  0.021935230701861125,
    "Duration":  "00:01:44.1158565",
    "Updated":  "\/Date(1579037710111)\/",
    "Failed":  48,
    "PowerDraw_Live":  332,
    "PowerDraw_Average":  332.49263733506336,
    "Diff_Live":  0,
    "Diff_Average":  0,
    "Ratio_Live":  1
}
