{
    "Live":  7994931.71428572,
    "Minute":  7994931.71428572,
    "Minute_Fluctuation":  0,
    "Minute_5":  7994931.71428572,
    "Minute_5_Fluctuation":  0,
    "Minute_10":  7994931.71428572,
    "Minute_10_Fluctuation":  0,
    "Hour":  7994931.71428572,
    "Hour_Fluctuation":  0,
    "Day":  7994931.71428572,
    "Day_Fluctuation":  0,
    "ThreeDay":  7994931.71428572,
    "ThreeDay_Fluctuation":  0,
    "Week":  7994931.71428572,
    "Week_Fluctuation":  0,
    "Duration":  "00:00:20.3242063",
    "Updated":  "\/Date(1577711605023)\/",
    "Failed":  0,
    "PowerDraw_Live":  118,
    "PowerDraw_Average":  118,
    "Diff_Live":  50332416,
    "Diff_Average":  50332416,
    "Ratio_Live":  0
}
