{
    "Live":  23346474.8333333,
    "Minute":  23346474.8333333,
    "Minute_Fluctuation":  0,
    "Minute_5":  23346474.8333333,
    "Minute_5_Fluctuation":  0,
    "Minute_10":  23346474.8333333,
    "Minute_10_Fluctuation":  0,
    "Hour":  23346474.8333333,
    "Hour_Fluctuation":  0,
    "Day":  23346474.8333333,
    "Day_Fluctuation":  0,
    "ThreeDay":  23346474.8333333,
    "ThreeDay_Fluctuation":  0,
    "Week":  23346474.8333333,
    "Week_Fluctuation":  0,
    "Duration":  "00:00:23.4368518",
    "Updated":  "\/Date(1561959396505)\/",
    "Failed":  0,
    "PowerDraw_Live":  152,
    "Diff_Average":  536879104,
    "PowerDraw_Average":  152,
    "Diff_Live":  536879104
}
