{
    "Live":  7178383.14285714,
    "Minute":  7178383.14285714,
    "Minute_Fluctuation":  0,
    "Minute_5":  7178383.14285714,
    "Minute_5_Fluctuation":  0,
    "Minute_10":  7178383.14285714,
    "Minute_10_Fluctuation":  0,
    "Hour":  7178383.14285714,
    "Hour_Fluctuation":  0,
    "Day":  7178383.14285714,
    "Day_Fluctuation":  0,
    "ThreeDay":  7178383.14285714,
    "ThreeDay_Fluctuation":  0,
    "Week":  7178383.14285714,
    "Week_Fluctuation":  0,
    "Duration":  "00:00:19.8173250",
    "Updated":  "\/Date(1577694925864)\/",
    "Failed":  0,
    "PowerDraw_Live":  151,
    "PowerDraw_Average":  151,
    "Diff_Live":  436214272,
    "Diff_Average":  436214272,
    "Ratio_Live":  0
}
