{
    "Live":  4017181.81818182,
    "Minute":  4017181.81818182,
    "Minute_Fluctuation":  0,
    "Minute_5":  4017181.81818182,
    "Minute_5_Fluctuation":  0,
    "Minute_10":  4017181.81818182,
    "Minute_10_Fluctuation":  0,
    "Hour":  4017181.81818182,
    "Hour_Fluctuation":  0,
    "Day":  4017181.81818182,
    "Day_Fluctuation":  0,
    "ThreeDay":  4017181.81818182,
    "ThreeDay_Fluctuation":  0,
    "Week":  4017181.81818182,
    "Week_Fluctuation":  0,
    "Duration":  "00:00:20.2351205",
    "Updated":  "\/Date(1577701239881)\/",
    "Failed":  0,
    "PowerDraw_Live":  239,
    "PowerDraw_Average":  239,
    "Diff_Live":  0,
    "Diff_Average":  0,
    "Ratio_Live":  0
}
