{
    "Live":  23429.8888888889,
    "Minute":  23429.8888888889,
    "Minute_Fluctuation":  0,
    "Minute_5":  23429.8888888889,
    "Minute_5_Fluctuation":  0,
    "Minute_10":  23429.8888888889,
    "Minute_10_Fluctuation":  0,
    "Hour":  23429.8888888889,
    "Hour_Fluctuation":  0,
    "Day":  23429.8888888889,
    "Day_Fluctuation":  0,
    "ThreeDay":  23429.8888888889,
    "ThreeDay_Fluctuation":  0,
    "Week":  23429.8888888889,
    "Week_Fluctuation":  0,
    "Duration":  "00:00:20.1474073",
    "Updated":  "\/Date(1580199178403)\/",
    "Failed":  0,
    "PowerDraw_Live":  239,
    "PowerDraw_Average":  239,
    "Diff_Live":  382386,
    "Diff_Average":  382386,
    "Ratio_Live":  0
}
