{
    "Live":  228064664.629598,
    "Minute":  228064664.629598,
    "Minute_Fluctuation":  0,
    "Minute_5":  228064664.629598,
    "Minute_5_Fluctuation":  0,
    "Minute_10":  228064664.629598,
    "Minute_10_Fluctuation":  0,
    "Hour":  228064664.629598,
    "Hour_Fluctuation":  0,
    "Day":  228064664.629598,
    "Day_Fluctuation":  0,
    "ThreeDay":  228064664.629598,
    "ThreeDay_Fluctuation":  0,
    "Week":  228064664.629598,
    "Week_Fluctuation":  0,
    "Duration":  "00:00:20.5383655",
    "Updated":  "\/Date(1578548062658)\/",
    "Failed":  0,
    "PowerDraw_Live":  0,
    "PowerDraw_Average":  0,
    "Diff_Live":  40000000000,
    "Diff_Average":  40000000000,
    "Ratio_Live":  0
}
