{
    "Live":  228876776.810236,
    "Minute":  228876776.810236,
    "Minute_Fluctuation":  0,
    "Minute_5":  228876776.810236,
    "Minute_5_Fluctuation":  0,
    "Minute_10":  228876776.810236,
    "Minute_10_Fluctuation":  0,
    "Hour":  228876776.810236,
    "Hour_Fluctuation":  0,
    "Day":  228876776.810236,
    "Day_Fluctuation":  0,
    "ThreeDay":  228876776.810236,
    "ThreeDay_Fluctuation":  0,
    "Week":  228876776.810236,
    "Week_Fluctuation":  0,
    "Duration":  "00:00:20.4543778",
    "Updated":  "\/Date(1578547373395)\/",
    "Failed":  0,
    "PowerDraw_Live":  0,
    "PowerDraw_Average":  0,
    "Diff_Live":  40000000000,
    "Diff_Average":  40000000000,
    "Ratio_Live":  0
}
