{
    "Live":  6451.84615384615,
    "Minute":  7333.33523539127,
    "Minute_Fluctuation":  0.16700146448851469,
    "Minute_5":  7333.79493023249,
    "Minute_5_Fluctuation":  0.16699799880698729,
    "Minute_10":  7333.79493023249,
    "Minute_10_Fluctuation":  0.16699799880698729,
    "Hour":  7333.79493023249,
    "Hour_Fluctuation":  0.16699799880698726,
    "Day":  7333.79493023249,
    "Day_Fluctuation":  0.16699799880698729,
    "ThreeDay":  7333.79493023249,
    "ThreeDay_Fluctuation":  0.16699799880698729,
    "Week":  7333.79493023249,
    "Week_Fluctuation":  0.16699799880698726,
    "Duration":  "00:01:21.0476470",
    "Updated":  "\/Date(1578394099360)\/",
    "Failed":  17,
    "PowerDraw_Live":  235,
    "PowerDraw_Average":  225.67061070916498,
    "Diff_Live":  125002,
    "Diff_Average":  228224.69546112118,
    "Ratio_Live":  0
}
