{
    "Live":  3061.01666666667,
    "Minute":  3026.6719167607,
    "Minute_Fluctuation":  0.008101264941704359,
    "Minute_5":  3009.93564729036,
    "Minute_5_Fluctuation":  0.0062146757552954991,
    "Minute_10":  3008.31592227349,
    "Minute_10_Fluctuation":  0.0061243186634336345,
    "Hour":  3007.53470120521,
    "Hour_Fluctuation":  0.006089932001045433,
    "Day":  3007.53470120521,
    "Day_Fluctuation":  0.006089932001045433,
    "ThreeDay":  3007.53470120521,
    "ThreeDay_Fluctuation":  0.006089932001045433,
    "Week":  3007.53470120521,
    "Week_Fluctuation":  0.006089932001045433,
    "Duration":  "00:16:21.7317512",
    "Updated":  "\/Date(1580668532097)\/",
    "Failed":  0,
    "PowerDraw_Live":  181,
    "PowerDraw_Average":  231.05339916429261,
    "Diff_Live":  67750,
    "Diff_Average":  56505.700807526853,
    "Ratio_Live":  0
}
