{
    "Live":  96470.7692307692,
    "Minute":  79460.9498456388,
    "Minute_Fluctuation":  0.25345987379427665,
    "Minute_5":  81764.9436180534,
    "Minute_5_Fluctuation":  0.17125065149234894,
    "Minute_10":  81764.9436180534,
    "Minute_10_Fluctuation":  0.17125065149234894,
    "Hour":  81764.9436180534,
    "Hour_Fluctuation":  0.17125065149234894,
    "Day":  81764.9436180534,
    "Day_Fluctuation":  0.17125065149234894,
    "ThreeDay":  81764.9436180534,
    "ThreeDay_Fluctuation":  0.17125065149234894,
    "Week":  81764.9436180534,
    "Week_Fluctuation":  0.17125065149234894,
    "Duration":  "00:03:04.7827872",
    "Updated":  "\/Date(1581329257186)\/",
    "Failed":  23,
    "PowerDraw_Live":  115,
    "PowerDraw_Average":  106.40498484402295,
    "Diff_Live":  155.53846153846155,
    "Diff_Average":  122.67226236192315,
    "Ratio_Live":  0.0645
}
