{
    "Live":  172130,
    "Minute":  171598.773335577,
    "Minute_Fluctuation":  0.0049480934078877416,
    "Minute_5":  171082.169721125,
    "Minute_5_Fluctuation":  0.0064262180614096717,
    "Minute_10":  170936.648803891,
    "Minute_10_Fluctuation":  0.0074261751125060992,
    "Hour":  169180.190619757,
    "Hour_Fluctuation":  0.0084013500113481136,
    "Day":  167946.140245414,
    "Day_Fluctuation":  0.006944683206503887,
    "ThreeDay":  167946.140245414,
    "ThreeDay_Fluctuation":  0.0069446832065038861,
    "Week":  167946.140245414,
    "Week_Fluctuation":  0.006944683206503887,
    "Duration":  "04:22:35.6714800",
    "Updated":  "\/Date(1580098397470)\/",
    "Failed":  0,
    "PowerDraw_Live":  238,
    "PowerDraw_Average":  238.80092657509951,
    "Diff_Live":  24693629.846653435,
    "Diff_Average":  2128766403.6632268,
    "Ratio_Live":  0
}
