{
    "Live":  2987,
    "Minute":  3577.94044705066,
    "Minute_Fluctuation":  0.13830202085095383,
    "Minute_5":  3690.67278749737,
    "Minute_5_Fluctuation":  0.14243042665614358,
    "Minute_10":  3690.67278749737,
    "Minute_10_Fluctuation":  0.14243042665614358,
    "Hour":  3690.67278749737,
    "Hour_Fluctuation":  0.14243042665614353,
    "Day":  3690.67278749737,
    "Day_Fluctuation":  0.14243042665614358,
    "ThreeDay":  3690.67278749737,
    "ThreeDay_Fluctuation":  0.14243042665614358,
    "Week":  3690.67278749737,
    "Week_Fluctuation":  0.14243042665614358,
    "Duration":  "00:02:44.7209119",
    "Updated":  "\/Date(1578438089485)\/",
    "Failed":  3,
    "PowerDraw_Live":  228,
    "PowerDraw_Average":  289.57176502145205,
    "Diff_Live":  22857.181685377145,
    "Diff_Average":  420109.95965311589,
    "Ratio_Live":  0
}
