{
    "Live":  31712000,
    "Minute":  31696266.0413829,
    "Minute_Fluctuation":  0.00095594091030298247,
    "Minute_5":  31634130.4578332,
    "Minute_5_Fluctuation":  0.0059682297331049988,
    "Minute_10":  31293085.9461967,
    "Minute_10_Fluctuation":  0.036778428394233412,
    "Hour":  30672024.1053237,
    "Hour_Fluctuation":  0.0663729997226486,
    "Day":  30672024.1053237,
    "Day_Fluctuation":  0.066372999722648582,
    "ThreeDay":  30672024.1053237,
    "ThreeDay_Fluctuation":  0.066372999722648582,
    "Week":  30672024.1053237,
    "Week_Fluctuation":  0.066372999722648582,
    "Duration":  "00:31:04.2706100",
    "Updated":  "\/Date(1578748326212)\/",
    "Failed":  10,
    "PowerDraw_Live":  66,
    "PowerDraw_Average":  89.650372226093225,
    "Diff_Live":  0,
    "Diff_Average":  0,
    "Ratio_Live":  0
}
