{
    "Live":  1071.44615384615,
    "Minute":  1071.44615384615,
    "Minute_Fluctuation":  0,
    "Minute_5":  1071.44615384615,
    "Minute_5_Fluctuation":  0,
    "Minute_10":  1071.44615384615,
    "Minute_10_Fluctuation":  0,
    "Hour":  1071.44615384615,
    "Hour_Fluctuation":  0,
    "Day":  1071.44615384615,
    "Day_Fluctuation":  0,
    "ThreeDay":  1071.44615384615,
    "ThreeDay_Fluctuation":  0,
    "Week":  1071.44615384615,
    "Week_Fluctuation":  0,
    "Duration":  "00:00:20.7270721",
    "Updated":  "\/Date(1569518411650)\/",
    "Failed":  0,
    "PowerDraw_Live":  103,
    "Diff_Average":  200007,
    "PowerDraw_Average":  103,
    "Diff_Live":  200007
}
