{
    "Live":  38189222.3074853,
    "Minute":  38189222.3074853,
    "Minute_Fluctuation":  0,
    "Minute_5":  38189222.3074853,
    "Minute_5_Fluctuation":  0,
    "Minute_10":  38189222.3074853,
    "Minute_10_Fluctuation":  0,
    "Hour":  38189222.3074853,
    "Hour_Fluctuation":  0,
    "Day":  38189222.3074853,
    "Day_Fluctuation":  0,
    "ThreeDay":  38189222.3074853,
    "ThreeDay_Fluctuation":  0,
    "Week":  38189222.3074853,
    "Week_Fluctuation":  0,
    "Duration":  "00:00:20.4663676",
    "Updated":  "\/Date(1578547024087)\/",
    "Failed":  0,
    "PowerDraw_Live":  239,
    "PowerDraw_Average":  239,
    "Diff_Live":  4000000000,
    "Diff_Average":  4000000000,
    "Ratio_Live":  0
}
