{
    "Live":  2090.42857142857,
    "Minute":  2093.54855401065,
    "Minute_Fluctuation":  0.0035081873721479829,
    "Minute_5":  2092.63918660099,
    "Minute_5_Fluctuation":  0.0059720915255895559,
    "Minute_10":  2096.96893507265,
    "Minute_10_Fluctuation":  0.0049390639205950928,
    "Hour":  2102.06407850094,
    "Hour_Fluctuation":  0.0033745788353441511,
    "Day":  2102.06407850094,
    "Day_Fluctuation":  0.0033745788353441511,
    "ThreeDay":  2102.06407850094,
    "ThreeDay_Fluctuation":  0.0033745788353441511,
    "Week":  2102.06407850094,
    "Week_Fluctuation":  0.0033745788353441511,
    "Duration":  "00:27:55.1287280",
    "Updated":  "\/Date(1569152726964)\/",
    "Failed":  0,
    "PowerDraw_Live":  92,
    "Diff_Average":  0,
    "PowerDraw_Average":  90.7857027261304,
    "Diff_Live":  0
}
