{
    "Live":  11748874.6666667,
    "Minute":  11659579.8106546,
    "Minute_Fluctuation":  0.00965074231513306,
    "Minute_5":  11623401.4090669,
    "Minute_5_Fluctuation":  0.0094139545834682637,
    "Minute_10":  11623401.4090669,
    "Minute_10_Fluctuation":  0.0094139545834682637,
    "Hour":  11623401.4090669,
    "Hour_Fluctuation":  0.0094139545834682637,
    "Day":  11623401.4090669,
    "Day_Fluctuation":  0.0094139545834682637,
    "ThreeDay":  11623401.4090669,
    "ThreeDay_Fluctuation":  0.0094139545834682637,
    "Week":  11623401.4090669,
    "Week_Fluctuation":  0.0094139545834682637,
    "Duration":  "00:02:43.5636847",
    "Updated":  "\/Date(1581365752371)\/",
    "Failed":  0,
    "PowerDraw_Live":  267,
    "PowerDraw_Average":  300.16863722570861,
    "Diff_Live":  83887360,
    "Diff_Average":  83887360,
    "Ratio_Live":  0
}
