{
    "Live":  396884701.536792,
    "Minute":  396884701.536792,
    "Minute_Fluctuation":  0,
    "Minute_5":  396884701.536792,
    "Minute_5_Fluctuation":  0,
    "Minute_10":  396884701.536792,
    "Minute_10_Fluctuation":  0,
    "Hour":  396884701.536792,
    "Hour_Fluctuation":  0,
    "Day":  396884701.536792,
    "Day_Fluctuation":  0,
    "ThreeDay":  396884701.536792,
    "ThreeDay_Fluctuation":  0,
    "Week":  396884701.536792,
    "Week_Fluctuation":  0,
    "Duration":  "00:00:21.1643318",
    "Updated":  "\/Date(1580022916920)\/",
    "Failed":  0,
    "PowerDraw_Live":  108,
    "PowerDraw_Average":  108,
    "Diff_Live":  0,
    "Diff_Average":  0,
    "Ratio_Live":  0
}
