{
    "Live":  2516.91833333333,
    "Minute":  2516.91833333333,
    "Minute_Fluctuation":  0,
    "Minute_5":  2516.91833333333,
    "Minute_5_Fluctuation":  0,
    "Minute_10":  2516.91833333333,
    "Minute_10_Fluctuation":  0,
    "Hour":  2516.91833333333,
    "Hour_Fluctuation":  0,
    "Day":  2516.91833333333,
    "Day_Fluctuation":  0,
    "ThreeDay":  2516.91833333333,
    "ThreeDay_Fluctuation":  0,
    "Week":  2516.91833333333,
    "Week_Fluctuation":  0,
    "Duration":  "00:00:20.2200455",
    "Updated":  "\/Date(1577703763708)\/",
    "Failed":  0,
    "PowerDraw_Live":  234,
    "PowerDraw_Average":  234,
    "Diff_Live":  0,
    "Diff_Average":  0,
    "Ratio_Live":  0
}
