{
    "Live":  227158906.898769,
    "Minute":  227158906.898769,
    "Minute_Fluctuation":  0,
    "Minute_5":  227158906.898769,
    "Minute_5_Fluctuation":  0,
    "Minute_10":  227158906.898769,
    "Minute_10_Fluctuation":  0,
    "Hour":  227158906.898769,
    "Hour_Fluctuation":  0,
    "Day":  227158906.898769,
    "Day_Fluctuation":  0,
    "ThreeDay":  227158906.898769,
    "ThreeDay_Fluctuation":  0,
    "Week":  227158906.898769,
    "Week_Fluctuation":  0,
    "Duration":  "00:00:19.6344072",
    "Updated":  "\/Date(1578548402928)\/",
    "Failed":  0,
    "PowerDraw_Live":  0,
    "PowerDraw_Average":  0,
    "Diff_Live":  40000000000,
    "Diff_Average":  40000000000,
    "Ratio_Live":  0
}
