{
    "Live":  179271.428571429,
    "Minute":  192250.243318734,
    "Minute_Fluctuation":  0.14964295994021526,
    "Minute_5":  192250.243318734,
    "Minute_5_Fluctuation":  0.14964295994021526,
    "Minute_10":  192250.243318734,
    "Minute_10_Fluctuation":  0.14964295994021526,
    "Hour":  192250.243318734,
    "Hour_Fluctuation":  0.14964295994021526,
    "Day":  192250.243318734,
    "Day_Fluctuation":  0.14964295994021526,
    "ThreeDay":  192250.243318734,
    "ThreeDay_Fluctuation":  0.14964295994021526,
    "Week":  192250.243318734,
    "Week_Fluctuation":  0.14964295994021526,
    "Duration":  "00:01:01.5673470",
    "Updated":  "\/Date(1578370073167)\/",
    "Failed":  8,
    "PowerDraw_Live":  335,
    "PowerDraw_Average":  310.16120263174389,
    "Diff_Live":  66.3,
    "Diff_Average":  58.544212250320022,
    "Ratio_Live":  0
}
