{
    "Live":  19133748.1111111,
    "Minute":  19133748.1111111,
    "Minute_Fluctuation":  0,
    "Minute_5":  19133748.1111111,
    "Minute_5_Fluctuation":  0,
    "Minute_10":  19133748.1111111,
    "Minute_10_Fluctuation":  0,
    "Hour":  19133748.1111111,
    "Hour_Fluctuation":  0,
    "Day":  19133748.1111111,
    "Day_Fluctuation":  0,
    "ThreeDay":  19133748.1111111,
    "ThreeDay_Fluctuation":  0,
    "Week":  19133748.1111111,
    "Week_Fluctuation":  0,
    "Duration":  "00:00:20.5859784",
    "Updated":  "\/Date(1577701513469)\/",
    "Failed":  0,
    "PowerDraw_Live":  225,
    "PowerDraw_Average":  225,
    "Diff_Live":  436214272,
    "Diff_Average":  436214272,
    "Ratio_Live":  0
}
