{
    "Live":  31712000,
    "Minute":  31859062.3163375,
    "Minute_Fluctuation":  0.045212634246951336,
    "Minute_5":  51939470.6129893,
    "Minute_5_Fluctuation":  0.39444589406861885,
    "Minute_10":  65843953.0763288,
    "Minute_10_Fluctuation":  0.32095706553764786,
    "Hour":  86838317.4952853,
    "Hour_Fluctuation":  0.11642636301071126,
    "Day":  86838317.4952853,
    "Day_Fluctuation":  0.11642636301071126,
    "ThreeDay":  86838317.4952853,
    "ThreeDay_Fluctuation":  0.11642636301071126,
    "Week":  86838317.4952853,
    "Week_Fluctuation":  0.11642636301071126,
    "Duration":  "00:53:00.9432913",
    "Updated":  "\/Date(1578627280183)\/",
    "Failed":  108,
    "PowerDraw_Live":  115,
    "PowerDraw_Average":  294.166766135362,
    "Diff_Live":  0,
    "Diff_Average":  0,
    "Ratio_Live":  0
}
