{
    "Live":  1683236.41176471,
    "Minute":  1683236.41176471,
    "Minute_Fluctuation":  0,
    "Minute_5":  1683236.41176471,
    "Minute_5_Fluctuation":  0,
    "Minute_10":  1683236.41176471,
    "Minute_10_Fluctuation":  0,
    "Hour":  1683236.41176471,
    "Hour_Fluctuation":  0,
    "Day":  1683236.41176471,
    "Day_Fluctuation":  0,
    "ThreeDay":  1683236.41176471,
    "ThreeDay_Fluctuation":  0,
    "Week":  1683236.41176471,
    "Week_Fluctuation":  0,
    "Duration":  "00:00:28.2766215",
    "Updated":  "\/Date(1567347661894)\/",
    "Failed":  0,
    "PowerDraw_Live":  123,
    "Diff_Average":  42950328,
    "PowerDraw_Average":  123,
    "Diff_Live":  42950328
}
