{
    "Live":  18106782.4705882,
    "Minute":  18137013.9833945,
    "Minute_Fluctuation":  0.012115922861724538,
    "Minute_5":  18145021.4629025,
    "Minute_5_Fluctuation":  0.0099629260012648723,
    "Minute_10":  18133989.1075408,
    "Minute_10_Fluctuation":  0.012522179833858281,
    "Hour":  17967499.7266239,
    "Hour_Fluctuation":  0.030966302500850335,
    "Day":  17967499.7266239,
    "Day_Fluctuation":  0.030966302500850335,
    "ThreeDay":  17967499.7266239,
    "ThreeDay_Fluctuation":  0.030966302500850335,
    "Week":  17967499.7266239,
    "Week_Fluctuation":  0.030966302500850348,
    "Duration":  "00:45:57.0267849",
    "Updated":  "\/Date(1567538330654)\/",
    "Failed":  10,
    "PowerDraw_Live":  124,
    "Diff_Average":  391234853.396538,
    "PowerDraw_Average":  121.785984696159,
    "Diff_Live":  402659328
}
