{
    "Live":  6914203,
    "Minute":  6886050.25137058,
    "Minute_Fluctuation":  0.0086257481398306409,
    "Minute_5":  6849473.01750622,
    "Minute_5_Fluctuation":  0.014694929016314402,
    "Minute_10":  6849473.01750622,
    "Minute_10_Fluctuation":  0.014694929016314402,
    "Hour":  6849473.01750622,
    "Hour_Fluctuation":  0.0146949290163144,
    "Day":  6849473.01750622,
    "Day_Fluctuation":  0.014694929016314402,
    "ThreeDay":  6849473.01750622,
    "ThreeDay_Fluctuation":  0.014694929016314402,
    "Week":  6849473.01750622,
    "Week_Fluctuation":  0.014694929016314402,
    "Duration":  "00:03:13.5173077",
    "Updated":  "\/Date(1569392096112)\/",
    "Failed":  20,
    "PowerDraw_Live":  122,
    "Diff_Average":  102237720,
    "PowerDraw_Average":  119.462108669673,
    "Diff_Live":  102237720
}
