{
    "Live":  2828.1,
    "Minute":  2899.27637994233,
    "Minute_Fluctuation":  0.021286149548556815,
    "Minute_5":  2929.77186006621,
    "Minute_5_Fluctuation":  0.013422518038457983,
    "Minute_10":  2936.18484993016,
    "Minute_10_Fluctuation":  0.012744639003293803,
    "Hour":  2939.84006260957,
    "Hour_Fluctuation":  0.012411737707238968,
    "Day":  2939.84006260957,
    "Day_Fluctuation":  0.012411737707238968,
    "ThreeDay":  2939.84006260957,
    "ThreeDay_Fluctuation":  0.012411737707238966,
    "Week":  2939.84006260957,
    "Week_Fluctuation":  0.012411737707238968,
    "Duration":  "00:20:27.6822999",
    "Updated":  "\/Date(1578298967526)\/",
    "Failed":  0,
    "PowerDraw_Live":  239,
    "PowerDraw_Average":  231.03699463497856,
    "Diff_Live":  66727,
    "Diff_Average":  118485.08311573144,
    "Ratio_Live":  0
}
