{
    "Live":  10381950.7777778,
    "Minute":  10998207.2273274,
    "Minute_Fluctuation":  0.089656480951343792,
    "Minute_5":  10944705.5432558,
    "Minute_5_Fluctuation":  0.0747939628020375,
    "Minute_10":  10895240.0812433,
    "Minute_10_Fluctuation":  0.079110968887431951,
    "Hour":  10900041.5574454,
    "Hour_Fluctuation":  0.097784990574811242,
    "Day":  10938707.5811726,
    "Day_Fluctuation":  0.10174389400812511,
    "ThreeDay":  10938707.5811726,
    "ThreeDay_Fluctuation":  0.10174389400812511,
    "Week":  10938707.5811726,
    "Week_Fluctuation":  0.10174389400812511,
    "Duration":  "02:12:39.6621470",
    "Updated":  "\/Date(1569090406592)\/",
    "Failed":  25,
    "PowerDraw_Live":  124,
    "Diff_Average":  113130524.261714,
    "PowerDraw_Average":  122.516796804231,
    "Diff_Live":  16777472
}
