{
    "Live":  26512958.1428571,
    "Minute":  26512958.1428571,
    "Minute_Fluctuation":  0,
    "Minute_5":  26512958.1428571,
    "Minute_5_Fluctuation":  0,
    "Minute_10":  26512958.1428571,
    "Minute_10_Fluctuation":  0,
    "Hour":  26512958.1428571,
    "Hour_Fluctuation":  0,
    "Day":  26512958.1428571,
    "Day_Fluctuation":  0,
    "ThreeDay":  26512958.1428571,
    "ThreeDay_Fluctuation":  0,
    "Week":  26512958.1428571,
    "Week_Fluctuation":  0,
    "Duration":  "00:00:20.3894503",
    "Updated":  "\/Date(1577700019605)\/",
    "Failed":  0,
    "PowerDraw_Live":  146,
    "PowerDraw_Average":  146,
    "Diff_Live":  649275059,
    "Diff_Average":  649275059,
    "Ratio_Live":  0
}
