{
    "Live":  38195292.8826138,
    "Minute":  38195292.8826138,
    "Minute_Fluctuation":  0,
    "Minute_5":  38195292.8826138,
    "Minute_5_Fluctuation":  0,
    "Minute_10":  38195292.8826138,
    "Minute_10_Fluctuation":  0,
    "Hour":  38195292.8826138,
    "Hour_Fluctuation":  0,
    "Day":  38195292.8826138,
    "Day_Fluctuation":  0,
    "ThreeDay":  38195292.8826138,
    "ThreeDay_Fluctuation":  0,
    "Week":  38195292.8826138,
    "Week_Fluctuation":  0,
    "Duration":  "00:00:20.5173678",
    "Updated":  "\/Date(1578545972787)\/",
    "Failed":  0,
    "PowerDraw_Live":  238,
    "PowerDraw_Average":  238,
    "Diff_Live":  4000000000,
    "Diff_Average":  4000000000,
    "Ratio_Live":  0
}
