{
    "Live":  126161538.461538,
    "Minute":  122359147.435296,
    "Minute_Fluctuation":  0.054890631746598313,
    "Minute_5":  122548101.038667,
    "Minute_5_Fluctuation":  0.045944400580923091,
    "Minute_10":  122548101.038667,
    "Minute_10_Fluctuation":  0.045944400580923091,
    "Hour":  122548101.038667,
    "Hour_Fluctuation":  0.045944400580923091,
    "Day":  122548101.038667,
    "Day_Fluctuation":  0.045944400580923091,
    "ThreeDay":  122548101.038667,
    "ThreeDay_Fluctuation":  0.0459444005809231,
    "Week":  122548101.038667,
    "Week_Fluctuation":  0.045944400580923084,
    "Duration":  "00:02:43.2026781",
    "Updated":  "\/Date(1579422445107)\/",
    "Failed":  0,
    "PowerDraw_Live":  239,
    "PowerDraw_Average":  232.12384037213548,
    "Diff_Live":  1406,
    "Diff_Average":  867.19861283496971,
    "Ratio_Live":  0.0169
}
