{
    "Live":  1389850819.97539,
    "Minute":  1396350735.26386,
    "Minute_Fluctuation":  0.0036674727662982572,
    "Minute_5":  1404687304.97928,
    "Minute_5_Fluctuation":  0.0035606941848760933,
    "Minute_10":  1406785385.62612,
    "Minute_10_Fluctuation":  0.0025977245605913178,
    "Hour":  1408978145.16434,
    "Hour_Fluctuation":  0.0024770990225179835,
    "Day":  1408978145.16434,
    "Day_Fluctuation":  0.002477099022517984,
    "ThreeDay":  1408978145.16434,
    "ThreeDay_Fluctuation":  0.002477099022517984,
    "Week":  1408978145.16434,
    "Week_Fluctuation":  0.002477099022517984,
    "Duration":  "00:52:32.7066273",
    "Updated":  "\/Date(1578327998437)\/",
    "Failed":  0,
    "PowerDraw_Live":  353,
    "PowerDraw_Average":  384.03132780357606,
    "Diff_Live":  8500000000,
    "Diff_Average":  11349013021.102898,
    "Ratio_Live":  0
}
