{
    "Live":  10098851.7692308,
    "Minute":  10098851.7692308,
    "Minute_Fluctuation":  0,
    "Minute_5":  10098851.7692308,
    "Minute_5_Fluctuation":  0,
    "Minute_10":  10098851.7692308,
    "Minute_10_Fluctuation":  0,
    "Hour":  10098851.7692308,
    "Hour_Fluctuation":  0,
    "Day":  10098851.7692308,
    "Day_Fluctuation":  0,
    "ThreeDay":  10098851.7692308,
    "ThreeDay_Fluctuation":  0,
    "Week":  10098851.7692308,
    "Week_Fluctuation":  0,
    "Duration":  "00:00:19.7241098",
    "Updated":  "\/Date(1577695841590)\/",
    "Failed":  0,
    "PowerDraw_Live":  154,
    "PowerDraw_Average":  154,
    "Diff_Live":  8388736,
    "Diff_Average":  8388736,
    "Ratio_Live":  0.0058
}
