{
    "Live":  547,
    "Minute":  546.697414320676,
    "Minute_Fluctuation":  0.001144076529379378,
    "Minute_5":  545.977578882316,
    "Minute_5_Fluctuation":  0.0018887881419997678,
    "Minute_10":  545.754379639936,
    "Minute_10_Fluctuation":  0.0020941747504440509,
    "Hour":  545.852376548797,
    "Hour_Fluctuation":  0.0012093593010554977,
    "Day":  545.99125610669,
    "Day_Fluctuation":  0.0010151733173321641,
    "ThreeDay":  545.99125610669,
    "ThreeDay_Fluctuation":  0.0010151733173323076,
    "Week":  545.99125610669,
    "Week_Fluctuation":  0.0010151733173321611,
    "Duration":  "03:33:54.6050013",
    "Updated":  "\/Date(1569451629269)\/",
    "Failed":  0,
    "PowerDraw_Live":  97,
    "Diff_Average":  0,
    "PowerDraw_Average":  95.8726209245577,
    "Diff_Live":  0
}
