{
    "Live":  2435.77772727273,
    "Minute":  2435.77772727273,
    "Minute_Fluctuation":  0,
    "Minute_5":  2435.77772727273,
    "Minute_5_Fluctuation":  0,
    "Minute_10":  2435.77772727273,
    "Minute_10_Fluctuation":  0,
    "Hour":  2435.77772727273,
    "Hour_Fluctuation":  0,
    "Day":  2435.77772727273,
    "Day_Fluctuation":  0,
    "ThreeDay":  2435.77772727273,
    "ThreeDay_Fluctuation":  0,
    "Week":  2435.77772727273,
    "Week_Fluctuation":  0,
    "Duration":  "00:00:20.2893010",
    "Updated":  "\/Date(1577697570269)\/",
    "Failed":  0,
    "PowerDraw_Live":  229,
    "PowerDraw_Average":  229,
    "Diff_Live":  0,
    "Diff_Average":  0,
    "Ratio_Live":  0
}
