{
    "Live":  1993.75,
    "Minute":  1993.75,
    "Minute_Fluctuation":  0,
    "Minute_5":  1993.75,
    "Minute_5_Fluctuation":  0,
    "Minute_10":  1993.75,
    "Minute_10_Fluctuation":  0,
    "Hour":  1993.75,
    "Hour_Fluctuation":  0,
    "Day":  1993.75,
    "Day_Fluctuation":  0,
    "ThreeDay":  1993.75,
    "ThreeDay_Fluctuation":  0,
    "Week":  1993.75,
    "Week_Fluctuation":  0,
    "Duration":  "00:00:23.2177756",
    "Updated":  "\/Date(1569229115307)\/",
    "Failed":  0,
    "PowerDraw_Live":  95,
    "Diff_Average":  50161.568930345,
    "PowerDraw_Average":  95,
    "Diff_Live":  50161.568930345
}
