{
    "Live":  10677087.3333333,
    "Minute":  10677087.3333333,
    "Minute_Fluctuation":  0,
    "Minute_5":  10677087.3333333,
    "Minute_5_Fluctuation":  0,
    "Minute_10":  10677087.3333333,
    "Minute_10_Fluctuation":  0,
    "Hour":  10677087.3333333,
    "Hour_Fluctuation":  0,
    "Day":  10677087.3333333,
    "Day_Fluctuation":  0,
    "ThreeDay":  10677087.3333333,
    "ThreeDay_Fluctuation":  0,
    "Week":  10677087.3333333,
    "Week_Fluctuation":  0,
    "Duration":  "00:00:20.3543895",
    "Updated":  "\/Date(1577694625026)\/",
    "Failed":  0,
    "PowerDraw_Live":  151,
    "PowerDraw_Average":  151,
    "Diff_Live":  218107136,
    "Diff_Average":  218107136,
    "Ratio_Live":  0
}
