{
    "Live":  7977402.16666667,
    "Minute":  7977402.16666667,
    "Minute_Fluctuation":  0,
    "Minute_5":  7977402.16666667,
    "Minute_5_Fluctuation":  0,
    "Minute_10":  7977402.16666667,
    "Minute_10_Fluctuation":  0,
    "Hour":  7977402.16666667,
    "Hour_Fluctuation":  0,
    "Day":  7977402.16666667,
    "Day_Fluctuation":  0,
    "ThreeDay":  7977402.16666667,
    "ThreeDay_Fluctuation":  0,
    "Week":  7977402.16666667,
    "Week_Fluctuation":  0,
    "Duration":  "00:00:20.6580365",
    "Updated":  "\/Date(1567348736435)\/",
    "Failed":  0,
    "PowerDraw_Live":  117,
    "Diff_Average":  536879104,
    "PowerDraw_Average":  117,
    "Diff_Live":  536879104
}
