{
    "Live":  5.45272727272727,
    "Minute":  5.70254836191491,
    "Minute_Fluctuation":  0.03103800643179979,
    "Minute_5":  5.85750424440649,
    "Minute_5_Fluctuation":  0.013702448861828077,
    "Minute_10":  5.89696856776388,
    "Minute_10_Fluctuation":  0.01262740856173827,
    "Hour":  5.93366059805197,
    "Hour_Fluctuation":  0.012096794109712277,
    "Day":  5.93366059805197,
    "Day_Fluctuation":  0.012096794109712277,
    "ThreeDay":  5.93366059805197,
    "ThreeDay_Fluctuation":  0.012096794109712277,
    "Week":  5.93366059805197,
    "Week_Fluctuation":  0.012096794109712277,
    "Duration":  "00:47:23.7499757",
    "Updated":  "\/Date(1581594902147)\/",
    "Failed":  29,
    "PowerDraw_Live":  228,
    "PowerDraw_Average":  235.96993509247235,
    "Diff_Live":  0,
    "Diff_Average":  0,
    "Ratio_Live":  0
}
