{
    "Live":  5588125,
    "Minute":  5459861.81097792,
    "Minute_Fluctuation":  0.029592124463327676,
    "Minute_5":  5448169.16102472,
    "Minute_5_Fluctuation":  0.029020081268361374,
    "Minute_10":  5448169.16102472,
    "Minute_10_Fluctuation":  0.029020081268361374,
    "Hour":  5448169.16102472,
    "Hour_Fluctuation":  0.029020081268361912,
    "Day":  5448169.16102472,
    "Day_Fluctuation":  0.029020081268361919,
    "ThreeDay":  5448169.16102472,
    "ThreeDay_Fluctuation":  0.029020081268361919,
    "Week":  5448169.16102472,
    "Week_Fluctuation":  0.029020081268361371,
    "Duration":  "00:01:33.3312835",
    "Updated":  "\/Date(1569333417436)\/",
    "Failed":  0,
    "PowerDraw_Live":  116,
    "Diff_Average":  18.640271213174,
    "PowerDraw_Average":  114.994892348357,
    "Diff_Live":  36
}
