{
    "Live":  17539958.6704446,
    "Minute":  17539958.6704446,
    "Minute_Fluctuation":  0.20982101715702092,
    "Minute_5":  17539958.6704446,
    "Minute_5_Fluctuation":  0.20982101715702092,
    "Minute_10":  17539958.6704446,
    "Minute_10_Fluctuation":  0.20982101715702092,
    "Hour":  17539958.6704446,
    "Hour_Fluctuation":  0.20982101715702092,
    "Day":  17539958.6704446,
    "Day_Fluctuation":  0.20982101715702092,
    "ThreeDay":  17539958.6704446,
    "ThreeDay_Fluctuation":  0.20982101715702092,
    "Week":  17539958.6704446,
    "Week_Fluctuation":  0.20982101715702092,
    "Duration":  "00:00:45.4668701",
    "Updated":  "\/Date(1577714195603)\/",
    "Failed":  19,
    "PowerDraw_Live":  148,
    "PowerDraw_Average":  148,
    "Diff_Live":  0,
    "Diff_Average":  0,
    "Ratio_Live":  0
}
