{
    "Live":  13580.9230769231,
    "Minute":  13593.9173657171,
    "Minute_Fluctuation":  0.0025007681088900784,
    "Minute_5":  13593.9173657171,
    "Minute_5_Fluctuation":  0.0025007681088900784,
    "Minute_10":  13593.9173657171,
    "Minute_10_Fluctuation":  0.0025007681088900784,
    "Hour":  13593.9173657171,
    "Hour_Fluctuation":  0.0025007681088900784,
    "Day":  13593.9173657171,
    "Day_Fluctuation":  0.0025007681088900788,
    "ThreeDay":  13593.9173657171,
    "ThreeDay_Fluctuation":  0.0025007681088900788,
    "Week":  13593.9173657171,
    "Week_Fluctuation":  0.0025007681088900788,
    "Duration":  "00:01:00.8947484",
    "Updated":  "\/Date(1580375924169)\/",
    "Failed":  0,
    "PowerDraw_Live":  0,
    "PowerDraw_Average":  0,
    "Diff_Live":  0,
    "Diff_Average":  0,
    "Ratio_Live":  0
}
