{
    "Live":  4146.66666666667,
    "Minute":  4146.75983820317,
    "Minute_Fluctuation":  7.73163119525942E-05,
    "Minute_5":  4146.60950263899,
    "Minute_5_Fluctuation":  0.00023486952565185854,
    "Minute_10":  4145.72117535062,
    "Minute_10_Fluctuation":  0.00094389238341945341,
    "Hour":  4141.13369117312,
    "Hour_Fluctuation":  0.0042294686917385537,
    "Day":  4121.10541914255,
    "Day_Fluctuation":  0.0041260786912017374,
    "ThreeDay":  4120.68365758873,
    "ThreeDay_Fluctuation":  0.0040420457848869577,
    "Week":  4120.68365758873,
    "Week_Fluctuation":  0.0040420457848869577,
    "Duration":  "1.07:15:10.4016943",
    "Updated":  "\/Date(1581734771552)\/",
    "Failed":  0,
    "PowerDraw_Live":  324,
    "PowerDraw_Average":  322.94763905217513,
    "Diff_Live":  0,
    "Diff_Average":  0,
    "Ratio_Live":  0
}
