{
    "Live":  55228750,
    "Minute":  55857674.2152057,
    "Minute_Fluctuation":  0.18687879065028029,
    "Minute_5":  55857674.2152056,
    "Minute_5_Fluctuation":  0.18687879065028032,
    "Minute_10":  55857674.2152056,
    "Minute_10_Fluctuation":  0.18687879065028032,
    "Hour":  55857674.2152057,
    "Hour_Fluctuation":  0.18687879065028029,
    "Day":  55857674.2152057,
    "Day_Fluctuation":  0.18687879065028029,
    "ThreeDay":  55857674.2152057,
    "ThreeDay_Fluctuation":  0.18687879065028029,
    "Week":  55857674.2152057,
    "Week_Fluctuation":  0.18687879065028029,
    "Duration":  "00:00:40.7428913",
    "Updated":  "\/Date(1578008694680)\/",
    "Failed":  19,
    "PowerDraw_Live":  239,
    "PowerDraw_Average":  239,
    "Diff_Live":  0,
    "Diff_Average":  0.086988679696253124,
    "Ratio_Live":  0
}
