{
    "Live":  9.29238095238095,
    "Minute":  9.29238095238095,
    "Minute_Fluctuation":  0,
    "Minute_5":  9.29238095238095,
    "Minute_5_Fluctuation":  0,
    "Minute_10":  9.29238095238095,
    "Minute_10_Fluctuation":  0,
    "Hour":  9.29238095238095,
    "Hour_Fluctuation":  0,
    "Day":  9.29238095238095,
    "Day_Fluctuation":  0,
    "ThreeDay":  9.29238095238095,
    "ThreeDay_Fluctuation":  0,
    "Week":  9.29238095238095,
    "Week_Fluctuation":  0,
    "Duration":  "00:00:36.8783812",
    "Updated":  "\/Date(1562870850896)\/",
    "Failed":  0,
    "PowerDraw_Live":  237,
    "Diff_Average":  0,
    "PowerDraw_Average":  237,
    "Diff_Live":  0
}
