{
    "Live":  26945705.8333333,
    "Minute":  26945705.8333333,
    "Minute_Fluctuation":  0.010956163366699691,
    "Minute_5":  26945705.8333333,
    "Minute_5_Fluctuation":  0.010956163366699691,
    "Minute_10":  26945705.8333333,
    "Minute_10_Fluctuation":  0.010956163366699691,
    "Hour":  26945705.8333333,
    "Hour_Fluctuation":  0.010956163366699691,
    "Day":  26945705.8333333,
    "Day_Fluctuation":  0.010956163366699691,
    "ThreeDay":  26945705.8333333,
    "ThreeDay_Fluctuation":  0.010956163366699691,
    "Week":  26945705.8333333,
    "Week_Fluctuation":  0.010956163366699691,
    "Duration":  "00:00:40.9267605",
    "Updated":  "\/Date(1578043950374)\/",
    "Failed":  0,
    "PowerDraw_Live":  351,
    "PowerDraw_Average":  351,
    "Diff_Live":  50332416,
    "Diff_Average":  50332416,
    "Ratio_Live":  0.1136
}
