{
    "Live":  1901363.63636364,
    "Minute":  1901363.63636364,
    "Minute_Fluctuation":  0,
    "Minute_5":  1901363.63636364,
    "Minute_5_Fluctuation":  0,
    "Minute_10":  1901363.63636364,
    "Minute_10_Fluctuation":  0,
    "Hour":  1901363.63636364,
    "Hour_Fluctuation":  0,
    "Day":  1901363.63636364,
    "Day_Fluctuation":  0,
    "ThreeDay":  1901363.63636364,
    "ThreeDay_Fluctuation":  0,
    "Week":  1901363.63636364,
    "Week_Fluctuation":  0,
    "Duration":  "00:00:20.6357923",
    "Updated":  "\/Date(1577715807681)\/",
    "Failed":  0,
    "PowerDraw_Live":  237,
    "PowerDraw_Average":  237,
    "Diff_Live":  47.272727272727273,
    "Diff_Average":  47.272727272727273,
    "Ratio_Live":  0
}
