{
    "Live":  103988.454545455,
    "Minute":  103988.454545455,
    "Minute_Fluctuation":  0,
    "Minute_5":  103988.454545455,
    "Minute_5_Fluctuation":  0,
    "Minute_10":  103988.454545455,
    "Minute_10_Fluctuation":  0,
    "Hour":  103988.454545455,
    "Hour_Fluctuation":  0,
    "Day":  103988.454545455,
    "Day_Fluctuation":  0,
    "ThreeDay":  103988.454545455,
    "ThreeDay_Fluctuation":  0,
    "Week":  103988.454545455,
    "Week_Fluctuation":  0,
    "Duration":  "00:00:19.6247938",
    "Updated":  "\/Date(1577712908475)\/",
    "Failed":  0,
    "PowerDraw_Live":  238,
    "PowerDraw_Average":  238,
    "Diff_Live":  0,
    "Diff_Average":  0,
    "Ratio_Live":  0
}
