{
    "Live":  38184539.8979142,
    "Minute":  38184539.8979142,
    "Minute_Fluctuation":  0,
    "Minute_5":  38184539.8979142,
    "Minute_5_Fluctuation":  0,
    "Minute_10":  38184539.8979142,
    "Minute_10_Fluctuation":  0,
    "Hour":  38184539.8979142,
    "Hour_Fluctuation":  0,
    "Day":  38184539.8979142,
    "Day_Fluctuation":  0,
    "ThreeDay":  38184539.8979142,
    "ThreeDay_Fluctuation":  0,
    "Week":  38184539.8979142,
    "Week_Fluctuation":  0,
    "Duration":  "00:00:20.5053656",
    "Updated":  "\/Date(1578546325381)\/",
    "Failed":  0,
    "PowerDraw_Live":  239,
    "PowerDraw_Average":  239,
    "Diff_Live":  4000000000,
    "Diff_Average":  4000000000,
    "Ratio_Live":  0
}
