{
    "Live":  15500943.5714286,
    "Minute":  15943711.3527021,
    "Minute_Fluctuation":  0.070999005473525043,
    "Minute_5":  15943711.3527021,
    "Minute_5_Fluctuation":  0.070999005473525043,
    "Minute_10":  15943711.3527021,
    "Minute_10_Fluctuation":  0.070999005473525043,
    "Hour":  15943711.3527021,
    "Hour_Fluctuation":  0.070999005473525043,
    "Day":  15943711.3527021,
    "Day_Fluctuation":  0.070999005473525043,
    "ThreeDay":  15943711.3527021,
    "ThreeDay_Fluctuation":  0.070999005473525043,
    "Week":  15943711.3527021,
    "Week_Fluctuation":  0.070999005473525056,
    "Duration":  "00:00:49.5201946",
    "Updated":  "\/Date(1567476529852)\/",
    "Failed":  19,
    "PowerDraw_Live":  110,
    "Diff_Average":  134219776,
    "PowerDraw_Average":  112.665240391215,
    "Diff_Live":  134219776
}
