{
    "Live":  10313846.1538462,
    "Minute":  10313846.1538462,
    "Minute_Fluctuation":  0,
    "Minute_5":  10313846.1538462,
    "Minute_5_Fluctuation":  0,
    "Minute_10":  10313846.1538462,
    "Minute_10_Fluctuation":  0,
    "Hour":  10313846.1538462,
    "Hour_Fluctuation":  0,
    "Day":  10313846.1538462,
    "Day_Fluctuation":  0,
    "ThreeDay":  10313846.1538462,
    "ThreeDay_Fluctuation":  0,
    "Week":  10313846.1538462,
    "Week_Fluctuation":  0,
    "Duration":  "00:00:21.0501843",
    "Updated":  "\/Date(1578749472605)\/",
    "Failed":  0,
    "PowerDraw_Live":  115,
    "PowerDraw_Average":  115,
    "Diff_Live":  0,
    "Diff_Average":  0,
    "Ratio_Live":  0.125
}
