{
    "Live":  12932591.3333333,
    "Minute":  12932591.3333333,
    "Minute_Fluctuation":  0,
    "Minute_5":  12932591.3333333,
    "Minute_5_Fluctuation":  0,
    "Minute_10":  12932591.3333333,
    "Minute_10_Fluctuation":  0,
    "Hour":  12932591.3333333,
    "Hour_Fluctuation":  0,
    "Day":  12932591.3333333,
    "Day_Fluctuation":  0,
    "ThreeDay":  12932591.3333333,
    "ThreeDay_Fluctuation":  0,
    "Week":  12932591.3333333,
    "Week_Fluctuation":  0,
    "Duration":  "00:00:21.6761406",
    "Updated":  "\/Date(1567348042553)\/",
    "Failed":  0,
    "PowerDraw_Live":  102,
    "Diff_Average":  429503283,
    "PowerDraw_Average":  102,
    "Diff_Live":  429503283
}
