{
    "Live":  386683245.869274,
    "Minute":  386098742.07654,
    "Minute_Fluctuation":  0.002435020019475828,
    "Minute_5":  386387368.521376,
    "Minute_5_Fluctuation":  0.0055708400218154007,
    "Minute_10":  388082067.704325,
    "Minute_10_Fluctuation":  0.012416363589528228,
    "Hour":  389004181.602002,
    "Hour_Fluctuation":  0.014515881591941445,
    "Day":  389004181.602002,
    "Day_Fluctuation":  0.014515881591941445,
    "ThreeDay":  389004181.602002,
    "ThreeDay_Fluctuation":  0.014515881591941445,
    "Week":  389004181.602002,
    "Week_Fluctuation":  0.014515881591941445,
    "Duration":  "00:20:38.3563113",
    "Updated":  "\/Date(1578331685869)\/",
    "Failed":  0,
    "PowerDraw_Live":  114,
    "PowerDraw_Average":  118.62220799573505,
    "Diff_Live":  2125000000,
    "Diff_Average":  45848367992.304283,
    "Ratio_Live":  0
}
