{
    "Live":  2092,
    "Minute":  2091.99999988869,
    "Minute_Fluctuation":  1.1856317505467684E-09,
    "Minute_5":  2091.94831548521,
    "Minute_5_Fluctuation":  0.0001211968995717523,
    "Minute_10":  2091.87683246366,
    "Minute_10_Fluctuation":  0.00023470901398776512,
    "Hour":  2091.86359053149,
    "Hour_Fluctuation":  0.00025306300899011517,
    "Day":  2091.86359053149,
    "Day_Fluctuation":  0.00025306300899011522,
    "ThreeDay":  2091.86359053149,
    "ThreeDay_Fluctuation":  0.00025306300899011522,
    "Week":  2091.86359053149,
    "Week_Fluctuation":  0.00025306300899011517,
    "Duration":  "00:15:18.5146075",
    "Updated":  "\/Date(1578402686671)\/",
    "Failed":  0,
    "PowerDraw_Live":  70,
    "PowerDraw_Average":  70.219193940275,
    "Diff_Live":  0,
    "Diff_Average":  0,
    "Ratio_Live":  0
}
