{
    "Live":  1022.88181818182,
    "Minute":  966.644932019542,
    "Minute_Fluctuation":  0.035386081110227736,
    "Minute_5":  940.873077543253,
    "Minute_5_Fluctuation":  0.012506337497167161,
    "Minute_10":  935.919942087716,
    "Minute_10_Fluctuation":  0.011239940541377407,
    "Hour":  925.429267572632,
    "Hour_Fluctuation":  0.01085511498940743,
    "Day":  920.830080730775,
    "Day_Fluctuation":  0.01008759410743135,
    "ThreeDay":  920.830080730775,
    "ThreeDay_Fluctuation":  0.01008759410743135,
    "Week":  920.830080730775,
    "Week_Fluctuation":  0.01008759410743135,
    "Duration":  "03:10:47.4911462",
    "Updated":  "\/Date(1580168200162)\/",
    "Failed":  0,
    "PowerDraw_Live":  56,
    "PowerDraw_Average":  76.598374688627658,
    "Diff_Live":  25018,
    "Diff_Average":  29339.66553390168,
    "Ratio_Live":  0
}
