{
    "Live":  3017.54545454545,
    "Minute":  3010.85902941876,
    "Minute_Fluctuation":  0.0069764704608312493,
    "Minute_5":  3010.88456729456,
    "Minute_5_Fluctuation":  0.0022353805015265351,
    "Minute_10":  3010.53718745365,
    "Minute_10_Fluctuation":  0.0019839761671585155,
    "Hour":  3005.82675898086,
    "Hour_Fluctuation":  0.0037768676075032107,
    "Day":  3003.23449732957,
    "Day_Fluctuation":  0.0043493213887994837,
    "ThreeDay":  3003.23449732957,
    "ThreeDay_Fluctuation":  0.0043493213887994837,
    "Week":  3003.23449732957,
    "Week_Fluctuation":  0.0043493213887994837,
    "Duration":  "02:17:08.1537885",
    "Updated":  "\/Date(1581737081694)\/",
    "Failed":  0,
    "PowerDraw_Live":  239,
    "PowerDraw_Average":  236.56338045589197,
    "Diff_Live":  0,
    "Diff_Average":  0,
    "Ratio_Live":  0
}
