{
    "Live":  305782740.09989,
    "Minute":  305782740.09989,
    "Minute_Fluctuation":  0,
    "Minute_5":  305782740.09989,
    "Minute_5_Fluctuation":  0,
    "Minute_10":  305782740.09989,
    "Minute_10_Fluctuation":  0,
    "Hour":  305782740.09989,
    "Hour_Fluctuation":  0,
    "Day":  305782740.09989,
    "Day_Fluctuation":  0,
    "ThreeDay":  305782740.09989,
    "ThreeDay_Fluctuation":  0,
    "Week":  305782740.09989,
    "Week_Fluctuation":  0,
    "Duration":  "00:00:20.5923740",
    "Updated":  "\/Date(1578546674980)\/",
    "Failed":  0,
    "PowerDraw_Live":  0,
    "PowerDraw_Average":  0,
    "Diff_Live":  40000000000,
    "Diff_Average":  40000000000,
    "Ratio_Live":  0
}
