{
    "Live":  228342100.163807,
    "Minute":  228342100.163807,
    "Minute_Fluctuation":  0,
    "Minute_5":  228342100.163807,
    "Minute_5_Fluctuation":  0,
    "Minute_10":  228342100.163807,
    "Minute_10_Fluctuation":  0,
    "Hour":  228342100.163807,
    "Hour_Fluctuation":  0,
    "Day":  228342100.163807,
    "Day_Fluctuation":  0,
    "ThreeDay":  228342100.163807,
    "ThreeDay_Fluctuation":  0,
    "Week":  228342100.163807,
    "Week_Fluctuation":  0,
    "Duration":  "00:00:20.8143566",
    "Updated":  "\/Date(1578547721188)\/",
    "Failed":  0,
    "PowerDraw_Live":  0,
    "PowerDraw_Average":  0,
    "Diff_Live":  40000000000,
    "Diff_Average":  40000000000,
    "Ratio_Live":  0
}
