{
    "Live":  8508896.72727273,
    "Minute":  8504015.03828837,
    "Minute_Fluctuation":  0.0073696634027340434,
    "Minute_5":  8510186.26661161,
    "Minute_5_Fluctuation":  0.00838731067797137,
    "Minute_10":  8510186.26661161,
    "Minute_10_Fluctuation":  0.00838731067797137,
    "Hour":  8510186.26661161,
    "Hour_Fluctuation":  0.00838731067797137,
    "Day":  8510186.26661161,
    "Day_Fluctuation":  0.00838731067797137,
    "ThreeDay":  8510186.26661161,
    "ThreeDay_Fluctuation":  0.00838731067797137,
    "Week":  8510186.26661161,
    "Week_Fluctuation":  0.0083873106779713685,
    "Duration":  "00:02:22.6058014",
    "Updated":  "\/Date(1579720389830)\/",
    "Failed":  0,
    "PowerDraw_Live":  239,
    "PowerDraw_Average":  218.07408227654869,
    "Diff_Live":  83887360,
    "Diff_Average":  58847163.750733525,
    "Ratio_Live":  0
}
