{
    "Live":  15056.8833333333,
    "Minute":  15056.8833333333,
    "Minute_Fluctuation":  0,
    "Minute_5":  15056.8833333333,
    "Minute_5_Fluctuation":  0,
    "Minute_10":  15056.8833333333,
    "Minute_10_Fluctuation":  0,
    "Hour":  15056.8833333333,
    "Hour_Fluctuation":  0,
    "Day":  15056.8833333333,
    "Day_Fluctuation":  0,
    "ThreeDay":  15056.8833333333,
    "ThreeDay_Fluctuation":  0,
    "Week":  15056.8833333333,
    "Week_Fluctuation":  0,
    "Duration":  "00:00:20.1489757",
    "Updated":  "\/Date(1580379722561)\/",
    "Failed":  0,
    "PowerDraw_Live":  0,
    "PowerDraw_Average":  0,
    "Diff_Live":  43750,
    "Diff_Average":  43750,
    "Ratio_Live":  0.0333
}
