{
    "Live":  31.072,
    "Minute":  30.2414011710505,
    "Minute_Fluctuation":  0.026870419081139414,
    "Minute_5":  30.1071807309326,
    "Minute_5_Fluctuation":  0.024514398580880455,
    "Minute_10":  30.1071807309326,
    "Minute_10_Fluctuation":  0.024514398580880455,
    "Hour":  30.1071807309326,
    "Hour_Fluctuation":  0.024514398580880455,
    "Day":  30.1071807309326,
    "Day_Fluctuation":  0.024514398580880455,
    "ThreeDay":  30.1071807309326,
    "ThreeDay_Fluctuation":  0.024514398580880455,
    "Week":  30.1071807309326,
    "Week_Fluctuation":  0.024514398580880455,
    "Duration":  "00:01:44.7938896",
    "Updated":  "\/Date(1579038896575)\/",
    "Failed":  0,
    "PowerDraw_Live":  239,
    "PowerDraw_Average":  216.63781762671849,
    "Diff_Live":  0,
    "Diff_Average":  0,
    "Ratio_Live":  1
}
