{
    "Live":  1889.74285714286,
    "Minute":  1889.74285714286,
    "Minute_Fluctuation":  0,
    "Minute_5":  1889.74285714286,
    "Minute_5_Fluctuation":  0,
    "Minute_10":  1889.74285714286,
    "Minute_10_Fluctuation":  0,
    "Hour":  1889.74285714286,
    "Hour_Fluctuation":  0,
    "Day":  1889.74285714286,
    "Day_Fluctuation":  0,
    "ThreeDay":  1889.74285714286,
    "ThreeDay_Fluctuation":  0,
    "Week":  1889.74285714286,
    "Week_Fluctuation":  0,
    "Duration":  "00:00:20.7849290",
    "Updated":  "\/Date(1579173366794)\/",
    "Failed":  0,
    "PowerDraw_Live":  68,
    "PowerDraw_Average":  68,
    "Diff_Live":  1593,
    "Diff_Average":  1593,
    "Ratio_Live":  0
}
