{
    "Live":  2022.60814285714,
    "Minute":  2022.60814285714,
    "Minute_Fluctuation":  0.0075607314211591174,
    "Minute_5":  2022.60814285714,
    "Minute_5_Fluctuation":  0.0075607314211591174,
    "Minute_10":  2022.60814285714,
    "Minute_10_Fluctuation":  0.0075607314211591174,
    "Hour":  2022.60814285714,
    "Hour_Fluctuation":  0.0075607314211591174,
    "Day":  2022.60814285714,
    "Day_Fluctuation":  0.0075607314211591174,
    "ThreeDay":  2022.60814285714,
    "ThreeDay_Fluctuation":  0.0075607314211591174,
    "Week":  2022.60814285714,
    "Week_Fluctuation":  0.0075607314211591174,
    "Duration":  "00:00:40.9834741",
    "Updated":  "\/Date(1578393942942)\/",
    "Failed":  0,
    "PowerDraw_Live":  71,
    "PowerDraw_Average":  71,
    "Diff_Live":  0,
    "Diff_Average":  0,
    "Ratio_Live":  0
}
