{
    "Live":  43401.1111111111,
    "Minute":  43632.0335248908,
    "Minute_Fluctuation":  0.0080821658252988975,
    "Minute_5":  43542.613724276,
    "Minute_5_Fluctuation":  0.0086514314786912214,
    "Minute_10":  43595.6802852256,
    "Minute_10_Fluctuation":  0.0072610909175227015,
    "Hour":  43470.7616911798,
    "Hour_Fluctuation":  0.012054627487102062,
    "Day":  43461.1444794424,
    "Day_Fluctuation":  0.012223859839422868,
    "ThreeDay":  43461.1444794424,
    "ThreeDay_Fluctuation":  0.012223859839422868,
    "Week":  43461.1444794424,
    "Week_Fluctuation":  0.012223859839423177,
    "Duration":  "01:25:40.0676297",
    "Updated":  "\/Date(1569068812243)\/",
    "Failed":  0,
    "PowerDraw_Live":  102,
    "Diff_Average":  2137462.89627242,
    "PowerDraw_Average":  100.706386713133,
    "Diff_Live":  1465859
}
