{
    "Live":  1953.85714285714,
    "Minute":  1953.85714285714,
    "Minute_Fluctuation":  0,
    "Minute_5":  1953.85714285714,
    "Minute_5_Fluctuation":  0,
    "Minute_10":  1953.85714285714,
    "Minute_10_Fluctuation":  0,
    "Hour":  1953.85714285714,
    "Hour_Fluctuation":  0,
    "Day":  1953.85714285714,
    "Day_Fluctuation":  0,
    "ThreeDay":  1953.85714285714,
    "ThreeDay_Fluctuation":  0,
    "Week":  1953.85714285714,
    "Week_Fluctuation":  0,
    "Duration":  "00:00:20.1397809",
    "Updated":  "\/Date(1569228929066)\/",
    "Failed":  0,
    "PowerDraw_Live":  94,
    "Diff_Average":  0,
    "PowerDraw_Average":  94,
    "Diff_Live":  0
}
