{
    "Live":  289.167058823529,
    "Minute":  294.465585359283,
    "Minute_Fluctuation":  0.025453732128142444,
    "Minute_5":  294.641394141676,
    "Minute_5_Fluctuation":  0.028541192938657842,
    "Minute_10":  298.439373632206,
    "Minute_10_Fluctuation":  0.039496850518802445,
    "Hour":  308.438172269182,
    "Hour_Fluctuation":  0.04697151112703183,
    "Day":  306.723516155185,
    "Day_Fluctuation":  0.04707760788603766,
    "ThreeDay":  306.723516155185,
    "ThreeDay_Fluctuation":  0.04707760788603766,
    "Week":  306.723516155185,
    "Week_Fluctuation":  0.04707760788603766,
    "Duration":  "03:47:23.4055413",
    "Updated":  "\/Date(1579639892923)\/",
    "Failed":  1,
    "PowerDraw_Live":  234,
    "PowerDraw_Average":  248.56184279200517,
    "Diff_Live":  0,
    "Diff_Average":  0,
    "Ratio_Live":  0.0069
}
