{
    "Live":  13.8747368421053,
    "Minute":  13.7599563112279,
    "Minute_Fluctuation":  0.018335940533207848,
    "Minute_5":  13.6846970096986,
    "Minute_5_Fluctuation":  0.01283716633565688,
    "Minute_10":  13.6803466487676,
    "Minute_10_Fluctuation":  0.012754656955696492,
    "Hour":  13.6803466487676,
    "Hour_Fluctuation":  0.012754656955696492,
    "Day":  13.6803466487676,
    "Day_Fluctuation":  0.012754656955696492,
    "ThreeDay":  13.6803466487676,
    "ThreeDay_Fluctuation":  0.012754656955696492,
    "Week":  13.6803466487676,
    "Week_Fluctuation":  0.012754656955696492,
    "Duration":  "00:06:49.5532211",
    "Updated":  "\/Date(1566328495413)\/",
    "Failed":  1450,
    "PowerDraw_Live":  109,
    "Diff_Average":  0,
    "PowerDraw_Average":  109.671032482453,
    "Diff_Live":  0
}
