{
    "Live":  21573364.1538462,
    "Minute":  21469987.9291898,
    "Minute_Fluctuation":  0.0083730679312546269,
    "Minute_5":  21416008.230249,
    "Minute_5_Fluctuation":  0.0058895398910428021,
    "Minute_10":  21403938.1177111,
    "Minute_10_Fluctuation":  0.0057440977632713464,
    "Hour":  21406119.2185088,
    "Hour_Fluctuation":  0.0068307374045872846,
    "Day":  21408508.579504,
    "Day_Fluctuation":  0.0070653301329874534,
    "ThreeDay":  21408508.579504,
    "ThreeDay_Fluctuation":  0.0070653301329874534,
    "Week":  21408508.579504,
    "Week_Fluctuation":  0.0070653301329874525,
    "Duration":  "01:43:23.4557199",
    "Updated":  "\/Date(1581136408023)\/",
    "Failed":  0,
    "PowerDraw_Live":  343,
    "PowerDraw_Average":  337.93526892394044,
    "Diff_Live":  145623214,
    "Diff_Average":  139940321.880758,
    "Ratio_Live":  0.0078
}
