{
    "Live":  18.9222222222222,
    "Minute":  18.9222222222222,
    "Minute_Fluctuation":  0,
    "Minute_5":  18.9222222222222,
    "Minute_5_Fluctuation":  0,
    "Minute_10":  18.9222222222222,
    "Minute_10_Fluctuation":  0,
    "Hour":  18.9222222222222,
    "Hour_Fluctuation":  0,
    "Day":  18.9222222222222,
    "Day_Fluctuation":  0,
    "ThreeDay":  18.9222222222222,
    "ThreeDay_Fluctuation":  0,
    "Week":  18.9222222222222,
    "Week_Fluctuation":  0,
    "Duration":  "00:00:20.7757094",
    "Updated":  "\/Date(1569499604661)\/",
    "Failed":  50,
    "Diff_Live":  0,
    "Diff_Average":  0,
    "PowerDraw_Average":  96,
    "PowerDraw_Live":  96,
    "Ratio_Live":  0,
    "Ratio_Average":  0
}
