{
    "Live":  27835618.5957813,
    "Minute":  27835618.5957813,
    "Minute_Fluctuation":  0,
    "Minute_5":  27835618.5957813,
    "Minute_5_Fluctuation":  0,
    "Minute_10":  27835618.5957813,
    "Minute_10_Fluctuation":  0,
    "Hour":  27835618.5957813,
    "Hour_Fluctuation":  0,
    "Day":  27835618.5957813,
    "Day_Fluctuation":  0,
    "ThreeDay":  27835618.5957813,
    "ThreeDay_Fluctuation":  0,
    "Week":  27835618.5957813,
    "Week_Fluctuation":  0,
    "Duration":  "00:00:20.8143566",
    "Updated":  "\/Date(1578547721135)\/",
    "Failed":  0,
    "PowerDraw_Live":  129,
    "PowerDraw_Average":  129,
    "Diff_Live":  4000000000,
    "Diff_Average":  4000000000,
    "Ratio_Live":  0
}
