{
    "Live":  5632.08333333333,
    "Minute":  5632.08333333333,
    "Minute_Fluctuation":  0,
    "Minute_5":  5632.08333333333,
    "Minute_5_Fluctuation":  0,
    "Minute_10":  5632.08333333333,
    "Minute_10_Fluctuation":  0,
    "Hour":  5632.08333333333,
    "Hour_Fluctuation":  0,
    "Day":  5632.08333333333,
    "Day_Fluctuation":  0,
    "ThreeDay":  5632.08333333333,
    "ThreeDay_Fluctuation":  0,
    "Week":  5632.08333333333,
    "Week_Fluctuation":  0,
    "Duration":  "00:00:20.0626376",
    "Updated":  "\/Date(1577707648736)\/",
    "Failed":  0,
    "PowerDraw_Live":  239,
    "PowerDraw_Average":  239,
    "Diff_Live":  0,
    "Diff_Average":  0,
    "Ratio_Live":  0
}
