{
    "Live":  1004170398.91802,
    "Minute":  990588321.169697,
    "Minute_Fluctuation":  0.017173886571073754,
    "Minute_5":  988855528.557796,
    "Minute_5_Fluctuation":  0.016687583983591044,
    "Minute_10":  988855528.557796,
    "Minute_10_Fluctuation":  0.016687583983591044,
    "Hour":  988855528.557796,
    "Hour_Fluctuation":  0.016687583983591044,
    "Day":  988855528.557796,
    "Day_Fluctuation":  0.016687583983591044,
    "ThreeDay":  988855528.557796,
    "ThreeDay_Fluctuation":  0.016687583983591044,
    "Week":  988855528.557796,
    "Week_Fluctuation":  0.016687583983591044,
    "Duration":  "00:01:41.9777604",
    "Updated":  "\/Date(1580022018304)\/",
    "Failed":  0,
    "PowerDraw_Live":  239,
    "PowerDraw_Average":  239.74614666309975,
    "Diff_Live":  0,
    "Diff_Average":  0,
    "Ratio_Live":  0
}
