{
    "Live":  3330.30769230769,
    "Minute":  3331.06435800797,
    "Minute_Fluctuation":  0.00034042531314308952,
    "Minute_5":  3332.95101412361,
    "Minute_5_Fluctuation":  0.00067575794197725708,
    "Minute_10":  3334.29858535167,
    "Minute_10_Fluctuation":  0.00080921744317355286,
    "Hour":  3333.26578679285,
    "Hour_Fluctuation":  0.00093917684626520191,
    "Day":  3332.91099473432,
    "Day_Fluctuation":  0.00093047461591125584,
    "ThreeDay":  3332.91099473432,
    "ThreeDay_Fluctuation":  0.00093047461591125584,
    "Week":  3332.91099473432,
    "Week_Fluctuation":  0.00093047461591125584,
    "Duration":  "01:39:51.5810873",
    "Updated":  "\/Date(1580982269725)\/",
    "Failed":  0,
    "PowerDraw_Live":  346,
    "PowerDraw_Average":  339.670095492304,
    "Diff_Live":  0,
    "Diff_Average":  0,
    "Ratio_Live":  0
}
