{
    "Live":  19577230.1428571,
    "Minute":  19577230.1428571,
    "Minute_Fluctuation":  0,
    "Minute_5":  19577230.1428571,
    "Minute_5_Fluctuation":  0,
    "Minute_10":  19577230.1428571,
    "Minute_10_Fluctuation":  0,
    "Hour":  19577230.1428571,
    "Hour_Fluctuation":  0,
    "Day":  19577230.1428571,
    "Day_Fluctuation":  0,
    "ThreeDay":  19577230.1428571,
    "ThreeDay_Fluctuation":  0,
    "Week":  19577230.1428571,
    "Week_Fluctuation":  0,
    "Duration":  "00:00:19.8393391",
    "Updated":  "\/Date(1577707905264)\/",
    "Failed":  0,
    "PowerDraw_Live":  239,
    "PowerDraw_Average":  239,
    "Diff_Live":  50332416,
    "Diff_Average":  50332416,
    "Ratio_Live":  0
}
