{
    "Live":  19.6611111111111,
    "Minute":  19.6611111111111,
    "Minute_Fluctuation":  0,
    "Minute_5":  19.6611111111111,
    "Minute_5_Fluctuation":  0,
    "Minute_10":  19.6611111111111,
    "Minute_10_Fluctuation":  0,
    "Hour":  19.6611111111111,
    "Hour_Fluctuation":  0,
    "Day":  19.6611111111111,
    "Day_Fluctuation":  0,
    "ThreeDay":  19.6611111111111,
    "ThreeDay_Fluctuation":  0,
    "Week":  19.6611111111111,
    "Week_Fluctuation":  0,
    "Duration":  "00:00:29.5912571",
    "Updated":  "\/Date(1566924980510)\/",
    "Failed":  0,
    "PowerDraw_Live":  101,
    "Diff_Average":  0,
    "PowerDraw_Average":  101,
    "Diff_Live":  0
}
