{
    "Live":  339479657.571429,
    "Minute":  339479657.571429,
    "Minute_Fluctuation":  0,
    "Minute_5":  339479657.571429,
    "Minute_5_Fluctuation":  0,
    "Minute_10":  339479657.571429,
    "Minute_10_Fluctuation":  0,
    "Hour":  339479657.571429,
    "Hour_Fluctuation":  0,
    "Day":  339479657.571429,
    "Day_Fluctuation":  0,
    "ThreeDay":  339479657.571429,
    "ThreeDay_Fluctuation":  0,
    "Week":  339479657.571429,
    "Week_Fluctuation":  0,
    "Duration":  "00:00:20.2266068",
    "Updated":  "\/Date(1577709191115)\/",
    "Failed":  0,
    "PowerDraw_Live":  145,
    "PowerDraw_Average":  145,
    "Diff_Live":  131074,
    "Diff_Average":  131074,
    "Ratio_Live":  0
}
