{
    "Live":  1019.02142857143,
    "Minute":  1019.02142857143,
    "Minute_Fluctuation":  0,
    "Minute_5":  1019.02142857143,
    "Minute_5_Fluctuation":  0,
    "Minute_10":  1019.02142857143,
    "Minute_10_Fluctuation":  0,
    "Hour":  1019.02142857143,
    "Hour_Fluctuation":  0,
    "Day":  1019.02142857143,
    "Day_Fluctuation":  0,
    "ThreeDay":  1019.02142857143,
    "ThreeDay_Fluctuation":  0,
    "Week":  1019.02142857143,
    "Week_Fluctuation":  0,
    "Duration":  "00:00:28.8537886",
    "Updated":  "\/Date(1569176972997)\/",
    "Failed":  0,
    "PowerDraw_Live":  89,
    "Diff_Average":  200007.79063053,
    "PowerDraw_Average":  89,
    "Diff_Live":  200007.79063053
}
