{
    "Live":  38214880.5479634,
    "Minute":  38214880.5479634,
    "Minute_Fluctuation":  0,
    "Minute_5":  38214880.5479634,
    "Minute_5_Fluctuation":  0,
    "Minute_10":  38214880.5479634,
    "Minute_10_Fluctuation":  0,
    "Hour":  38214880.5479634,
    "Hour_Fluctuation":  0,
    "Day":  38214880.5479634,
    "Day_Fluctuation":  0,
    "ThreeDay":  38214880.5479634,
    "ThreeDay_Fluctuation":  0,
    "Week":  38214880.5479634,
    "Week_Fluctuation":  0,
    "Duration":  "00:00:20.5043670",
    "Updated":  "\/Date(1578549090608)\/",
    "Failed":  0,
    "PowerDraw_Live":  238,
    "PowerDraw_Average":  238,
    "Diff_Live":  4000000000,
    "Diff_Average":  4000000000,
    "Ratio_Live":  0
}
