{
    "Live":  233876.923076923,
    "Minute":  195853.951193763,
    "Minute_Fluctuation":  0.25170320086692838,
    "Minute_5":  209359.163577451,
    "Minute_5_Fluctuation":  0.11430389649973897,
    "Minute_10":  209359.163577451,
    "Minute_10_Fluctuation":  0.11430389649973897,
    "Hour":  209359.163577451,
    "Hour_Fluctuation":  0.11430389649973899,
    "Day":  209359.163577451,
    "Day_Fluctuation":  0.11430389649973899,
    "ThreeDay":  209359.163577451,
    "ThreeDay_Fluctuation":  0.11430389649973899,
    "Week":  209359.163577451,
    "Week_Fluctuation":  0.11430389649973899,
    "Duration":  "00:04:27.9825081",
    "Updated":  "\/Date(1581358650517)\/",
    "Failed":  28,
    "PowerDraw_Live":  239,
    "PowerDraw_Average":  233.58834152324229,
    "Diff_Live":  516.61538461538464,
    "Diff_Average":  227.60153154108272,
    "Ratio_Live":  0
}
