{
    "Live":  1653.33333333333,
    "Minute":  1652.78775270722,
    "Minute_Fluctuation":  0.00048847221720176221,
    "Minute_5":  1653.02449782908,
    "Minute_5_Fluctuation":  0.0011611639727659307,
    "Minute_10":  1652.77960041488,
    "Minute_10_Fluctuation":  0.0019764456418055742,
    "Hour":  1648.83453290465,
    "Hour_Fluctuation":  0.0067064922476203822,
    "Day":  1648.30454269128,
    "Day_Fluctuation":  0.0071589948472290865,
    "ThreeDay":  1648.30454269128,
    "ThreeDay_Fluctuation":  0.0071589948472290848,
    "Week":  1648.30454269128,
    "Week_Fluctuation":  0.0071589948472290848,
    "Duration":  "01:37:30.1039382",
    "Updated":  "\/Date(1579416730022)\/",
    "Failed":  0,
    "PowerDraw_Live":  239,
    "PowerDraw_Average":  233.0130882731286,
    "Diff_Live":  0,
    "Diff_Average":  0,
    "Ratio_Live":  0.003
}
