{
    "Live":  888.266666666667,
    "Minute":  888.266666666667,
    "Minute_Fluctuation":  0,
    "Minute_5":  888.266666666667,
    "Minute_5_Fluctuation":  0,
    "Minute_10":  888.266666666667,
    "Minute_10_Fluctuation":  0,
    "Hour":  888.266666666667,
    "Hour_Fluctuation":  0,
    "Day":  888.266666666667,
    "Day_Fluctuation":  0,
    "ThreeDay":  888.266666666667,
    "ThreeDay_Fluctuation":  0,
    "Week":  888.266666666667,
    "Week_Fluctuation":  0,
    "Duration":  "00:00:32.9230257",
    "Updated":  "\/Date(1577711330849)\/",
    "Failed":  0,
    "PowerDraw_Live":  114,
    "PowerDraw_Average":  114,
    "Diff_Live":  0,
    "Diff_Average":  0,
    "Ratio_Live":  0
}
