{
    "Live":  1016.37777777778,
    "Minute":  1016.37777777778,
    "Minute_Fluctuation":  0,
    "Minute_5":  1016.37777777778,
    "Minute_5_Fluctuation":  0,
    "Minute_10":  1016.37777777778,
    "Minute_10_Fluctuation":  0,
    "Hour":  1016.37777777778,
    "Hour_Fluctuation":  0,
    "Day":  1016.37777777778,
    "Day_Fluctuation":  0,
    "ThreeDay":  1016.37777777778,
    "ThreeDay_Fluctuation":  0,
    "Week":  1016.37777777778,
    "Week_Fluctuation":  0,
    "Duration":  "00:00:22.1207212",
    "Updated":  "\/Date(1569176910978)\/",
    "Failed":  0,
    "PowerDraw_Live":  92,
    "Diff_Average":  0,
    "PowerDraw_Average":  92,
    "Diff_Live":  0
}
