{
    "Live":  53624076.1666667,
    "Minute":  53624076.1666667,
    "Minute_Fluctuation":  0,
    "Minute_5":  53624076.1666667,
    "Minute_5_Fluctuation":  0,
    "Minute_10":  53624076.1666667,
    "Minute_10_Fluctuation":  0,
    "Hour":  53624076.1666667,
    "Hour_Fluctuation":  0,
    "Day":  53624076.1666667,
    "Day_Fluctuation":  0,
    "ThreeDay":  53624076.1666667,
    "ThreeDay_Fluctuation":  0,
    "Week":  53624076.1666667,
    "Week_Fluctuation":  0,
    "Duration":  "00:00:23.8919385",
    "Updated":  "\/Date(1567347979339)\/",
    "Failed":  0,
    "PowerDraw_Live":  119,
    "Diff_Average":  131074,
    "PowerDraw_Average":  119,
    "Diff_Live":  131074
}
