{
    "Live":  3307.7,
    "Minute":  3339.72009248562,
    "Minute_Fluctuation":  0.023285909309315327,
    "Minute_5":  3400.66174186727,
    "Minute_5_Fluctuation":  0.043463091770112462,
    "Minute_10":  3400.66174186727,
    "Minute_10_Fluctuation":  0.043463091770112462,
    "Hour":  3400.66174186727,
    "Hour_Fluctuation":  0.043463091770112462,
    "Day":  3400.66174186727,
    "Day_Fluctuation":  0.043463091770112462,
    "ThreeDay":  3400.66174186727,
    "ThreeDay_Fluctuation":  0.043463091770112462,
    "Week":  3400.66174186727,
    "Week_Fluctuation":  0.043463091770112462,
    "Duration":  "00:03:29.0233980",
    "Updated":  "\/Date(1578375379039)\/",
    "Failed":  212,
    "PowerDraw_Live":  180,
    "PowerDraw_Average":  164.26055896729119,
    "Diff_Live":  30000,
    "Diff_Average":  24024.153895642372,
    "Ratio_Live":  1
}
