{
    "Live":  21813790.8571429,
    "Minute":  21813790.8571429,
    "Minute_Fluctuation":  0,
    "Minute_5":  21813790.8571429,
    "Minute_5_Fluctuation":  0,
    "Minute_10":  21813790.8571429,
    "Minute_10_Fluctuation":  0,
    "Hour":  21813790.8571429,
    "Hour_Fluctuation":  0,
    "Day":  21813790.8571429,
    "Day_Fluctuation":  0,
    "ThreeDay":  21813790.8571429,
    "ThreeDay_Fluctuation":  0,
    "Week":  21813790.8571429,
    "Week_Fluctuation":  0,
    "Duration":  "00:00:19.6464617",
    "Updated":  "\/Date(1577725502586)\/",
    "Failed":  0,
    "PowerDraw_Live":  241,
    "PowerDraw_Average":  241,
    "Diff_Live":  436214272,
    "Diff_Average":  436214272,
    "Ratio_Live":  0
}
