{
    "Live":  20075384.6153846,
    "Minute":  20075384.6153846,
    "Minute_Fluctuation":  0,
    "Minute_5":  20075384.6153846,
    "Minute_5_Fluctuation":  0,
    "Minute_10":  20075384.6153846,
    "Minute_10_Fluctuation":  0,
    "Hour":  20075384.6153846,
    "Hour_Fluctuation":  0,
    "Day":  20075384.6153846,
    "Day_Fluctuation":  0,
    "ThreeDay":  20075384.6153846,
    "ThreeDay_Fluctuation":  0,
    "Week":  20075384.6153846,
    "Week_Fluctuation":  0,
    "Duration":  "00:00:20.7647585",
    "Updated":  "\/Date(1577696185894)\/",
    "Failed":  0,
    "PowerDraw_Live":  114,
    "PowerDraw_Average":  114,
    "Diff_Live":  0,
    "Diff_Average":  0,
    "Ratio_Live":  0
}
