{
    "Live":  230676.923076923,
    "Minute":  230856.999194675,
    "Minute_Fluctuation":  0.00059905232904476754,
    "Minute_5":  230764.912632749,
    "Minute_5_Fluctuation":  0.00064902955239442531,
    "Minute_10":  230696.543335303,
    "Minute_10_Fluctuation":  0.00073753693126249182,
    "Hour":  231505.817481712,
    "Hour_Fluctuation":  0.0067699272045472917,
    "Day":  233665.963452286,
    "Day_Fluctuation":  0.010200258704039629,
    "ThreeDay":  233665.963452286,
    "ThreeDay_Fluctuation":  0.010200258704039629,
    "Week":  233665.963452286,
    "Week_Fluctuation":  0.010200258704039629,
    "Duration":  "20:45:14.7537283",
    "Updated":  "\/Date(1580801044268)\/",
    "Failed":  0,
    "PowerDraw_Live":  65,
    "PowerDraw_Average":  327.76188259475083,
    "Diff_Live":  4902033345.2883778,
    "Diff_Average":  5638939277.3336239,
    "Ratio_Live":  0.0004
}
