{
    "Live":  29823852.5555556,
    "Minute":  29823852.5555556,
    "Minute_Fluctuation":  0,
    "Minute_5":  29823852.5555556,
    "Minute_5_Fluctuation":  0,
    "Minute_10":  29823852.5555556,
    "Minute_10_Fluctuation":  0,
    "Hour":  29823852.5555556,
    "Hour_Fluctuation":  0,
    "Day":  29823852.5555556,
    "Day_Fluctuation":  0,
    "ThreeDay":  29823852.5555556,
    "ThreeDay_Fluctuation":  0,
    "Week":  29823852.5555556,
    "Week_Fluctuation":  0,
    "Duration":  "00:00:19.7552835",
    "Updated":  "\/Date(1577713745129)\/",
    "Failed":  0,
    "PowerDraw_Live":  239,
    "PowerDraw_Average":  239,
    "Diff_Live":  318771968,
    "Diff_Average":  318771968,
    "Ratio_Live":  0
}
