{
    "Live":  503353675.117647,
    "Minute":  503353675.117647,
    "Minute_Fluctuation":  0,
    "Minute_5":  503353675.117647,
    "Minute_5_Fluctuation":  0,
    "Minute_10":  503353675.117647,
    "Minute_10_Fluctuation":  0,
    "Hour":  503353675.117647,
    "Hour_Fluctuation":  0,
    "Day":  503353675.117647,
    "Day_Fluctuation":  0,
    "ThreeDay":  503353675.117647,
    "ThreeDay_Fluctuation":  0,
    "Week":  503353675.117647,
    "Week_Fluctuation":  0,
    "Duration":  "00:00:36.4995000",
    "Updated":  "\/Date(1562874398060)\/",
    "Failed":  0,
    "PowerDraw_Live":  240,
    "Diff_Average":  1476548613,
    "PowerDraw_Average":  240,
    "Diff_Live":  1476548613
}
