{
    "Live":  1075.44444444444,
    "Minute":  1075.44444444444,
    "Minute_Fluctuation":  0,
    "Minute_5":  1075.44444444444,
    "Minute_5_Fluctuation":  0,
    "Minute_10":  1075.44444444444,
    "Minute_10_Fluctuation":  0,
    "Hour":  1075.44444444444,
    "Hour_Fluctuation":  0,
    "Day":  1075.44444444444,
    "Day_Fluctuation":  0,
    "ThreeDay":  1075.44444444444,
    "ThreeDay_Fluctuation":  0,
    "Week":  1075.44444444444,
    "Week_Fluctuation":  0,
    "Duration":  "00:00:24.9365236",
    "Updated":  "\/Date(1568911674410)\/",
    "Failed":  0,
    "PowerDraw_Live":  94,
    "Diff_Average":  0,
    "PowerDraw_Average":  94,
    "Diff_Live":  0
}
