{
    "Live":  229127044.240136,
    "Minute":  229127044.240136,
    "Minute_Fluctuation":  0,
    "Minute_5":  229127044.240136,
    "Minute_5_Fluctuation":  0,
    "Minute_10":  229127044.240136,
    "Minute_10_Fluctuation":  0,
    "Hour":  229127044.240136,
    "Hour_Fluctuation":  0,
    "Day":  229127044.240136,
    "Day_Fluctuation":  0,
    "ThreeDay":  229127044.240136,
    "ThreeDay_Fluctuation":  0,
    "Week":  229127044.240136,
    "Week_Fluctuation":  0,
    "Duration":  "00:00:20.5903640",
    "Updated":  "\/Date(1578548750014)\/",
    "Failed":  0,
    "PowerDraw_Live":  0,
    "PowerDraw_Average":  0,
    "Diff_Live":  40000000000,
    "Diff_Average":  40000000000,
    "Ratio_Live":  0
}
