{
    "Live":  2841.79285714286,
    "Minute":  2841.79285714286,
    "Minute_Fluctuation":  0,
    "Minute_5":  2841.79285714286,
    "Minute_5_Fluctuation":  0,
    "Minute_10":  2841.79285714286,
    "Minute_10_Fluctuation":  0,
    "Hour":  2841.79285714286,
    "Hour_Fluctuation":  0,
    "Day":  2841.79285714286,
    "Day_Fluctuation":  0,
    "ThreeDay":  2841.79285714286,
    "ThreeDay_Fluctuation":  0,
    "Week":  2841.79285714286,
    "Week_Fluctuation":  0,
    "Duration":  "00:00:32.1705645",
    "Updated":  "\/Date(1562879308912)\/",
    "Failed":  0,
    "PowerDraw_Live":  160,
    "Diff_Average":  1000225,
    "PowerDraw_Average":  160,
    "Diff_Live":  1000225
}
