{
    "Live":  12564.9852857143,
    "Minute":  12564.9852857143,
    "Minute_Fluctuation":  0,
    "Minute_5":  12564.9852857143,
    "Minute_5_Fluctuation":  0,
    "Minute_10":  12564.9852857143,
    "Minute_10_Fluctuation":  0,
    "Hour":  12564.9852857143,
    "Hour_Fluctuation":  0,
    "Day":  12564.9852857143,
    "Day_Fluctuation":  0,
    "ThreeDay":  12564.9852857143,
    "ThreeDay_Fluctuation":  0,
    "Week":  12564.9852857143,
    "Week_Fluctuation":  0,
    "Duration":  "00:00:19.8703204",
    "Updated":  "\/Date(1580375463313)\/",
    "Failed":  0,
    "PowerDraw_Live":  0,
    "PowerDraw_Average":  0,
    "Diff_Live":  0,
    "Diff_Average":  0,
    "Ratio_Live":  0
}
