{
    "Live":  911.777777777778,
    "Minute":  911.777777777778,
    "Minute_Fluctuation":  0,
    "Minute_5":  911.777777777778,
    "Minute_5_Fluctuation":  0,
    "Minute_10":  911.777777777778,
    "Minute_10_Fluctuation":  0,
    "Hour":  911.777777777778,
    "Hour_Fluctuation":  0,
    "Day":  911.777777777778,
    "Day_Fluctuation":  0,
    "ThreeDay":  911.777777777778,
    "ThreeDay_Fluctuation":  0,
    "Week":  911.777777777778,
    "Week_Fluctuation":  0,
    "Duration":  "00:00:23.1553537",
    "Updated":  "\/Date(1568912064317)\/",
    "Failed":  0,
    "PowerDraw_Live":  85,
    "Diff_Average":  0,
    "PowerDraw_Average":  85,
    "Diff_Live":  0
}
