{
    "Live":  63054692.3076923,
    "Minute":  62960327.2825911,
    "Minute_Fluctuation":  0.010464811839502377,
    "Minute_5":  64437062.4373109,
    "Minute_5_Fluctuation":  0.018450654280407361,
    "Minute_10":  64833203.369311,
    "Minute_10_Fluctuation":  0.016752157277787595,
    "Hour":  65008113.5938385,
    "Hour_Fluctuation":  0.015648097232476923,
    "Day":  65016604.2240936,
    "Day_Fluctuation":  0.015509338613122052,
    "ThreeDay":  65016604.2240936,
    "ThreeDay_Fluctuation":  0.015509338613122052,
    "Week":  65016604.2240936,
    "Week_Fluctuation":  0.015509338613122052,
    "Duration":  "01:41:48.9579855",
    "Updated":  "\/Date(1578637783660)\/",
    "Failed":  103,
    "PowerDraw_Live":  238,
    "PowerDraw_Average":  232.63537201263418,
    "Diff_Live":  0,
    "Diff_Average":  0,
    "Ratio_Live":  0
}
