{
    "Live":  14113.0209090909,
    "Minute":  14113.0209090909,
    "Minute_Fluctuation":  0,
    "Minute_5":  14113.0209090909,
    "Minute_5_Fluctuation":  0,
    "Minute_10":  14113.0209090909,
    "Minute_10_Fluctuation":  0,
    "Hour":  14113.0209090909,
    "Hour_Fluctuation":  0,
    "Day":  14113.0209090909,
    "Day_Fluctuation":  0,
    "ThreeDay":  14113.0209090909,
    "ThreeDay_Fluctuation":  0,
    "Week":  14113.0209090909,
    "Week_Fluctuation":  0,
    "Duration":  "00:00:20.2456818",
    "Updated":  "\/Date(1580312508930)\/",
    "Failed":  0,
    "PowerDraw_Live":  89,
    "PowerDraw_Average":  89,
    "Diff_Live":  0,
    "Diff_Average":  0,
    "Ratio_Live":  0.0526
}
