{
    "Live":  25978888.8888889,
    "Minute":  25978888.8888889,
    "Minute_Fluctuation":  0,
    "Minute_5":  25978888.8888889,
    "Minute_5_Fluctuation":  0,
    "Minute_10":  25978888.8888889,
    "Minute_10_Fluctuation":  0,
    "Hour":  25978888.8888889,
    "Hour_Fluctuation":  0,
    "Day":  25978888.8888889,
    "Day_Fluctuation":  0,
    "ThreeDay":  25978888.8888889,
    "ThreeDay_Fluctuation":  0,
    "Week":  25978888.8888889,
    "Week_Fluctuation":  0,
    "Duration":  "00:00:20.3433673",
    "Updated":  "\/Date(1577692662178)\/",
    "Failed":  0,
    "PowerDraw_Live":  189,
    "PowerDraw_Average":  189,
    "Diff_Live":  12.25,
    "Diff_Average":  12.25,
    "Ratio_Live":  0
}
