{
    "Live":  49113333.3333333,
    "Minute":  49113333.3333333,
    "Minute_Fluctuation":  0,
    "Minute_5":  49113333.3333333,
    "Minute_5_Fluctuation":  0,
    "Minute_10":  49113333.3333333,
    "Minute_10_Fluctuation":  0,
    "Hour":  49113333.3333333,
    "Hour_Fluctuation":  0,
    "Day":  49113333.3333333,
    "Day_Fluctuation":  0,
    "ThreeDay":  49113333.3333333,
    "ThreeDay_Fluctuation":  0,
    "Week":  49113333.3333333,
    "Week_Fluctuation":  0,
    "Duration":  "00:00:19.6711999",
    "Updated":  "\/Date(1577712359042)\/",
    "Failed":  0,
    "PowerDraw_Live":  125,
    "PowerDraw_Average":  125,
    "Diff_Live":  80,
    "Diff_Average":  80,
    "Ratio_Live":  0
}
