{
    "Live":  3.37142857142857,
    "Minute":  3.37142857142857,
    "Minute_Fluctuation":  0,
    "Minute_5":  3.37142857142857,
    "Minute_5_Fluctuation":  0,
    "Minute_10":  3.37142857142857,
    "Minute_10_Fluctuation":  0,
    "Hour":  3.37142857142857,
    "Hour_Fluctuation":  0,
    "Day":  3.37142857142857,
    "Day_Fluctuation":  0,
    "ThreeDay":  3.37142857142857,
    "ThreeDay_Fluctuation":  0,
    "Week":  3.37142857142857,
    "Week_Fluctuation":  0,
    "Duration":  "00:00:21.6776589",
    "Updated":  "\/Date(1564619797057)\/",
    "Failed":  0,
    "PowerDraw_Live":  65,
    "Diff_Average":  5000,
    "PowerDraw_Average":  65,
    "Diff_Live":  5000
}
