{
    "Live":  15230,
    "Minute":  15351.6757615635,
    "Minute_Fluctuation":  0.014354061525463728,
    "Minute_5":  14959.1300885112,
    "Minute_5_Fluctuation":  0.0981632949224158,
    "Minute_10":  13891.0195355729,
    "Minute_10_Fluctuation":  0.20062869241336509,
    "Hour":  12774.6248120513,
    "Hour_Fluctuation":  0.18393085046299285,
    "Day":  12659.3259065951,
    "Day_Fluctuation":  0.19965745478174513,
    "ThreeDay":  12659.3259065951,
    "ThreeDay_Fluctuation":  0.19965745478174513,
    "Week":  12659.3259065951,
    "Week_Fluctuation":  0.19965745478174513,
    "Duration":  "15:22:39.0750834",
    "Updated":  "\/Date(1577425181948)\/",
    "Failed":  4,
    "PowerDraw_Live":  65,
    "PowerDraw_Average":  16.521542556041783,
    "Diff_Live":  3.778025,
    "Diff_Average":  3.0943514061135584,
    "Ratio_Live":  0
}
