{
    "Live":  80,
    "Minute":  99.1515594570226,
    "Minute_Fluctuation":  0.27038851549921222,
    "Minute_5":  99.1515594570226,
    "Minute_5_Fluctuation":  0.27038851549921222,
    "Minute_10":  99.1515594570226,
    "Minute_10_Fluctuation":  0.27038851549921222,
    "Hour":  99.1515594570226,
    "Hour_Fluctuation":  0.27038851549921222,
    "Day":  99.1515594570226,
    "Day_Fluctuation":  0.27038851549921222,
    "ThreeDay":  99.1515594570226,
    "ThreeDay_Fluctuation":  0.27038851549921222,
    "Week":  99.1515594570226,
    "Week_Fluctuation":  0.27038851549921222,
    "Duration":  "00:01:04.1708651",
    "Updated":  "\/Date(1577362220165)\/",
    "Failed":  8,
    "PowerDraw_Live":  65,
    "PowerDraw_Average":  36.616874769395608,
    "Diff_Live":  0.00079,
    "Diff_Average":  0.00080454109168896456,
    "Ratio_Live":  0
}
