{
    "Live":  766.57,
    "Minute":  807.905567965605,
    "Minute_Fluctuation":  0.093759573920426317,
    "Minute_5":  835.210248385302,
    "Minute_5_Fluctuation":  0.094239107870073655,
    "Minute_10":  835.210248385302,
    "Minute_10_Fluctuation":  0.094239107870073655,
    "Hour":  835.210248385302,
    "Hour_Fluctuation":  0.094239107870073655,
    "Day":  835.210248385302,
    "Day_Fluctuation":  0.094239107870073655,
    "ThreeDay":  835.210248385302,
    "ThreeDay_Fluctuation":  0.094239107870073655,
    "Week":  835.210248385302,
    "Week_Fluctuation":  0.094239107870073655,
    "Duration":  "00:02:28.8764508",
    "Updated":  "\/Date(1576523632752)\/",
    "Failed":  30,
    "PowerDraw_Live":  65,
    "PowerDraw_Average":  62.544879458883408,
    "Diff_Live":  19558.466666666667,
    "Diff_Average":  526591.474485083,
    "Ratio_Live":  0
}
