{
    "Live":  9.75681818181818,
    "Minute":  9.75681818181818,
    "Minute_Fluctuation":  0,
    "Minute_5":  9.75681818181818,
    "Minute_5_Fluctuation":  0,
    "Minute_10":  9.75681818181818,
    "Minute_10_Fluctuation":  0,
    "Hour":  9.75681818181818,
    "Hour_Fluctuation":  0,
    "Day":  9.75681818181818,
    "Day_Fluctuation":  0,
    "ThreeDay":  9.75681818181818,
    "ThreeDay_Fluctuation":  0,
    "Week":  9.75681818181818,
    "Week_Fluctuation":  0,
    "Duration":  "00:00:19.5470996",
    "Updated":  "\/Date(1577416319098)\/",
    "Failed":  0,
    "PowerDraw_Live":  65,
    "PowerDraw_Average":  65,
    "Diff_Live":  5000,
    "Diff_Average":  5000,
    "Ratio_Live":  0
}
