{
    "Live":  125.714285714286,
    "Minute":  125.714285714286,
    "Minute_Fluctuation":  0,
    "Minute_5":  125.714285714286,
    "Minute_5_Fluctuation":  0,
    "Minute_10":  125.714285714286,
    "Minute_10_Fluctuation":  0,
    "Hour":  125.714285714286,
    "Hour_Fluctuation":  0,
    "Day":  125.714285714286,
    "Day_Fluctuation":  0,
    "ThreeDay":  125.714285714286,
    "ThreeDay_Fluctuation":  0,
    "Week":  125.714285714286,
    "Week_Fluctuation":  0,
    "Duration":  "00:00:22.7403171",
    "Updated":  "\/Date(1577419316978)\/",
    "Failed":  0,
    "PowerDraw_Live":  65,
    "PowerDraw_Average":  65,
    "Diff_Live":  0.016038,
    "Diff_Average":  0.016038,
    "Ratio_Live":  0
}
