{
    "Live":  95.7142857142857,
    "Minute":  95.7142857142857,
    "Minute_Fluctuation":  0,
    "Minute_5":  95.7142857142857,
    "Minute_5_Fluctuation":  0,
    "Minute_10":  95.7142857142857,
    "Minute_10_Fluctuation":  0,
    "Hour":  95.7142857142857,
    "Hour_Fluctuation":  0,
    "Day":  95.7142857142857,
    "Day_Fluctuation":  0,
    "ThreeDay":  95.7142857142857,
    "ThreeDay_Fluctuation":  0,
    "Week":  95.7142857142857,
    "Week_Fluctuation":  0,
    "Duration":  "00:00:26.8793599",
    "Updated":  "\/Date(1563400425086)\/",
    "Failed":  0,
    "PowerDraw_Live":  28,
    "Diff_Average":  0.0843105,
    "PowerDraw_Average":  28,
    "Diff_Live":  0.0843105
}
