{
    "Live":  31.9607692307692,
    "Minute":  31.9607692307692,
    "Minute_Fluctuation":  0,
    "Minute_5":  31.9607692307692,
    "Minute_5_Fluctuation":  0,
    "Minute_10":  31.9607692307692,
    "Minute_10_Fluctuation":  0,
    "Hour":  31.9607692307692,
    "Hour_Fluctuation":  0,
    "Day":  31.9607692307692,
    "Day_Fluctuation":  0,
    "ThreeDay":  31.9607692307692,
    "ThreeDay_Fluctuation":  0,
    "Week":  31.9607692307692,
    "Week_Fluctuation":  0,
    "Duration":  "00:00:23.6492898",
    "Updated":  "\/Date(1577423641830)\/",
    "Failed":  0,
    "PowerDraw_Live":  65,
    "PowerDraw_Average":  65,
    "Diff_Live":  41907.384615384617,
    "Diff_Average":  41907.384615384617,
    "Ratio_Live":  0
}
