{
    "Live":  1351440,
    "Minute":  1351440,
    "Minute_Fluctuation":  0,
    "Minute_5":  1351440,
    "Minute_5_Fluctuation":  0,
    "Minute_10":  1351440,
    "Minute_10_Fluctuation":  0,
    "Hour":  1351440,
    "Hour_Fluctuation":  0,
    "Day":  1351440,
    "Day_Fluctuation":  0,
    "ThreeDay":  1351440,
    "ThreeDay_Fluctuation":  0,
    "Week":  1351440,
    "Week_Fluctuation":  0,
    "Duration":  "00:00:21.7003484",
    "Updated":  "\/Date(1577423704009)\/",
    "Failed":  0,
    "PowerDraw_Live":  65,
    "PowerDraw_Average":  65,
    "Diff_Live":  2481.296983,
    "Diff_Average":  2481.296983,
    "Ratio_Live":  0
}
