{
    "Live":  979.478666666666,
    "Minute":  979.478666666666,
    "Minute_Fluctuation":  0,
    "Minute_5":  979.478666666666,
    "Minute_5_Fluctuation":  0,
    "Minute_10":  979.478666666666,
    "Minute_10_Fluctuation":  0,
    "Hour":  979.478666666666,
    "Hour_Fluctuation":  0,
    "Day":  979.478666666666,
    "Day_Fluctuation":  0,
    "ThreeDay":  979.478666666666,
    "ThreeDay_Fluctuation":  0,
    "Week":  979.478666666666,
    "Week_Fluctuation":  0,
    "Duration":  "00:00:19.8127895",
    "Updated":  "\/Date(1577422207089)\/",
    "Failed":  0,
    "PowerDraw_Live":  65,
    "PowerDraw_Average":  65,
    "Diff_Live":  23000,
    "Diff_Average":  23000,
    "Ratio_Live":  0
}
