{
    "Live":  22711.6666666667,
    "Minute":  22711.6666666667,
    "Minute_Fluctuation":  0,
    "Minute_5":  22711.6666666667,
    "Minute_5_Fluctuation":  0,
    "Minute_10":  22711.6666666667,
    "Minute_10_Fluctuation":  0,
    "Hour":  22711.6666666667,
    "Hour_Fluctuation":  0,
    "Day":  22711.6666666667,
    "Day_Fluctuation":  0,
    "ThreeDay":  22711.6666666667,
    "ThreeDay_Fluctuation":  0,
    "Week":  22711.6666666667,
    "Week_Fluctuation":  0,
    "Duration":  "00:00:25.3585311",
    "Updated":  "\/Date(1570875660131)\/",
    "Failed":  0,
    "PowerDraw_Live":  15,
    "Diff_Average":  3156.574652,
    "PowerDraw_Average":  15,
    "Diff_Live":  3156.574652
}
