{
    "Live":  531.666666666667,
    "Minute":  430.306658246611,
    "Minute_Fluctuation":  0.2909867142954764,
    "Minute_5":  428.668625347751,
    "Minute_5_Fluctuation":  0.19509522125777681,
    "Minute_10":  450.531013888955,
    "Minute_10_Fluctuation":  0.18003930827507361,
    "Hour":  456.423770748888,
    "Hour_Fluctuation":  0.17452439187891322,
    "Day":  456.423770748888,
    "Day_Fluctuation":  0.17452439187891322,
    "ThreeDay":  456.423770748888,
    "ThreeDay_Fluctuation":  0.17452439187891322,
    "Week":  456.423770748888,
    "Week_Fluctuation":  0.17452439187891322,
    "Duration":  "00:16:03.1547804",
    "Updated":  "\/Date(1573056740769)\/",
    "Failed":  29,
    "Diff_Live":  0.198412208333333,
    "Diff_Average":  0.18172262527622,
    "PowerDraw_Average":  18.5492341521825,
    "PowerDraw_Live":  28,
    "Ratio_Live":  0,
    "Ratio_Average":  0
}
