{
    "Live":  90.5882352941176,
    "Minute":  90.5882352941176,
    "Minute_Fluctuation":  0,
    "Minute_5":  90.5882352941176,
    "Minute_5_Fluctuation":  0,
    "Minute_10":  90.5882352941176,
    "Minute_10_Fluctuation":  0,
    "Hour":  90.5882352941176,
    "Hour_Fluctuation":  0,
    "Day":  90.5882352941176,
    "Day_Fluctuation":  0,
    "ThreeDay":  90.5882352941176,
    "ThreeDay_Fluctuation":  0,
    "Week":  90.5882352941176,
    "Week_Fluctuation":  0,
    "Duration":  "00:00:20.0740209",
    "Updated":  "\/Date(1569979002424)\/",
    "Failed":  0,
    "PowerDraw_Live":  26,
    "Diff_Average":  0.545371,
    "PowerDraw_Average":  26,
    "Diff_Live":  0.545371
}
