{
    "Live":  126.666666666667,
    "Minute":  129.249124501574,
    "Minute_Fluctuation":  0.087566271509780941,
    "Minute_5":  133.984335472501,
    "Minute_5_Fluctuation":  0.18367351774473412,
    "Minute_10":  134.49852330693,
    "Minute_10_Fluctuation":  0.20083812076053492,
    "Hour":  125.49376195483,
    "Hour_Fluctuation":  0.28069758324794175,
    "Day":  123.41949735453,
    "Day_Fluctuation":  0.26315439249396178,
    "ThreeDay":  123.41949735453,
    "ThreeDay_Fluctuation":  0.26315439249396178,
    "Week":  123.41949735453,
    "Week_Fluctuation":  0.26315439249396172,
    "Duration":  "06:06:20.3201434",
    "Updated":  "\/Date(1577376356977)\/",
    "Failed":  68,
    "PowerDraw_Live":  65,
    "PowerDraw_Average":  18.527679443898965,
    "Diff_Live":  0.0039233333333333316,
    "Diff_Average":  0.0095839425516444261,
    "Ratio_Live":  0
}
