{
    "Live":  8599.52380952381,
    "Minute":  10765.437079257,
    "Minute_Fluctuation":  0.31443270982796923,
    "Minute_5":  10814.6888489127,
    "Minute_5_Fluctuation":  0.20841791212974747,
    "Minute_10":  10620.0381513108,
    "Minute_10_Fluctuation":  0.19142641998033411,
    "Hour":  10716.0653767215,
    "Hour_Fluctuation":  0.2265067819889057,
    "Day":  10716.5438254463,
    "Day_Fluctuation":  0.22779356018014479,
    "ThreeDay":  10716.5438254463,
    "ThreeDay_Fluctuation":  0.22779356018014479,
    "Week":  10716.5438254463,
    "Week_Fluctuation":  0.22779356018014479,
    "Duration":  "01:15:49.9690155",
    "Updated":  "\/Date(1570053330515)\/",
    "Failed":  36,
    "PowerDraw_Live":  9,
    "Diff_Average":  2.89419812577446,
    "PowerDraw_Average":  17.6670884312318,
    "Diff_Live":  3.879715
}
