{
    "Live":  13.0111764705882,
    "Minute":  13.0111764705882,
    "Minute_Fluctuation":  0,
    "Minute_5":  13.0111764705882,
    "Minute_5_Fluctuation":  0,
    "Minute_10":  13.0111764705882,
    "Minute_10_Fluctuation":  0,
    "Hour":  13.0111764705882,
    "Hour_Fluctuation":  0,
    "Day":  13.0111764705882,
    "Day_Fluctuation":  0,
    "ThreeDay":  13.0111764705882,
    "ThreeDay_Fluctuation":  0,
    "Week":  13.0111764705882,
    "Week_Fluctuation":  0,
    "Duration":  "00:00:23.6482869",
    "Updated":  "\/Date(1576120142604)\/",
    "Failed":  0,
    "PowerDraw_Live":  65,
    "PowerDraw_Average":  65,
    "Diff_Live":  10183.8636363636,
    "Diff_Average":  10183.8636363636,
    "Ratio_Live":  0
}
