{
    "Live":  218.201428571429,
    "Minute":  218.201428571429,
    "Minute_Fluctuation":  0,
    "Minute_5":  218.201428571429,
    "Minute_5_Fluctuation":  0,
    "Minute_10":  218.201428571429,
    "Minute_10_Fluctuation":  0,
    "Hour":  218.201428571429,
    "Hour_Fluctuation":  0,
    "Day":  218.201428571429,
    "Day_Fluctuation":  0,
    "ThreeDay":  218.201428571429,
    "ThreeDay_Fluctuation":  0,
    "Week":  218.201428571429,
    "Week_Fluctuation":  0,
    "Duration":  "00:00:21.1973641",
    "Updated":  "\/Date(1577423271812)\/",
    "Failed":  0,
    "PowerDraw_Live":  65,
    "PowerDraw_Average":  65,
    "Diff_Live":  13750,
    "Diff_Average":  13750,
    "Ratio_Live":  0
}
