{
    "Live":  460.833333333333,
    "Minute":  460.833333333333,
    "Minute_Fluctuation":  0,
    "Minute_5":  460.833333333333,
    "Minute_5_Fluctuation":  0,
    "Minute_10":  460.833333333333,
    "Minute_10_Fluctuation":  0,
    "Hour":  460.833333333333,
    "Hour_Fluctuation":  0,
    "Day":  460.833333333333,
    "Day_Fluctuation":  0,
    "ThreeDay":  460.833333333333,
    "ThreeDay_Fluctuation":  0,
    "Week":  460.833333333333,
    "Week_Fluctuation":  0,
    "Duration":  "00:00:21.3013613",
    "Updated":  "\/Date(1577419898503)\/",
    "Failed":  0,
    "PowerDraw_Live":  65,
    "PowerDraw_Average":  65,
    "Diff_Live":  0.052451000000000018,
    "Diff_Average":  0.052451000000000018,
    "Ratio_Live":  0
}
