{
    "Live":  76.4285714285714,
    "Minute":  69.2013179928578,
    "Minute_Fluctuation":  0.21800843456973551,
    "Minute_5":  50.8295816238049,
    "Minute_5_Fluctuation":  0.37334466394912158,
    "Minute_10":  47.3085247116145,
    "Minute_10_Fluctuation":  0.29793584989687683,
    "Hour":  47.3833905715112,
    "Hour_Fluctuation":  0.20825074192318849,
    "Day":  47.3833905715112,
    "Day_Fluctuation":  0.20825074192318849,
    "ThreeDay":  47.3833905715112,
    "ThreeDay_Fluctuation":  0.20825074192318788,
    "Week":  47.3833905715112,
    "Week_Fluctuation":  0.20825074192318838,
    "Duration":  "00:33:09.2284111",
    "Updated":  "\/Date(1577376976426)\/",
    "Failed":  152,
    "PowerDraw_Live":  65,
    "PowerDraw_Average":  17.822088747935624,
    "Diff_Live":  0.002172333333333333,
    "Diff_Average":  0.006613749946449787,
    "Ratio_Live":  0
}
