{
    "Live":  640.538461538462,
    "Minute":  628.589550789121,
    "Minute_Fluctuation":  0.053957201548852363,
    "Minute_5":  676.315106458268,
    "Minute_5_Fluctuation":  0.10826639643354502,
    "Minute_10":  718.023605516236,
    "Minute_10_Fluctuation":  0.12328767609354921,
    "Hour":  734.988781159874,
    "Hour_Fluctuation":  0.14609391117962528,
    "Day":  791.920141867235,
    "Day_Fluctuation":  0.208973610620866,
    "ThreeDay":  791.920141867235,
    "ThreeDay_Fluctuation":  0.208973610620866,
    "Week":  791.920141867235,
    "Week_Fluctuation":  0.208973610620866,
    "Duration":  "05:31:03.7308137",
    "Updated":  "\/Date(1576729649849)\/",
    "Failed":  0,
    "PowerDraw_Live":  65,
    "PowerDraw_Average":  61.2236127482801,
    "Diff_Live":  700076,
    "Diff_Average":  835007.58124850679,
    "Ratio_Live":  0
}
