{
    "Live":  46.2333333333333,
    "Minute":  46.2333333333333,
    "Minute_Fluctuation":  0,
    "Minute_5":  46.2333333333333,
    "Minute_5_Fluctuation":  0,
    "Minute_10":  46.2333333333333,
    "Minute_10_Fluctuation":  0,
    "Hour":  46.2333333333333,
    "Hour_Fluctuation":  0,
    "Day":  46.2333333333333,
    "Day_Fluctuation":  0,
    "ThreeDay":  46.2333333333333,
    "ThreeDay_Fluctuation":  0,
    "Week":  46.2333333333333,
    "Week_Fluctuation":  0,
    "Duration":  "00:00:27.4519735",
    "Updated":  "\/Date(1574719558628)\/",
    "Failed":  0,
    "PowerDraw_Live":  16,
    "PowerDraw_Average":  16,
    "Diff_Live":  2000,
    "Diff_Average":  2000,
    "Ratio_Live":  0,
    "Ratio_Average":  0
}
