{
    "Live":  107.368421052632,
    "Minute":  92.246350965595,
    "Minute_Fluctuation":  0.17412524533918627,
    "Minute_5":  90.8436386101924,
    "Minute_5_Fluctuation":  0.33479844411480564,
    "Minute_10":  93.4745272107202,
    "Minute_10_Fluctuation":  0.3520844370755099,
    "Hour":  101.864929753568,
    "Hour_Fluctuation":  0.28518721093119159,
    "Day":  106.962388834096,
    "Day_Fluctuation":  0.29331029434174583,
    "ThreeDay":  106.962388834096,
    "ThreeDay_Fluctuation":  0.29331029434174583,
    "Week":  106.962388834096,
    "Week_Fluctuation":  0.29331029434174583,
    "Duration":  "04:14:36.2181429",
    "Updated":  "\/Date(1564645876373)\/",
    "Failed":  39,
    "PowerDraw_Live":  24,
    "Diff_Average":  0.0362519456056593,
    "PowerDraw_Average":  16.2640138969492,
    "Diff_Live":  0.0448439473684211
}
