{
    "Live":  37293.5714285714,
    "Minute":  37293.5714285714,
    "Minute_Fluctuation":  0,
    "Minute_5":  37293.5714285714,
    "Minute_5_Fluctuation":  0,
    "Minute_10":  37293.5714285714,
    "Minute_10_Fluctuation":  0,
    "Hour":  37293.5714285714,
    "Hour_Fluctuation":  0,
    "Day":  37293.5714285714,
    "Day_Fluctuation":  0,
    "ThreeDay":  37293.5714285714,
    "ThreeDay_Fluctuation":  0,
    "Week":  37293.5714285714,
    "Week_Fluctuation":  0,
    "Duration":  "00:00:30.3940490",
    "Updated":  "\/Date(1580819111685)\/",
    "Failed":  0,
    "PowerDraw_Live":  65,
    "PowerDraw_Average":  65,
    "Diff_Live":  588.2561212857139,
    "Diff_Average":  588.2561212857139,
    "Ratio_Live":  0
}
