{
    "Live":  21361.3636363636,
    "Minute":  21361.3636363636,
    "Minute_Fluctuation":  0,
    "Minute_5":  21361.3636363636,
    "Minute_5_Fluctuation":  0,
    "Minute_10":  21361.3636363636,
    "Minute_10_Fluctuation":  0,
    "Hour":  21361.3636363636,
    "Hour_Fluctuation":  0,
    "Day":  21361.3636363636,
    "Day_Fluctuation":  0,
    "ThreeDay":  21361.3636363636,
    "ThreeDay_Fluctuation":  0,
    "Week":  21361.3636363636,
    "Week_Fluctuation":  0,
    "Duration":  "00:00:24.7305461",
    "Updated":  "\/Date(1570877661274)\/",
    "Failed":  0,
    "PowerDraw_Live":  8,
    "Diff_Average":  1192081.431155,
    "PowerDraw_Average":  8,
    "Diff_Live":  1192081.431155
}
