{
    "Live":  168.181818181818,
    "Minute":  168.181818181818,
    "Minute_Fluctuation":  0,
    "Minute_5":  168.181818181818,
    "Minute_5_Fluctuation":  0,
    "Minute_10":  168.181818181818,
    "Minute_10_Fluctuation":  0,
    "Hour":  168.181818181818,
    "Hour_Fluctuation":  0,
    "Day":  168.181818181818,
    "Day_Fluctuation":  0,
    "ThreeDay":  168.181818181818,
    "ThreeDay_Fluctuation":  0,
    "Week":  168.181818181818,
    "Week_Fluctuation":  0,
    "Duration":  "00:00:20.4437785",
    "Updated":  "\/Date(1577416388906)\/",
    "Failed":  0,
    "PowerDraw_Live":  65,
    "PowerDraw_Average":  65,
    "Diff_Live":  0.34187799999999996,
    "Diff_Average":  0.34187799999999996,
    "Ratio_Live":  0
}
