{
    "Live":  68.3727272727273,
    "Minute":  76.0041570661928,
    "Minute_Fluctuation":  0.072589071062943433,
    "Minute_5":  79.9810478398558,
    "Minute_5_Fluctuation":  0.023590014008358612,
    "Minute_10":  80.2791358213778,
    "Minute_10_Fluctuation":  0.019299780460700276,
    "Hour":  80.8666780653362,
    "Hour_Fluctuation":  0.019352936969496637,
    "Day":  78.5276417421914,
    "Day_Fluctuation":  0.054182333017036205,
    "ThreeDay":  78.5276417421914,
    "ThreeDay_Fluctuation":  0.054182333017036205,
    "Week":  78.5276417421914,
    "Week_Fluctuation":  0.054182333017036108,
    "Duration":  "09:04:02.2035939",
    "Updated":  "\/Date(1574747581567)\/",
    "Failed":  29,
    "PowerDraw_Live":  65,
    "PowerDraw_Average":  64.8765602467714,
    "Diff_Live":  20000,
    "Diff_Average":  12964.5594994294,
    "Ratio_Live":  0,
    "Ratio_Average":  0
}
