{
    "Live":  4.15086956521739,
    "Minute":  4.63212936576736,
    "Minute_Fluctuation":  0.096658522341469377,
    "Minute_5":  5.04680131983973,
    "Minute_5_Fluctuation":  0.15558177280137769,
    "Minute_10":  5.05288115151138,
    "Minute_10_Fluctuation":  0.15547051430794884,
    "Hour":  5.05288115151138,
    "Hour_Fluctuation":  0.15547051430794884,
    "Day":  5.05288115151138,
    "Day_Fluctuation":  0.15547051430794884,
    "ThreeDay":  5.05288115151138,
    "ThreeDay_Fluctuation":  0.15547051430794884,
    "Week":  5.05288115151138,
    "Week_Fluctuation":  0.15547051430794884,
    "Duration":  "00:05:47.2900612",
    "Updated":  "\/Date(1576662378273)\/",
    "Failed":  25,
    "PowerDraw_Live":  65,
    "PowerDraw_Average":  65,
    "Diff_Live":  800105,
    "Diff_Average":  784336.21339044126,
    "Ratio_Live":  0
}
