{
    "Live":  596.488888888889,
    "Minute":  596.488888888889,
    "Minute_Fluctuation":  0,
    "Minute_5":  596.488888888889,
    "Minute_5_Fluctuation":  0,
    "Minute_10":  596.488888888889,
    "Minute_10_Fluctuation":  0,
    "Hour":  596.488888888889,
    "Hour_Fluctuation":  0,
    "Day":  596.488888888889,
    "Day_Fluctuation":  0,
    "ThreeDay":  596.488888888889,
    "ThreeDay_Fluctuation":  0,
    "Week":  596.488888888889,
    "Week_Fluctuation":  0,
    "Duration":  "00:00:20.2673876",
    "Updated":  "\/Date(1579167532189)\/",
    "Failed":  0,
    "PowerDraw_Live":  65,
    "PowerDraw_Average":  65,
    "Diff_Live":  100001,
    "Diff_Average":  100001,
    "Ratio_Live":  0
}
