{
    "Live":  22.0530434782609,
    "Minute":  22.0530434782609,
    "Minute_Fluctuation":  0,
    "Minute_5":  22.0530434782609,
    "Minute_5_Fluctuation":  0,
    "Minute_10":  22.0530434782609,
    "Minute_10_Fluctuation":  0,
    "Hour":  22.0530434782609,
    "Hour_Fluctuation":  0,
    "Day":  22.0530434782609,
    "Day_Fluctuation":  0,
    "ThreeDay":  22.0530434782609,
    "ThreeDay_Fluctuation":  0,
    "Week":  22.0530434782609,
    "Week_Fluctuation":  0,
    "Duration":  "00:00:21.3888630",
    "Updated":  "\/Date(1577419131416)\/",
    "Failed":  0,
    "PowerDraw_Live":  65,
    "PowerDraw_Average":  65,
    "Diff_Live":  10000,
    "Diff_Average":  10000,
    "Ratio_Live":  0
}
