{
    "Live":  190,
    "Minute":  288.012775228598,
    "Minute_Fluctuation":  0.43300305138484646,
    "Minute_5":  379.026741964341,
    "Minute_5_Fluctuation":  0.3499194819674461,
    "Minute_10":  358.34816641619,
    "Minute_10_Fluctuation":  0.35489328731171588,
    "Hour":  353.519024402144,
    "Hour_Fluctuation":  0.34047491492275783,
    "Day":  353.519024402144,
    "Day_Fluctuation":  0.34047491492275783,
    "ThreeDay":  353.519024402144,
    "ThreeDay_Fluctuation":  0.34047491492275783,
    "Week":  353.519024402144,
    "Week_Fluctuation":  0.34047491492275783,
    "Duration":  "00:16:15.9549288",
    "Updated":  "\/Date(1575598946725)\/",
    "Failed":  45,
    "PowerDraw_Live":  18,
    "PowerDraw_Average":  20.7943757198196,
    "Diff_Live":  0.065064,
    "Diff_Average":  0.0673748796342372,
    "Ratio_Live":  0.2,
    "Ratio_Average":  0.3374
}
