{
    "Live":  66666.7,
    "Minute":  66666.7,
    "Minute_Fluctuation":  1.5948032854382405E-16,
    "Minute_5":  66666.7000000344,
    "Minute_5_Fluctuation":  1.3470394984131958E-11,
    "Minute_10":  66666.7063863006,
    "Minute_10_Fluctuation":  1.2670014123445806E-06,
    "Hour":  66784.399936506,
    "Hour_Fluctuation":  0.0056515762268311539,
    "Day":  67486.9407793708,
    "Day_Fluctuation":  0.016279685216376336,
    "ThreeDay":  67486.9407793708,
    "ThreeDay_Fluctuation":  0.016279685216376336,
    "Week":  67486.9407793708,
    "Week_Fluctuation":  0.016279685216376336,
    "Duration":  "10:57:37.5366842",
    "Updated":  "\/Date(1576943313094)\/",
    "Failed":  0,
    "PowerDraw_Live":  65,
    "PowerDraw_Average":  65,
    "Diff_Live":  0,
    "Diff_Average":  0,
    "Ratio_Live":  0
}
