{
    "Live":  28739.375,
    "Minute":  28739.375,
    "Minute_Fluctuation":  0,
    "Minute_5":  28739.375,
    "Minute_5_Fluctuation":  0,
    "Minute_10":  28739.375,
    "Minute_10_Fluctuation":  0,
    "Hour":  28739.375,
    "Hour_Fluctuation":  0,
    "Day":  28739.375,
    "Day_Fluctuation":  0,
    "ThreeDay":  28739.375,
    "ThreeDay_Fluctuation":  0,
    "Week":  28739.375,
    "Week_Fluctuation":  0,
    "Duration":  "00:00:20.1970181",
    "Updated":  "\/Date(1570718526936)\/",
    "Failed":  0,
    "PowerDraw_Live":  10,
    "Diff_Average":  1063.02789055556,
    "PowerDraw_Average":  10,
    "Diff_Live":  1063.02789055556
}
