{
    "Live":  1666492.85714286,
    "Minute":  1666492.85714286,
    "Minute_Fluctuation":  0,
    "Minute_5":  1666492.85714286,
    "Minute_5_Fluctuation":  0,
    "Minute_10":  1666492.85714286,
    "Minute_10_Fluctuation":  0,
    "Hour":  1666492.85714286,
    "Hour_Fluctuation":  0,
    "Day":  1666492.85714286,
    "Day_Fluctuation":  0,
    "ThreeDay":  1666492.85714286,
    "ThreeDay_Fluctuation":  0,
    "Week":  1666492.85714286,
    "Week_Fluctuation":  0,
    "Duration":  "00:00:25.1866661",
    "Updated":  "\/Date(1570876094851)\/",
    "Failed":  0,
    "PowerDraw_Live":  13,
    "Diff_Average":  17820.725459,
    "PowerDraw_Average":  13,
    "Diff_Live":  17820.725459
}
