{
    "Live":  225.057142857143,
    "Minute":  225.057142857143,
    "Minute_Fluctuation":  0,
    "Minute_5":  225.057142857143,
    "Minute_5_Fluctuation":  0,
    "Minute_10":  225.057142857143,
    "Minute_10_Fluctuation":  0,
    "Hour":  225.057142857143,
    "Hour_Fluctuation":  0,
    "Day":  225.057142857143,
    "Day_Fluctuation":  0,
    "ThreeDay":  225.057142857143,
    "ThreeDay_Fluctuation":  0,
    "Week":  225.057142857143,
    "Week_Fluctuation":  0,
    "Duration":  "00:00:23.6552940",
    "Updated":  "\/Date(1577417106682)\/",
    "Failed":  0,
    "PowerDraw_Live":  65,
    "PowerDraw_Average":  65,
    "Diff_Live":  15000,
    "Diff_Average":  15000,
    "Ratio_Live":  0
}
