{
    "Pool":  "HeroMiners",
    "Cost_1d":  0,
    "Cost_1w":  70.4352,
    "Cost_Avg":  10.062870239004691188813470935,
    "Profit_1d":  0,
    "Profit_1w":  103.3461,
    "Profit_Avg":  14.764753901560621905925387428,
    "ProfitApi_1d":  0,
    "ProfitApi_1w":  103.3461,
    "ProfitApi_Avg":  14.764753901560621905925387428,
    "Power_1d":  0,
    "Power_1w":  2.645,
    "Power_Avg":  0.3778833847588621625893250906,
    "Started":  "\/Date(1564616987053)\/",
    "Updated":  "\/Date(1581921632814)\/"
}
