{
    "Pool":  "MiningRigRentals",
    "Cost_1d":  8679.9690,
    "Cost_1w":  51802.7194,
    "Cost_Avg":  7400.9024372724284581822249922,
    "Profit_1d":  44045.3569,
    "Profit_1w":  179343.4583,
    "Profit_Avg":  25622.273367396541327707540421,
    "ProfitApi_1d":  44045.3569,
    "ProfitApi_1w":  179343.4583,
    "ProfitApi_Avg":  25622.273367396541327707540421,
    "Power_1d":  325.638,
    "Power_1w":  1993.691,
    "Power_Avg":  284.83278005417038328728700538,
    "Started":  "\/Date(1564626080801)\/",
    "Updated":  "\/Date(1581921632814)\/"
}
