{
    "Pool":  "SparkPool",
    "Cost_1d":  0,
    "Cost_1w":  3.1635,
    "Cost_Avg":  0.4519599575367336300005028069,
    "Profit_1d":  0,
    "Profit_1w":  6.338,
    "Profit_Avg":  0.9054914527794587472556304062,
    "ProfitApi_1d":  0,
    "ProfitApi_1w":  6.338,
    "ProfitApi_Avg":  0.9054914527794587472556304062,
    "Power_1d":  0,
    "Power_1w":  0.118,
    "Power_Avg":  0.0168583135733632269132477734,
    "Started":  "\/Date(1564626080801)\/",
    "Updated":  "\/Date(1581921632814)\/"
}
