{
    "Pool":  "ZergPool",
    "Cost_1d":  0,
    "Cost_1w":  79.1167,
    "Cost_Avg":  11.303170656692427243452119621,
    "Profit_1d":  0,
    "Profit_1w":  248.4648,
    "Profit_Avg":  35.497436528330334765718011635,
    "ProfitApi_1d":  0,
    "ProfitApi_1w":  248.4648,
    "ProfitApi_Avg":  35.497436528330334765718011635,
    "Power_1d":  0,
    "Power_1w":  3.002,
    "Power_Avg":  0.4288869266714949762166933543,
    "Started":  "\/Date(1564626080801)\/",
    "Updated":  "\/Date(1581921632814)\/"
}
