{
    "Live":  0.000000000843061935974058,
    "Minute":  0.000000000843061935974058,
    "Minute_Fluctuation":  0.12139812034210519,
    "Minute_5":  0.00000000076510246139585,
    "Minute_5_Fluctuation":  0.067225235706118033,
    "Minute_10":  0.000000000733000977612817,
    "Minute_10_Fluctuation":  0.085815800293245537,
    "Hour":  0.000000000571243848694508,
    "Hour_Fluctuation":  0.20415340618536329,
    "Day":  0.000000000483407227151987,
    "Day_Fluctuation":  0.15363502407836346,
    "ThreeDay":  0.00000000046230774245817,
    "ThreeDay_Fluctuation":  0.17699223650505574,
    "Week":  0.000000000445655415826641,
    "Week_Fluctuation":  0.16809175602615964,
    "Duration":  "12.00:04:44.3747879",
    "Updated":  "\/Date(1563947482566)\/",
    "Failed":  0,
    "ErrorRatio_Average":  0,
    "HashRate_Average":  71872.0846600484,
    "BlockRate_Average":  0.0000000000000000001155012102,
    "ErrorRatio_Live":  0,
    "HashRate_Live":  69992,
    "BlockRate_Live":  0
}
