{
    "Live":  0.0000000494089118664,
    "Minute":  0.0000000494089118664,
    "Minute_Fluctuation":  0.016395612526667918,
    "Minute_5":  0.0000000503019946878533,
    "Minute_5_Fluctuation":  0.015215945794911437,
    "Minute_10":  0.0000000511961494250851,
    "Minute_10_Fluctuation":  0.037876558581199433,
    "Hour":  0.0000000534139347606517,
    "Hour_Fluctuation":  0.048813025010429466,
    "Day":  0.0000000544817898322461,
    "Day_Fluctuation":  0.1591793374566115,
    "ThreeDay":  0.0000000459320369005581,
    "ThreeDay_Fluctuation":  0.27330071354356983,
    "Week":  0.0000000406132865437073,
    "Week_Fluctuation":  0.25203713420194862,
    "Duration":  "9.08:34:45.6794456",
    "Updated":  "\/Date(1562159757936)\/",
    "Failed":  0,
    "ErrorRatio_Average":  0,
    "HashRate_Average":  879176.617930859,
    "BlockRate_Average":  0,
    "ErrorRatio_Live":  0,
    "HashRate_Live":  885000,
    "BlockRate_Live":  0
}
