{
    "Live":  0.0000000109060871309956,
    "Minute":  0.0000000109060871309956,
    "Minute_Fluctuation":  1.5169154667802761E-15,
    "Minute_5":  0.0000000110628923483062,
    "Minute_5_Fluctuation":  0.022497176898235934,
    "Minute_10":  0.0000000111221028681353,
    "Minute_10_Fluctuation":  0.022494744894679602,
    "Hour":  0.0000000108664266225724,
    "Hour_Fluctuation":  0.041466254818990737,
    "Day":  0.0000000111399788615693,
    "Day_Fluctuation":  0.097085217857972458,
    "ThreeDay":  0.0000000113633457264667,
    "ThreeDay_Fluctuation":  0.09448486710538774,
    "Week":  0.0000000113965648372966,
    "Week_Fluctuation":  0.093573551153732837,
    "Duration":  "4.10:11:39.8424695",
    "Updated":  "\/Date(1581923093202)\/",
    "Failed":  0,
    "HashRate_Live":  638370,
    "HashRate_Average":  620678.78340817452,
    "BlockRate_Live":  0,
    "BlockRate_Average":  0,
    "Actual24h_Week":  0,
    "Estimate24h_Week":  0,
    "ErrorRatio":  1
}
