{
    "Live":  0.00000000685342462105046,
    "Minute":  0.00000000685342462105046,
    "Minute_Fluctuation":  0,
    "Minute_5":  0.00000000685375763563302,
    "Minute_5_Fluctuation":  0.00013100013479794959,
    "Minute_10":  0.00000000685555177564659,
    "Minute_10_Fluctuation":  0.0011781296208731038,
    "Hour":  0.00000000695347254581552,
    "Hour_Fluctuation":  0.013661697441729325,
    "Day":  0.00000000624620195621915,
    "Day_Fluctuation":  0.0766562331183866,
    "ThreeDay":  0.00000000641456674689343,
    "ThreeDay_Fluctuation":  0.076440682526611584,
    "Week":  0.00000000650773368705065,
    "Week_Fluctuation":  0.073295945784964275,
    "Duration":  "6.08:51:56.9215336",
    "Updated":  "\/Date(1581333825915)\/",
    "Failed":  0,
    "HashRate_Live":  521618,
    "HashRate_Average":  536573.73091041588,
    "BlockRate_Live":  76,
    "BlockRate_Average":  74.640630372151591,
    "Actual24h_Week":  0,
    "Estimate24h_Week":  0,
    "ErrorRatio":  1
}
