{
    "Live":  0.0000000117550960579525,
    "Minute":  0.0000000117550960579525,
    "Minute_Fluctuation":  0,
    "Minute_5":  0.000000011755142619842,
    "Minute_5_Fluctuation":  1.3630886275911337E-05,
    "Minute_10":  0.0000000117548484523179,
    "Minute_10_Fluctuation":  0.00037237504069612029,
    "Hour":  0.0000000111534265614573,
    "Hour_Fluctuation":  0.0827480628772045,
    "Day":  0.0000000114080774116788,
    "Day_Fluctuation":  0.092521615167510243,
    "ThreeDay":  0.0000000104268307854171,
    "ThreeDay_Fluctuation":  0.23407089020668956,
    "Week":  0.00000000950379222358059,
    "Week_Fluctuation":  0.27296557663027682,
    "Duration":  "7.06:23:18.2590553",
    "Updated":  "\/Date(1581417738416)\/",
    "Failed":  0,
    "HashRate_Live":  1107447,
    "HashRate_Average":  1107447.0000000016,
    "BlockRate_Live":  0,
    "BlockRate_Average":  3.002113659280447E-48,
    "Actual24h_Week":  0,
    "Estimate24h_Week":  0,
    "ErrorRatio":  1
}
