{
    "Live":  0.00000000738641400684312,
    "Minute":  0.00000000738641400684312,
    "Minute_Fluctuation":  0,
    "Minute_5":  0.00000000740928314350546,
    "Minute_5_Fluctuation":  0.0027302988120314776,
    "Minute_10":  0.00000000742565756964404,
    "Minute_10_Fluctuation":  0.0041515873708030844,
    "Hour":  0.00000000744219830283609,
    "Hour_Fluctuation":  0.0067570855367756468,
    "Day":  0.00000000751696844452763,
    "Day_Fluctuation":  0.020869670762112266,
    "ThreeDay":  0.00000000790675458405995,
    "ThreeDay_Fluctuation":  0.08368660764485461,
    "Week":  0.00000000816980745681596,
    "Week_Fluctuation":  0.097457321521957879,
    "Duration":  "7.06:07:20.1722213",
    "Updated":  "\/Date(1581416839473)\/",
    "Failed":  0,
    "HashRate_Live":  11138978,
    "HashRate_Average":  11138977.999999989,
    "BlockRate_Live":  0,
    "BlockRate_Average":  8.7653638169457319E-51,
    "Actual24h_Week":  0,
    "Estimate24h_Week":  0,
    "ErrorRatio":  1
}
