{
    "Live":  0.0000000121245082609725,
    "Minute":  0.0000000121245082609725,
    "Minute_Fluctuation":  0.00016217971088194921,
    "Minute_5":  0.0000000121234668733753,
    "Minute_5_Fluctuation":  7.6391295729922519E-05,
    "Minute_10":  0.0000000121229847079,
    "Minute_10_Fluctuation":  4.5620789435989391E-05,
    "Hour":  0.0000000121233752603904,
    "Hour_Fluctuation":  0.00034743894529601729,
    "Day":  0.0000000110088462089311,
    "Day_Fluctuation":  0.2068633563220765,
    "ThreeDay":  0.0000000113019505401252,
    "ThreeDay_Fluctuation":  0.20046232336261668,
    "Week":  0.0000000116437399212979,
    "Week_Fluctuation":  0.20784576453028464,
    "Duration":  "6.12:20:41.6681801",
    "Updated":  "\/Date(1581352780877)\/",
    "Failed":  0,
    "HashRate_Live":  330915,
    "HashRate_Average":  330914.99999999959,
    "BlockRate_Live":  0,
    "BlockRate_Average":  1.4132985232894855E-41,
    "Actual24h_Week":  0,
    "Estimate24h_Week":  0,
    "ErrorRatio":  1
}
