{
    "Live":  0.0000000000000110052710532252,
    "Minute":  0.0000000000000110052710532252,
    "Minute_Fluctuation":  0,
    "Minute_5":  0.0000000000000110032605308766,
    "Minute_5_Fluctuation":  0.00094915498390837536,
    "Minute_10":  0.0000000000000109901866431647,
    "Minute_10_Fluctuation":  0.0029436826701014118,
    "Hour":  0.000000000000010743962987128,
    "Hour_Fluctuation":  0.02133094845496163,
    "Day":  0.0000000000000109473009922217,
    "Day_Fluctuation":  0.03079314736923932,
    "ThreeDay":  0.0000000000000107831066033479,
    "ThreeDay_Fluctuation":  0.07145859028632906,
    "Week":  0.0000000000000105942745875059,
    "Week_Fluctuation":  0.094819686717956458,
    "Duration":  "7.06:15:25.1866443",
    "Updated":  "\/Date(1581417324509)\/",
    "Failed":  0,
    "HashRate_Live":  2268693357208,
    "HashRate_Average":  2268693357207.9966,
    "BlockRate_Live":  0,
    "BlockRate_Average":  1.3473001620677982E-48,
    "Actual24h_Week":  0,
    "Estimate24h_Week":  0,
    "ErrorRatio":  1
}
