{
    "Live":  0.000000000590138162596051,
    "Minute":  0.000000000590138162596051,
    "Minute_Fluctuation":  0,
    "Minute_5":  0.000000000589568254122389,
    "Minute_5_Fluctuation":  0.0021851720695650633,
    "Minute_10":  0.000000000589162379609464,
    "Minute_10_Fluctuation":  0.0027840772920752557,
    "Hour":  0.000000000588742580656686,
    "Hour_Fluctuation":  0.002724049031299621,
    "Day":  0.000000000581917350203268,
    "Day_Fluctuation":  0.037412448150179321,
    "ThreeDay":  0.000000000558188144861988,
    "ThreeDay_Fluctuation":  0.05907303504090803,
    "Week":  0.000000000545949493974217,
    "Week_Fluctuation":  0.062538654744580341,
    "Duration":  "7.05:28:26.6115624",
    "Updated":  "\/Date(1581415227851)\/",
    "Failed":  0,
    "HashRate_Live":  92365971,
    "HashRate_Average":  92365971.0000001,
    "BlockRate_Live":  0,
    "BlockRate_Average":  4.2816435152916483E-49,
    "Actual24h_Week":  0,
    "Estimate24h_Week":  0,
    "ErrorRatio":  1
}
