{
    "Live":  0.00000000735254469818574,
    "Minute":  0.00000000735254469818574,
    "Minute_Fluctuation":  0.01028639452060183,
    "Minute_5":  0.00000000738898542901504,
    "Minute_5_Fluctuation":  0.017876085501507127,
    "Minute_10":  0.00000000739651735682986,
    "Minute_10_Fluctuation":  0.030680218727800121,
    "Hour":  0.00000000772267775726041,
    "Hour_Fluctuation":  0.084986129263594265,
    "Day":  0.00000000765060411573132,
    "Day_Fluctuation":  0.12881621137423108,
    "ThreeDay":  0.00000000791107268111022,
    "ThreeDay_Fluctuation":  0.1282764025913993,
    "Week":  0.00000000800639112299567,
    "Week_Fluctuation":  0.1258407134309531,
    "Duration":  "7.06:30:04.8143014",
    "Updated":  "\/Date(1581418204612)\/",
    "Failed":  0,
    "HashRate_Live":  2067,
    "HashRate_Average":  2211.6973205971617,
    "BlockRate_Live":  1,
    "BlockRate_Average":  0.99999946771669557,
    "Actual24h_Week":  0,
    "Estimate24h_Week":  0,
    "ErrorRatio":  1
}
