{
    "Live":  0.00000000281934740826602,
    "Minute":  0.00000000281934740826602,
    "Minute_Fluctuation":  5.8678870871168557E-16,
    "Minute_5":  0.00000000282428572591123,
    "Minute_5_Fluctuation":  0.007284652100065037,
    "Minute_10":  0.00000000280068850248074,
    "Minute_10_Fluctuation":  0.028924662332812146,
    "Hour":  0.00000000248238648682361,
    "Hour_Fluctuation":  0.12980815879977792,
    "Day":  0.00000000252402313483684,
    "Day_Fluctuation":  0.1414702795701554,
    "ThreeDay":  0.00000000262985854982484,
    "ThreeDay_Fluctuation":  0.16403560483105248,
    "Week":  0.00000000265060519714159,
    "Week_Fluctuation":  0.16526687175574906,
    "Duration":  "4.10:11:39.8424695",
    "Updated":  "\/Date(1581923094163)\/",
    "Failed":  0,
    "HashRate_Live":  95022,
    "HashRate_Average":  104597.73209151407,
    "BlockRate_Live":  598,
    "BlockRate_Average":  609.99715713969329,
    "Actual24h_Week":  0,
    "Estimate24h_Week":  0,
    "ErrorRatio":  1
}
