{
    "Live":  0.00000000783646623440324,
    "Minute":  0.00000000783646623440324,
    "Minute_Fluctuation":  0.015638943417287329,
    "Minute_5":  0.000000007712493052191,
    "Minute_5_Fluctuation":  0.05881672163393107,
    "Minute_10":  0.00000000737169274524845,
    "Minute_10_Fluctuation":  0.10321731769784029,
    "Hour":  0.00000000744343892428434,
    "Hour_Fluctuation":  0.12158312240697214,
    "Day":  0.00000000849427132876555,
    "Day_Fluctuation":  0.093186583225943045,
    "ThreeDay":  0.00000000864748084106576,
    "ThreeDay_Fluctuation":  0.0981958848561866,
    "Week":  0.00000000870739839413402,
    "Week_Fluctuation":  0.099448843977610085,
    "Duration":  "6.03:21:08.5805630",
    "Updated":  "\/Date(1581156571880)\/",
    "Failed":  0,
    "HashRate_Live":  31352515,
    "HashRate_Average":  31242214.088662017,
    "BlockRate_Live":  591,
    "BlockRate_Average":  616.80982861685254,
    "Actual24h_Week":  0,
    "Estimate24h_Week":  0,
    "ErrorRatio":  1
}
