{
    "Live":  0.00000000671603771381183,
    "Minute":  0.00000000671603771381183,
    "Minute_Fluctuation":  0,
    "Minute_5":  0.00000000674653971001877,
    "Minute_5_Fluctuation":  0.011579558388258034,
    "Minute_10":  0.00000000680729558826695,
    "Minute_10_Fluctuation":  0.015823652757954335,
    "Hour":  0.00000000688850453757349,
    "Hour_Fluctuation":  0.016229929438430969,
    "Day":  0.00000000626977246933345,
    "Day_Fluctuation":  0.073893212954571463,
    "ThreeDay":  0.00000000639694682761206,
    "ThreeDay_Fluctuation":  0.070346436210768387,
    "Week":  0.00000000646152845006206,
    "Week_Fluctuation":  0.0683670226821102,
    "Duration":  "6.08:50:40.1899399",
    "Updated":  "\/Date(1581333683033)\/",
    "Failed":  0,
    "HashRate_Live":  243607,
    "HashRate_Average":  247447.99363941295,
    "BlockRate_Live":  37,
    "BlockRate_Average":  38.877898632387,
    "Actual24h_Week":  0,
    "Estimate24h_Week":  0,
    "ErrorRatio":  1
}
