{
    "Live":  0.0000200869025638292,
    "Minute":  0.0000200869025638292,
    "Minute_Fluctuation":  5.0602104205726522E-16,
    "Minute_5":  0.0000197872927103112,
    "Minute_5_Fluctuation":  0.029293938800930498,
    "Minute_10":  0.000019391799018668,
    "Minute_10_Fluctuation":  0.035485903961002457,
    "Hour":  0.0000194787196258425,
    "Hour_Fluctuation":  0.034374780230398,
    "Day":  0.0000210644518458101,
    "Day_Fluctuation":  0.054735466437306507,
    "ThreeDay":  0.0000210006813310882,
    "ThreeDay_Fluctuation":  0.07914380563637087,
    "Week":  0.000021214873771751,
    "Week_Fluctuation":  0.087739396396477917,
    "Duration":  "10.08:33:45.6794456",
    "Updated":  "\/Date(1562159759591)\/",
    "Failed":  0,
    "ErrorRatio_Average":  0,
    "HashRate_Average":  3219.039524274,
    "BlockRate_Average":  2458.9296307173,
    "ErrorRatio_Live":  0,
    "HashRate_Live":  3387.89333333333,
    "BlockRate_Live":  2418
}
