{
    "Live":  0.0000000255358904031363,
    "Minute":  0.0000000255358904031363,
    "Minute_Fluctuation":  0.048131386806376568,
    "Minute_5":  0.0000000248832579279383,
    "Minute_5_Fluctuation":  0.028224832263942588,
    "Minute_10":  0.0000000250239538761312,
    "Minute_10_Fluctuation":  0.034640220514487854,
    "Hour":  0.0000000243455449851324,
    "Hour_Fluctuation":  0.058150785565316408,
    "Day":  0.0000000285079167368729,
    "Day_Fluctuation":  0.10681774064696134,
    "ThreeDay":  0.000000029683147777634,
    "ThreeDay_Fluctuation":  0.11225583748674656,
    "Week":  0.0000000305032855393361,
    "Week_Fluctuation":  0.11752567337117198,
    "Duration":  "7.06:46:19.8265844",
    "Updated":  "\/Date(1581419249358)\/",
    "Failed":  0,
    "HashRate_Live":  502026,
    "HashRate_Average":  477066.50435430452,
    "BlockRate_Live":  52,
    "BlockRate_Average":  49.681912124050811,
    "Actual24h_Week":  0,
    "Estimate24h_Week":  0,
    "ErrorRatio":  1
}
