{
    "Live":  0.0000000194573305465312,
    "Minute":  0.0000000194573305465312,
    "Minute_Fluctuation":  6.8020069706879311E-16,
    "Minute_5":  0.0000000189690637871044,
    "Minute_5_Fluctuation":  0.030382599948891562,
    "Minute_10":  0.0000000184755332738671,
    "Minute_10_Fluctuation":  0.048875512812242061,
    "Hour":  0.0000000179089869919522,
    "Hour_Fluctuation":  0.058715528284449432,
    "Day":  0.0000000196221735039719,
    "Day_Fluctuation":  0.10999000325652668,
    "ThreeDay":  0.000000019370879957465,
    "ThreeDay_Fluctuation":  0.1560712467619168,
    "Week":  0.0000000186014954445101,
    "Week_Fluctuation":  0.1670162824252383,
    "Duration":  "10.08:33:45.6794456",
    "Updated":  "\/Date(1562159758490)\/",
    "Failed":  0,
    "ErrorRatio_Average":  0,
    "HashRate_Average":  284.355934775276,
    "BlockRate_Average":  3.34084363780786,
    "ErrorRatio_Live":  0,
    "HashRate_Live":  314,
    "BlockRate_Live":  6
}
