{
    "Live":  0.000000054962928907805,
    "Minute":  0.000000054962928907805,
    "Minute_Fluctuation":  9.6318664698882345E-16,
    "Minute_5":  0.0000000551916645286705,
    "Minute_5_Fluctuation":  0.0083181705354779638,
    "Minute_10":  0.0000000553759431514998,
    "Minute_10_Fluctuation":  0.010278016250807598,
    "Hour":  0.0000000539258729689736,
    "Hour_Fluctuation":  0.03363896425899781,
    "Day":  0.0000000556572631084492,
    "Day_Fluctuation":  0.082810476310546319,
    "ThreeDay":  0.0000000549463570127344,
    "ThreeDay_Fluctuation":  0.097116302927405654,
    "Week":  0.0000000538204582251601,
    "Week_Fluctuation":  0.095531272339535,
    "Duration":  "12.21:43:22.2548178",
    "Updated":  "\/Date(1581923094889)\/",
    "Failed":  0,
    "HashRate_Live":  761085,
    "HashRate_Average":  738448.17602795782,
    "BlockRate_Live":  281,
    "BlockRate_Average":  286.50280093147745,
    "Actual24h_Week":  0,
    "Estimate24h_Week":  0,
    "ErrorRatio":  1
}
