{
    "Live":  0.00000000979074099914288,
    "Minute":  0.00000000979074099914288,
    "Minute_Fluctuation":  0,
    "Minute_5":  0.00000000911233146048137,
    "Minute_5_Fluctuation":  0.042829119141120475,
    "Minute_10":  0.00000000891615112137771,
    "Minute_10_Fluctuation":  0.029335742477860742,
    "Hour":  0.00000000829540145984559,
    "Hour_Fluctuation":  0.075356673179237416,
    "Day":  0.00000000854134477342458,
    "Day_Fluctuation":  0.10508213532960989,
    "ThreeDay":  0.00000000889777769170011,
    "ThreeDay_Fluctuation":  0.10994086676261129,
    "Week":  0.00000000903451632712528,
    "Week_Fluctuation":  0.11191847012335944,
    "Duration":  "7.06:07:20.1722213",
    "Updated":  "\/Date(1581416840143)\/",
    "Failed":  0,
    "HashRate_Live":  11076804,
    "HashRate_Average":  10775657.947134431,
    "BlockRate_Live":  202,
    "BlockRate_Average":  196.836252415514,
    "Actual24h_Week":  0,
    "Estimate24h_Week":  0,
    "ErrorRatio":  1
}
