{
    "Live":  0.0000000120710689698552,
    "Minute":  0.0000000120710689698552,
    "Minute_Fluctuation":  0.0228698088419274,
    "Minute_5":  0.0000000123941584864276,
    "Minute_5_Fluctuation":  0.027063852022901382,
    "Minute_10":  0.000000012486064174866,
    "Minute_10_Fluctuation":  0.025950928467309592,
    "Hour":  0.0000000114515631244368,
    "Hour_Fluctuation":  0.13234570752153613,
    "Day":  0.000000010797210537479,
    "Day_Fluctuation":  0.13971726977131185,
    "ThreeDay":  0.000000010159719137822,
    "ThreeDay_Fluctuation":  0.22506032013564276,
    "Week":  0.00000000946802610785342,
    "Week_Fluctuation":  0.25788060825633191,
    "Duration":  "7.06:22:18.2590553",
    "Updated":  "\/Date(1581417739101)\/",
    "Failed":  0,
    "HashRate_Live":  5817,
    "HashRate_Average":  6176.1264594022605,
    "BlockRate_Live":  7,
    "BlockRate_Average":  11.597561885192851,
    "Actual24h_Week":  0,
    "Estimate24h_Week":  0,
    "ErrorRatio":  1
}
