{
    "Live":  0.0000000298987346171295,
    "Minute":  0.0000000298987346171295,
    "Minute_Fluctuation":  0,
    "Minute_5":  0.0000000299981504771748,
    "Minute_5_Fluctuation":  0.010739785329787008,
    "Minute_10":  0.0000000300056050230939,
    "Minute_10_Fluctuation":  0.017337636388718117,
    "Hour":  0.0000000305039770081614,
    "Hour_Fluctuation":  0.045694230210591248,
    "Day":  0.0000000305797276743481,
    "Day_Fluctuation":  0.11207866771244429,
    "ThreeDay":  0.0000000302085952818716,
    "ThreeDay_Fluctuation":  0.11393981663803719,
    "Week":  0.0000000305313634849294,
    "Week_Fluctuation":  0.1165071654399544,
    "Duration":  "7.04:56:54.6164414",
    "Updated":  "\/Date(1581412555148)\/",
    "Failed":  0,
    "HashRate_Live":  145090,
    "HashRate_Average":  131800.53650114746,
    "BlockRate_Live":  39,
    "BlockRate_Average":  38.968154966756053,
    "Actual24h_Week":  0,
    "Estimate24h_Week":  0,
    "ErrorRatio":  1
}
