{
    "Live":  0.00000000167603004769661,
    "Minute":  0.00000000167603004769661,
    "Minute_Fluctuation":  1.1104552575308083E-15,
    "Minute_5":  0.00000000165640425785691,
    "Minute_5_Fluctuation":  0.012943156531136176,
    "Minute_10":  0.00000000165937518502422,
    "Minute_10_Fluctuation":  0.016382618281404575,
    "Hour":  0.00000000170667094196167,
    "Hour_Fluctuation":  0.034055489702828436,
    "Day":  0.00000000164935362453077,
    "Day_Fluctuation":  0.1024398737191396,
    "ThreeDay":  0.00000000168308119718929,
    "ThreeDay_Fluctuation":  0.1107461780397475,
    "Week":  0.00000000174412713214409,
    "Week_Fluctuation":  0.10815503572654132,
    "Duration":  "7.22:33:19.7677985",
    "Updated":  "\/Date(1562159758261)\/",
    "Failed":  0,
    "ErrorRatio_Average":  0,
    "HashRate_Average":  3151445.38955949,
    "BlockRate_Average":  244.597881419322,
    "ErrorRatio_Live":  0,
    "HashRate_Live":  3442708,
    "BlockRate_Live":  253
}
