{
    "Live":  0.00000000168942914233364,
    "Minute":  0.00000000168942914233364,
    "Minute_Fluctuation":  0.031963484427988548,
    "Minute_5":  0.00000000165554795774024,
    "Minute_5_Fluctuation":  0.013325288737688238,
    "Minute_10":  0.0000000016558749443884,
    "Minute_10_Fluctuation":  0.012840649937840745,
    "Hour":  0.00000000162925777057219,
    "Hour_Fluctuation":  0.032427900210337514,
    "Day":  0.00000000158339833446165,
    "Day_Fluctuation":  0.087299478774081132,
    "ThreeDay":  0.00000000150966313361821,
    "ThreeDay_Fluctuation":  0.11526942980570083,
    "Week":  0.00000000146912736225473,
    "Week_Fluctuation":  0.12321082704760826,
    "Duration":  "7.03:56:51.7169809",
    "Updated":  "\/Date(1581417392857)\/",
    "Failed":  0,
    "HashRate_Live":  1869593,
    "HashRate_Average":  1900397.928446986,
    "BlockRate_Live":  267,
    "BlockRate_Average":  280.011281227339,
    "Actual24h_Week":  0,
    "Estimate24h_Week":  0,
    "ErrorRatio":  1
}
