{
    "Live":  0.0000000532613965339613,
    "Minute":  0.0000000532613965339613,
    "Minute_Fluctuation":  3.7273402488825338E-16,
    "Minute_5":  0.0000000560108095006164,
    "Minute_5_Fluctuation":  0.10213779826649851,
    "Minute_10":  0.0000000599418231137613,
    "Minute_10_Fluctuation":  0.12587526164899895,
    "Hour":  0.0000000702881054679216,
    "Hour_Fluctuation":  0.11568450284668647,
    "Day":  0.0000000881482250281882,
    "Day_Fluctuation":  0.47633578595666082,
    "ThreeDay":  0.0000000928188803995463,
    "ThreeDay_Fluctuation":  0.54626038356585738,
    "Week":  0.0000000853741087828364,
    "Week_Fluctuation":  0.42365776229324564,
    "Duration":  "10.08:31:39.7350348",
    "Updated":  "\/Date(1562159696562)\/",
    "Failed":  0,
    "ErrorRatio_Average":  0,
    "HashRate_Average":  11006.1715411737,
    "BlockRate_Average":  5.58926958065955,
    "ErrorRatio_Live":  0,
    "HashRate_Live":  8331,
    "BlockRate_Live":  5
}
