{
    "Live":  0.000000042358912624594,
    "Minute":  0.000000042358912624594,
    "Minute_Fluctuation":  0.029205097184181437,
    "Minute_5":  0.0000000393197638333209,
    "Minute_5_Fluctuation":  0.24123164067838865,
    "Minute_10":  0.0000000338626883860387,
    "Minute_10_Fluctuation":  0.27976744899271982,
    "Hour":  0.0000000246289827068737,
    "Hour_Fluctuation":  0.15209180955087093,
    "Day":  0.0000000240286146372907,
    "Day_Fluctuation":  0.16807038654035397,
    "ThreeDay":  0.0000000264475424408871,
    "ThreeDay_Fluctuation":  0.18536915391490866,
    "Week":  0.0000000275986390159425,
    "Week_Fluctuation":  0.18004422828346658,
    "Duration":  "10.08:32:42.9458097",
    "Updated":  "\/Date(1562159696845)\/",
    "Failed":  0,
    "ErrorRatio_Average":  0,
    "HashRate_Average":  0.00000000301680894234364,
    "BlockRate_Average":  6.65242632646161,
    "ErrorRatio_Live":  0,
    "HashRate_Live":  0,
    "BlockRate_Live":  4
}
