{
    "Live":  0.0000000551804039294083,
    "Minute":  0.0000000551804039294083,
    "Minute_Fluctuation":  2.3984764261203479E-16,
    "Minute_5":  0.0000000546021603300182,
    "Minute_5_Fluctuation":  0.028361553457805777,
    "Minute_10":  0.00000005349848792847,
    "Minute_10_Fluctuation":  0.037571238427309583,
    "Hour":  0.0000000532560333652787,
    "Hour_Fluctuation":  0.062186504761867781,
    "Day":  0.0000000530924062654104,
    "Day_Fluctuation":  0.0977357304444299,
    "ThreeDay":  0.0000000540114743478894,
    "ThreeDay_Fluctuation":  0.099972921580426283,
    "Week":  0.0000000552626562119042,
    "Week_Fluctuation":  0.096823626902147852,
    "Duration":  "8.15:47:11.7415027",
    "Updated":  "\/Date(1562159758644)\/",
    "Failed":  0,
    "ErrorRatio_Average":  0,
    "HashRate_Average":  1015584.89852252,
    "BlockRate_Average":  86.941662160818,
    "ErrorRatio_Live":  0,
    "HashRate_Live":  1004191,
    "BlockRate_Live":  84
}
