{
    "Live":  0.0000000237440502416821,
    "Minute":  0.0000000237440502416821,
    "Minute_Fluctuation":  4.1804861637342677E-16,
    "Minute_5":  0.0000000236503656322971,
    "Minute_5_Fluctuation":  0.027875406136663155,
    "Minute_10":  0.0000000232814490316626,
    "Minute_10_Fluctuation":  0.041514481541842438,
    "Hour":  0.0000000236334019782497,
    "Hour_Fluctuation":  0.0517468415323739,
    "Day":  0.0000000237901205057318,
    "Day_Fluctuation":  0.087784532945316629,
    "ThreeDay":  0.0000000254906854351347,
    "ThreeDay_Fluctuation":  0.11662919281603856,
    "Week":  0.0000000273897407094037,
    "Week_Fluctuation":  0.11729316274528855,
    "Duration":  "10.08:32:43.1442323",
    "Updated":  "\/Date(1562159758975)\/",
    "Failed":  0,
    "ErrorRatio_Average":  0,
    "HashRate_Average":  111.061236799804,
    "BlockRate_Average":  12.4060281027707,
    "ErrorRatio_Live":  0,
    "HashRate_Live":  0,
    "BlockRate_Live":  11
}
