{
    "Live":  0.000000000421710318884909,
    "Minute":  0.000000000421710318884909,
    "Minute_Fluctuation":  1.1033381772383483E-15,
    "Minute_5":  0.00000000040800844398328,
    "Minute_5_Fluctuation":  0.027085492625451534,
    "Minute_10":  0.000000000409372289808763,
    "Minute_10_Fluctuation":  0.039629544125439446,
    "Hour":  0.000000000457263784657267,
    "Hour_Fluctuation":  0.087428108303905128,
    "Day":  0.000000000442782695025829,
    "Day_Fluctuation":  0.13548701289669107,
    "ThreeDay":  0.000000000424403788590181,
    "ThreeDay_Fluctuation":  0.16213159072757405,
    "Week":  0.000000000425591466614685,
    "Week_Fluctuation":  0.15583098397074421,
    "Duration":  "10.08:33:45.6794456",
    "Updated":  "\/Date(1562159758698)\/",
    "Failed":  0,
    "ErrorRatio_Average":  0,
    "HashRate_Average":  4063109.30325021,
    "BlockRate_Average":  9.04498869865189,
    "ErrorRatio_Live":  0,
    "HashRate_Live":  3687693,
    "BlockRate_Live":  11
}
