{
    "Live":  0.00000000104139108536053,
    "Minute":  0.00000000104139108536053,
    "Minute_Fluctuation":  0,
    "Minute_5":  0.00000000103307603268719,
    "Minute_5_Fluctuation":  0.01466489139067987,
    "Minute_10":  0.00000000101971740903413,
    "Minute_10_Fluctuation":  0.025109879070945928,
    "Hour":  0.000000000925629031079529,
    "Hour_Fluctuation":  0.09827387964476407,
    "Day":  0.000000000815770196161718,
    "Day_Fluctuation":  0.094205109013102376,
    "ThreeDay":  0.000000000827820844777532,
    "ThreeDay_Fluctuation":  0.099538016627875384,
    "Week":  0.00000000084259680412453,
    "Week_Fluctuation":  0.1005421446605832,
    "Duration":  "7.06:11:38.6051925",
    "Updated":  "\/Date(1581417186535)\/",
    "Failed":  0,
    "HashRate_Live":  12310,
    "HashRate_Average":  10046.191355059829,
    "BlockRate_Live":  2,
    "BlockRate_Average":  2.0387270724267847,
    "Actual24h_Week":  0,
    "Estimate24h_Week":  0,
    "ErrorRatio":  1
}
