{
    "Live":  0.0000000192425184960952,
    "Minute":  0.0000000192425184960952,
    "Minute_Fluctuation":  1.5475366209444889E-15,
    "Minute_5":  0.0000000193083429655586,
    "Minute_5_Fluctuation":  0.00733731855506779,
    "Minute_10":  0.0000000193866167628656,
    "Minute_10_Fluctuation":  0.011547633977857729,
    "Hour":  0.0000000191668245098262,
    "Hour_Fluctuation":  0.049732234832830222,
    "Day":  0.0000000146088638004526,
    "Day_Fluctuation":  0.20266399787701184,
    "ThreeDay":  0.0000000135657884275338,
    "ThreeDay_Fluctuation":  0.19355563794916125,
    "Week":  0.0000000134148370603111,
    "Week_Fluctuation":  0.18997466509290117,
    "Duration":  "4.10:11:39.8424695",
    "Updated":  "\/Date(1581923094312)\/",
    "Failed":  0,
    "HashRate_Live":  1919542,
    "HashRate_Average":  1945387.1991982083,
    "BlockRate_Live":  613,
    "BlockRate_Average":  573.93980028636781,
    "Actual24h_Week":  0,
    "Estimate24h_Week":  0,
    "ErrorRatio":  1
}
