{
    "Live":  0.0000000000000109454710786348,
    "Minute":  0.0000000000000109454710786348,
    "Minute_Fluctuation":  0,
    "Minute_5":  0.0000000000000109517432592804,
    "Minute_5_Fluctuation":  0.0012837296320829404,
    "Minute_10":  0.0000000000000109425268047333,
    "Minute_10_Fluctuation":  0.0027037341526837777,
    "Hour":  0.0000000000000107440941578827,
    "Hour_Fluctuation":  0.017885297500132014,
    "Day":  0.0000000000000101160646616879,
    "Day_Fluctuation":  0.071701521668512624,
    "ThreeDay":  0.0000000000000098217389948092,
    "ThreeDay_Fluctuation":  0.090748334523116841,
    "Week":  0.0000000000000097458531969472,
    "Week_Fluctuation":  0.098452014318719513,
    "Duration":  "7.06:14:15.3765581",
    "Updated":  "\/Date(1581417324785)\/",
    "Failed":  0,
    "HashRate_Live":  7666667,
    "HashRate_Average":  6138273.2718543559,
    "BlockRate_Live":  0,
    "BlockRate_Average":  0,
    "Actual24h_Week":  0,
    "Estimate24h_Week":  0,
    "ErrorRatio":  1
}
