{
    "Live":  0.00000000167603004769661,
    "Minute":  0.00000000167603004769661,
    "Minute_Fluctuation":  1.1104552575308083E-15,
    "Minute_5":  0.00000000165636607288069,
    "Minute_5_Fluctuation":  0.012924437982925221,
    "Minute_10":  0.00000000165920519761387,
    "Minute_10_Fluctuation":  0.01640343673995432,
    "Hour":  0.00000000170685577249004,
    "Hour_Fluctuation":  0.034333766553444112,
    "Day":  0.0000000016497966874374,
    "Day_Fluctuation":  0.10286685350672441,
    "ThreeDay":  0.00000000169034523425052,
    "ThreeDay_Fluctuation":  0.11922533894152691,
    "Week":  0.00000000177468578404865,
    "Week_Fluctuation":  0.12336529701180869,
    "Duration":  "10.08:32:44.2789003",
    "Updated":  "\/Date(1562159758215)\/",
    "Failed":  0,
    "ErrorRatio_Average":  0,
    "HashRate_Average":  2525768.08269865,
    "BlockRate_Average":  215.24385418833,
    "ErrorRatio_Live":  0,
    "HashRate_Live":  2610683,
    "BlockRate_Live":  231
}
