{
    "Live":  0.0000000258760020407686,
    "Minute":  0.0000000258760020407686,
    "Minute_Fluctuation":  0.012742609982817709,
    "Minute_5":  0.0000000261798280243063,
    "Minute_5_Fluctuation":  0.012180956652933856,
    "Minute_10":  0.0000000259463768850409,
    "Minute_10_Fluctuation":  0.027550388161458144,
    "Hour":  0.0000000233840243023964,
    "Hour_Fluctuation":  0.0936212047590602,
    "Day":  0.000000027604245816515,
    "Day_Fluctuation":  0.20505690575579852,
    "ThreeDay":  0.0000000267025398121498,
    "ThreeDay_Fluctuation":  0.30549864469345162,
    "Week":  0.0000000257047016759495,
    "Week_Fluctuation":  0.33985702207017565,
    "Duration":  "7.06:44:12.1353780",
    "Updated":  "\/Date(1581418991579)\/",
    "Failed":  0,
    "HashRate_Live":  48223,
    "HashRate_Average":  43073.779816182083,
    "BlockRate_Live":  674,
    "BlockRate_Average":  723.66070136191377,
    "Actual24h_Week":  0,
    "Estimate24h_Week":  0,
    "ErrorRatio":  1
}
