{
    "Live":  0.000000038151176607934,
    "Minute":  0.000000038151176607934,
    "Minute_Fluctuation":  3.4690646469068759E-16,
    "Minute_5":  0.0000000381152970038062,
    "Minute_5_Fluctuation":  0.021054964033232548,
    "Minute_10":  0.0000000389478874305273,
    "Minute_10_Fluctuation":  0.045295301581952177,
    "Hour":  0.000000046056437688269,
    "Hour_Fluctuation":  0.10437687242237675,
    "Day":  0.0000000494097223312947,
    "Day_Fluctuation":  0.094399115711624737,
    "ThreeDay":  0.0000000503971805817763,
    "ThreeDay_Fluctuation":  0.11617037926235142,
    "Week":  0.0000000530511369943792,
    "Week_Fluctuation":  0.11843390093268551,
    "Duration":  "10.08:33:45.6794456",
    "Updated":  "\/Date(1562159758399)\/",
    "Failed":  0,
    "ErrorRatio_Average":  0,
    "HashRate_Average":  79366.4502247923,
    "BlockRate_Average":  82.3278635033037,
    "ErrorRatio_Live":  0,
    "HashRate_Live":  71785,
    "BlockRate_Live":  86
}
