{
    "Live":  0.0000000546584174111301,
    "Minute":  0.0000000546584174111301,
    "Minute_Fluctuation":  8.4748363558614431E-16,
    "Minute_5":  0.0000000541087744138938,
    "Minute_5_Fluctuation":  0.031174956287368941,
    "Minute_10":  0.0000000531389252734326,
    "Minute_10_Fluctuation":  0.042581516802919758,
    "Hour":  0.0000000531756070490309,
    "Hour_Fluctuation":  0.06360967951697305,
    "Day":  0.0000000530981000397523,
    "Day_Fluctuation":  0.099211287211427732,
    "ThreeDay":  0.0000000543027062461035,
    "ThreeDay_Fluctuation":  0.10519008707928047,
    "Week":  0.0000000566676531090208,
    "Week_Fluctuation":  0.10609275106392467,
    "Duration":  "10.08:28:34.6210495",
    "Updated":  "\/Date(1562159758547)\/",
    "Failed":  0,
    "ErrorRatio_Average":  0,
    "HashRate_Average":  11562.4244200955,
    "BlockRate_Average":  16.5527872708105,
    "ErrorRatio_Live":  0,
    "HashRate_Live":  5523,
    "BlockRate_Live":  14
}
