{
    "Live":  0.000000000561677495562488,
    "Minute":  0.000000000561677495562488,
    "Minute_Fluctuation":  0.075536030196024145,
    "Minute_5":  0.000000000548452175399182,
    "Minute_5_Fluctuation":  0.050054067874012884,
    "Minute_10":  0.000000000539109893106018,
    "Minute_10_Fluctuation":  0.077672471652650732,
    "Hour":  0.000000000591014581286819,
    "Hour_Fluctuation":  0.12261340669351282,
    "Day":  0.000000000582033641756204,
    "Day_Fluctuation":  0.1135178484280813,
    "ThreeDay":  0.000000000560051602903542,
    "ThreeDay_Fluctuation":  0.11567328564495905,
    "Week":  0.000000000550126300782586,
    "Week_Fluctuation":  0.11283659874595653,
    "Duration":  "6.12:00:50.3374683",
    "Updated":  "\/Date(1581351650833)\/",
    "Failed":  0,
    "HashRate_Live":  145021834,
    "HashRate_Average":  139443410.06095982,
    "BlockRate_Live":  997,
    "BlockRate_Average":  1006.7879347477618,
    "Actual24h_Week":  0,
    "Estimate24h_Week":  0,
    "ErrorRatio":  1
}
