{
    "Live":  0.0000000816398254977966,
    "Minute":  0.0000000816398254977966,
    "Minute_Fluctuation":  0.013407949752558716,
    "Minute_5":  0.000000080696882576678,
    "Minute_5_Fluctuation":  0.010709554767297942,
    "Minute_10":  0.0000000801250009992067,
    "Minute_10_Fluctuation":  0.014723169958458994,
    "Hour":  0.000000077072482219398,
    "Hour_Fluctuation":  0.040702101484139615,
    "Day":  0.0000000945242491646743,
    "Day_Fluctuation":  0.13797262556722012,
    "ThreeDay":  0.0000000958973031279747,
    "ThreeDay_Fluctuation":  0.12201044605370602,
    "Week":  0.0000000934020611011473,
    "Week_Fluctuation":  0.13880355153711035,
    "Duration":  "20.22:59:14.9806762",
    "Updated":  "\/Date(1563444588653)\/",
    "Failed":  0,
    "ErrorRatio_Average":  0,
    "HashRate_Average":  861939.022339616,
    "BlockRate_Average":  462.119908280768,
    "ErrorRatio_Live":  0,
    "HashRate_Live":  844094,
    "BlockRate_Live":  439
}
