{
    "Live":  0.00000000448547448323047,
    "Minute":  0.00000000448547448323047,
    "Minute_Fluctuation":  1.8441317984207689E-16,
    "Minute_5":  0.00000000456973638623737,
    "Minute_5_Fluctuation":  0.018909889588354861,
    "Minute_10":  0.00000000467926289545976,
    "Minute_10_Fluctuation":  0.056180155297659795,
    "Hour":  0.00000000558183908821578,
    "Hour_Fluctuation":  0.10157219768195305,
    "Day":  0.00000000563503869255969,
    "Day_Fluctuation":  0.1353297226104021,
    "ThreeDay":  0.0000000066719336477447,
    "ThreeDay_Fluctuation":  0.19059767923439075,
    "Week":  0.00000000761514107778089,
    "Week_Fluctuation":  0.17992524074599991,
    "Duration":  "9.09:49:41.5506995",
    "Updated":  "\/Date(1562159759734)\/",
    "Failed":  0,
    "ErrorRatio_Average":  0,
    "HashRate_Average":  12880.9136714869,
    "BlockRate_Average":  0,
    "ErrorRatio_Live":  0,
    "HashRate_Live":  14118,
    "BlockRate_Live":  0
}
