{
    "Live":  0.000000000421710318884909,
    "Minute":  0.000000000421710318884909,
    "Minute_Fluctuation":  1.1033381772383483E-15,
    "Minute_5":  0.000000000406563996431265,
    "Minute_5_Fluctuation":  0.028071606656210515,
    "Minute_10":  0.000000000408522380800594,
    "Minute_10_Fluctuation":  0.043528376509604963,
    "Hour":  0.000000000459922123474597,
    "Hour_Fluctuation":  0.085628543278530936,
    "Day":  0.000000000443049324593266,
    "Day_Fluctuation":  0.13588017837168589,
    "ThreeDay":  0.000000000424611994800184,
    "ThreeDay_Fluctuation":  0.15708777976294108,
    "Week":  0.000000000416647698727818,
    "Week_Fluctuation":  0.14986428046822792,
    "Duration":  "8.07:22:56.7425498",
    "Updated":  "\/Date(1562159758755)\/",
    "Failed":  0,
    "ErrorRatio_Average":  0,
    "HashRate_Average":  56451.8908261155,
    "BlockRate_Average":  0.0000000000000000000000000079,
    "ErrorRatio_Live":  0,
    "HashRate_Live":  56180,
    "BlockRate_Live":  0
}
