{
    "Live":  0.000000046519993421612,
    "Minute":  0.000000046519993421612,
    "Minute_Fluctuation":  2.8449896114344356E-16,
    "Minute_5":  0.0000000467671172360052,
    "Minute_5_Fluctuation":  0.0064122876788909548,
    "Minute_10":  0.0000000468656292909025,
    "Minute_10_Fluctuation":  0.0082827778614713646,
    "Hour":  0.0000000459710586915696,
    "Hour_Fluctuation":  0.021893392655857286,
    "Day":  0.0000000489234387136954,
    "Day_Fluctuation":  0.041584993640852566,
    "ThreeDay":  0.0000000533135408553238,
    "ThreeDay_Fluctuation":  0.10532795706079519,
    "Week":  0.0000000580453543003807,
    "Week_Fluctuation":  0.099664577711290281,
    "Duration":  "10.08:33:45.6794456",
    "Updated":  "\/Date(1562159759087)\/",
    "Failed":  0,
    "ErrorRatio_Average":  0,
    "HashRate_Average":  5378.44748329237,
    "BlockRate_Average":  0,
    "ErrorRatio_Live":  0,
    "HashRate_Live":  8353,
    "BlockRate_Live":  0
}
