{
    "Live":  0.0000000400838301133142,
    "Minute":  0.0000000400838301133142,
    "Minute_Fluctuation":  9.9329843836694026E-05,
    "Minute_5":  0.0000000402543205807003,
    "Minute_5_Fluctuation":  0.020293669620313249,
    "Minute_10":  0.0000000396860447833274,
    "Minute_10_Fluctuation":  0.0408255731323692,
    "Hour":  0.0000000364894541210262,
    "Hour_Fluctuation":  0.08523268999242456,
    "Day":  0.0000000340410263131924,
    "Day_Fluctuation":  0.12277374049460796,
    "ThreeDay":  0.0000000332846152444263,
    "ThreeDay_Fluctuation":  0.12876495305312124,
    "Week":  0.0000000328393907866722,
    "Week_Fluctuation":  0.12864977542186631,
    "Duration":  "7.06:42:00.8476113",
    "Updated":  "\/Date(1581419059257)\/",
    "Failed":  0,
    "HashRate_Live":  38207,
    "HashRate_Average":  41779.983066584253,
    "BlockRate_Live":  12,
    "BlockRate_Average":  11.938889939307922,
    "Actual24h_Week":  0,
    "Estimate24h_Week":  0,
    "ErrorRatio":  1
}
