{
    "Live":  0.00000000448547448323047,
    "Minute":  0.00000000448547448323047,
    "Minute_Fluctuation":  1.8441317984207689E-16,
    "Minute_5":  0.00000000456973638623737,
    "Minute_5_Fluctuation":  0.018909889588354861,
    "Minute_10":  0.00000000467926289545976,
    "Minute_10_Fluctuation":  0.056180155297659795,
    "Hour":  0.00000000558183908650447,
    "Hour_Fluctuation":  0.101572198710481,
    "Day":  0.00000000563476756337544,
    "Day_Fluctuation":  0.13536844142471349,
    "ThreeDay":  0.00000000670817970670774,
    "ThreeDay_Fluctuation":  0.19653806320754547,
    "Week":  0.00000000779627989976953,
    "Week_Fluctuation":  0.19122405914973628,
    "Duration":  "10.08:32:43.2604287",
    "Updated":  "\/Date(1562159759646)\/",
    "Failed":  0,
    "ErrorRatio_Average":  0,
    "HashRate_Average":  12880.9136744151,
    "BlockRate_Average":  0,
    "ErrorRatio_Live":  0,
    "HashRate_Live":  14118,
    "BlockRate_Live":  0
}
