{
    "Live":  0.00000000410169820157246,
    "Minute":  0.00000000410169820157246,
    "Minute_Fluctuation":  1.2100070340171488E-15,
    "Minute_5":  0.00000000399829001186247,
    "Minute_5_Fluctuation":  0.048900019136398867,
    "Minute_10":  0.00000000393859524849618,
    "Minute_10_Fluctuation":  0.050425283624522844,
    "Hour":  0.00000000391939227889628,
    "Hour_Fluctuation":  0.052448371062239214,
    "Day":  0.00000000419007874837406,
    "Day_Fluctuation":  0.1080762901217335,
    "ThreeDay":  0.00000000452816035871489,
    "ThreeDay_Fluctuation":  0.13545371115186264,
    "Week":  0.0000000047337412136864,
    "Week_Fluctuation":  0.11924485646484351,
    "Duration":  "7.22:32:17.9931176",
    "Updated":  "\/Date(1562159758350)\/",
    "Failed":  0,
    "ErrorRatio_Average":  0,
    "HashRate_Average":  2525768.08269865,
    "BlockRate_Average":  215.24385418833,
    "ErrorRatio_Live":  0,
    "HashRate_Live":  2610683,
    "BlockRate_Live":  231
}
