{
    "Live":  0.00000000284737847276076,
    "Minute":  0.00000000284737847276076,
    "Minute_Fluctuation":  0.0099543713721621137,
    "Minute_5":  0.00000000272393210816093,
    "Minute_5_Fluctuation":  0.083301641242564714,
    "Minute_10":  0.00000000266952505771701,
    "Minute_10_Fluctuation":  0.081894183864778911,
    "Hour":  0.00000000266607198392584,
    "Hour_Fluctuation":  0.075412623508642321,
    "Day":  0.00000000298363178890355,
    "Day_Fluctuation":  0.14790582623756537,
    "ThreeDay":  0.0000000033280134629541,
    "ThreeDay_Fluctuation":  0.1952335320656633,
    "Week":  0.00000000362578122282813,
    "Week_Fluctuation":  0.18278825629040785,
    "Duration":  "10.08:31:41.2750237",
    "Updated":  "\/Date(1562159696279)\/",
    "Failed":  0,
    "ErrorRatio_Average":  0,
    "HashRate_Average":  4070205.61595658,
    "BlockRate_Average":  9.01031645332598,
    "ErrorRatio_Live":  0,
    "HashRate_Live":  3687693,
    "BlockRate_Live":  11
}
