{
    "Live":  0.000000000604402529515775,
    "Minute":  0.000000000604402529515775,
    "Minute_Fluctuation":  5.1322209050961509E-16,
    "Minute_5":  0.000000000588462919916283,
    "Minute_5_Fluctuation":  0.040963487567226772,
    "Minute_10":  0.000000000589630073310285,
    "Minute_10_Fluctuation":  0.036826181287918779,
    "Hour":  0.000000000584656346164312,
    "Hour_Fluctuation":  0.066262401536832119,
    "Day":  0.000000000609359497717544,
    "Day_Fluctuation":  0.14143324025386786,
    "ThreeDay":  0.000000000584724852569522,
    "ThreeDay_Fluctuation":  0.14601292976864252,
    "Week":  0.000000000593729120164206,
    "Week_Fluctuation":  0.16486731142027913,
    "Duration":  "20.22:56:03.8955949",
    "Updated":  "\/Date(1563444588700)\/",
    "Failed":  0,
    "ErrorRatio_Average":  0,
    "HashRate_Average":  22761.0933650793,
    "BlockRate_Average":  13.0038617770674,
    "ErrorRatio_Live":  0,
    "HashRate_Live":  20776,
    "BlockRate_Live":  13
}
