{
    "Live":  0.00000987470622582281,
    "Minute":  0.00000987470622582281,
    "Minute_Fluctuation":  0.036600851207268047,
    "Minute_5":  0.0000102254661782538,
    "Minute_5_Fluctuation":  0.01158976674140277,
    "Minute_10":  0.0000102834235229448,
    "Minute_10_Fluctuation":  0.0092602823499872266,
    "Hour":  0.0000103367188565673,
    "Hour_Fluctuation":  0.014494356394860212,
    "Day":  0.0000100328772316823,
    "Day_Fluctuation":  0.026106370757392729,
    "ThreeDay":  0.0000100328772316823,
    "ThreeDay_Fluctuation":  0.026106370757392729,
    "Week":  0.0000100328772316823,
    "Week_Fluctuation":  0.026106370757392729,
    "Duration":  "09:18:11.4670281",
    "Updated":  "\/Date(1581923094437)\/",
    "Failed":  0,
    "HashRate_Live":  3817.01333333333,
    "HashRate_Average":  3932.01760184357,
    "BlockRate_Live":  0,
    "BlockRate_Average":  3719.0399086742364,
    "Actual24h_Week":  0,
    "Estimate24h_Week":  0,
    "ErrorRatio":  1
}
