{
    "Live":  0.0000000243405838931498,
    "Minute":  0.0000000243405838931498,
    "Minute_Fluctuation":  1.631212693041413E-15,
    "Minute_5":  0.000000023999797449492,
    "Minute_5_Fluctuation":  0.051998642809397345,
    "Minute_10":  0.0000000232370937325938,
    "Minute_10_Fluctuation":  0.082811265983086912,
    "Hour":  0.0000000264057032464377,
    "Hour_Fluctuation":  0.13566429844274125,
    "Day":  0.0000000246035491836112,
    "Day_Fluctuation":  0.13231017403353115,
    "ThreeDay":  0.0000000249079558289389,
    "ThreeDay_Fluctuation":  0.13220312580285046,
    "Week":  0.0000000265012330441541,
    "Week_Fluctuation":  0.13460553933711972,
    "Duration":  "10.08:32:45.6794456",
    "Updated":  "\/Date(1562159758450)\/",
    "Failed":  0,
    "ErrorRatio_Average":  0,
    "HashRate_Average":  1285190.98004489,
    "BlockRate_Average":  466.05783320405,
    "ErrorRatio_Live":  0,
    "HashRate_Live":  1276975,
    "BlockRate_Live":  470
}
