{
    "Live":  0.000000000686326332259705,
    "Minute":  0.000000000686326332259705,
    "Minute_Fluctuation":  3.0130732775091294E-16,
    "Minute_5":  0.00000000069714309793697,
    "Minute_5_Fluctuation":  0.021585663960719169,
    "Minute_10":  0.000000000709266481935075,
    "Minute_10_Fluctuation":  0.028303757542515649,
    "Hour":  0.000000000773771754248167,
    "Hour_Fluctuation":  0.078633224601986837,
    "Day":  0.000000000887402416441238,
    "Day_Fluctuation":  0.11746714483650918,
    "ThreeDay":  0.000000000914550166325574,
    "ThreeDay_Fluctuation":  0.10777723071434932,
    "Week":  0.000000000920893893577535,
    "Week_Fluctuation":  0.10576569990179173,
    "Duration":  "4.10:10:35.5759095",
    "Updated":  "\/Date(1581923094825)\/",
    "Failed":  0,
    "HashRate_Live":  17908181,
    "HashRate_Average":  17446330.5173831,
    "BlockRate_Live":  571,
    "BlockRate_Average":  537.06840654435882,
    "Actual24h_Week":  0,
    "Estimate24h_Week":  0,
    "ErrorRatio":  1
}
