{
    "Live":  0.00000000650843715041745,
    "Minute":  0.00000000650843715041745,
    "Minute_Fluctuation":  0.13100809647642334,
    "Minute_5":  0.00000000757869932693953,
    "Minute_5_Fluctuation":  0.086399222007899873,
    "Minute_10":  0.00000000787597457104201,
    "Minute_10_Fluctuation":  0.059667736639984426,
    "Hour":  0.00000000773080458156953,
    "Hour_Fluctuation":  0.086073846649810881,
    "Day":  0.0000000083020068599417,
    "Day_Fluctuation":  0.22750752609285932,
    "ThreeDay":  0.00000000938647595351602,
    "ThreeDay_Fluctuation":  0.2198237358667704,
    "Week":  0.00000000970967117221934,
    "Week_Fluctuation":  0.20289180022846523,
    "Duration":  "6.03:20:01.3628692",
    "Updated":  "\/Date(1581156572000)\/",
    "Failed":  0,
    "HashRate_Live":  85397,
    "HashRate_Average":  88333.609614516914,
    "BlockRate_Live":  77,
    "BlockRate_Average":  79.561884915741274,
    "Actual24h_Week":  0,
    "Estimate24h_Week":  0,
    "ErrorRatio":  1
}
