{
    "Live":  0.000000000716929894606572,
    "Minute":  0.000000000716929894606572,
    "Minute_Fluctuation":  0,
    "Minute_5":  0.000000000728563654959852,
    "Minute_5_Fluctuation":  0.036646003992099441,
    "Minute_10":  0.000000000722300072948782,
    "Minute_10_Fluctuation":  0.0427904602292835,
    "Hour":  0.000000000649260474511865,
    "Hour_Fluctuation":  0.1234934535507793,
    "Day":  0.000000000578007667041417,
    "Day_Fluctuation":  0.10875008932966887,
    "ThreeDay":  0.000000000562528831610789,
    "ThreeDay_Fluctuation":  0.11303895490743431,
    "Week":  0.00000000055207783975208,
    "Week_Fluctuation":  0.11240236014204248,
    "Duration":  "7.05:28:35.3072681",
    "Updated":  "\/Date(1581415159502)\/",
    "Failed":  0,
    "HashRate_Live":  5143731,
    "HashRate_Average":  4450728.2257895321,
    "BlockRate_Live":  38,
    "BlockRate_Average":  37.961725666511782,
    "Actual24h_Week":  0,
    "Estimate24h_Week":  0,
    "ErrorRatio":  1
}
