{
    "Live":  0.0000000183613761589366,
    "Minute":  0.0000000183613761589366,
    "Minute_Fluctuation":  9.010006716195219E-16,
    "Minute_5":  0.0000000189220028746645,
    "Minute_5_Fluctuation":  0.042356485967791936,
    "Minute_10":  0.0000000196359520152831,
    "Minute_10_Fluctuation":  0.066520200083764885,
    "Hour":  0.0000000213932935170731,
    "Hour_Fluctuation":  0.084852659655666768,
    "Day":  0.00000002579410462835,
    "Day_Fluctuation":  0.30237729208305081,
    "ThreeDay":  0.0000000268754417347102,
    "ThreeDay_Fluctuation":  0.27139328111110111,
    "Week":  0.0000000255979937361968,
    "Week_Fluctuation":  0.20888701998134854,
    "Duration":  "34.12:11:40.2066213",
    "Updated":  "\/Date(1564641964833)\/",
    "Failed":  0,
    "ErrorRatio_Average":  0,
    "HashRate_Average":  607181.29829951,
    "BlockRate_Average":  167.814445944346,
    "ErrorRatio_Live":  0,
    "HashRate_Live":  608323,
    "BlockRate_Live":  185
}
