{
    "Live":  0.00000000865424755595886,
    "Minute":  0.00000000865424755595886,
    "Minute_Fluctuation":  0,
    "Minute_5":  0.00000000868204819361668,
    "Minute_5_Fluctuation":  0.003376421701096389,
    "Minute_10":  0.0000000086894961002084,
    "Minute_10_Fluctuation":  0.0066888132855272711,
    "Hour":  0.000000008262912848244,
    "Hour_Fluctuation":  0.069796538061954433,
    "Day":  0.00000000854474842104988,
    "Day_Fluctuation":  0.10438393718015343,
    "ThreeDay":  0.00000000889668232178367,
    "ThreeDay_Fluctuation":  0.10944422964382562,
    "Week":  0.00000000903169857392658,
    "Week_Fluctuation":  0.11148818822659774,
    "Duration":  "7.06:04:47.5401706",
    "Updated":  "\/Date(1581416840617)\/",
    "Failed":  0,
    "HashRate_Live":  376523,
    "HashRate_Average":  1515107.926165974,
    "BlockRate_Live":  18,
    "BlockRate_Average":  20.000688651566332,
    "Actual24h_Week":  0,
    "Estimate24h_Week":  0,
    "ErrorRatio":  1
}
