{
    "Live":  0.0000000098900401623708,
    "Minute":  0.0000000098900401623708,
    "Minute_Fluctuation":  0,
    "Minute_5":  0.0000000097458287713235,
    "Minute_5_Fluctuation":  0.0475047903993166,
    "Minute_10":  0.00000000938601797823437,
    "Minute_10_Fluctuation":  0.059818223980605344,
    "Hour":  0.0000000087639990679069,
    "Hour_Fluctuation":  0.019117087282488121,
    "Day":  0.00000000859637998592851,
    "Day_Fluctuation":  0.000895023049763969,
    "ThreeDay":  0.00000000859636077142182,
    "ThreeDay_Fluctuation":  0.00089279776703086707,
    "Week":  0.00000000859636077142182,
    "Week_Fluctuation":  0.00089279776703086707,
    "Duration":  "1.00:08:54.9389488",
    "Updated":  "\/Date(1579353087559)\/",
    "Failed":  0,
    "HashRate_Live":  377254060.515,
    "HashRate_Average":  385234443.88798195,
    "BlockRate_Live":  231,
    "BlockRate_Average":  215.62705471803349,
    "Actual24h_Week":  0,
    "Estimate24h_Week":  0,
    "ErrorRatio":  1
}
