{
    "Live":  0.0000000000000109454710786348,
    "Minute":  0.0000000000000109454710786348,
    "Minute_Fluctuation":  0,
    "Minute_5":  0.000000000000010949597694188,
    "Minute_5_Fluctuation":  0.0008971181629452515,
    "Minute_10":  0.0000000000000109404494737076,
    "Minute_10_Fluctuation":  0.0026417690481270882,
    "Hour":  0.0000000000000107421551599294,
    "Hour_Fluctuation":  0.018078321752785103,
    "Day":  0.0000000000000101158737358233,
    "Day_Fluctuation":  0.071660901379735062,
    "ThreeDay":  0.0000000000000098211695843406,
    "ThreeDay_Fluctuation":  0.090797494808230822,
    "Week":  0.0000000000000097448802811277,
    "Week_Fluctuation":  0.098552875312564153,
    "Duration":  "7.06:14:08.2460067",
    "Updated":  "\/Date(1581417325478)\/",
    "Failed":  0,
    "HashRate_Live":  72802752867,
    "HashRate_Average":  66856561136.92765,
    "BlockRate_Live":  17,
    "BlockRate_Average":  16.54638683946456,
    "Actual24h_Week":  0,
    "Estimate24h_Week":  0,
    "ErrorRatio":  1
}
