{
    "Live":  0.0000000113382392207346,
    "Minute":  0.0000000113382392207346,
    "Minute_Fluctuation":  0.043491406551643436,
    "Minute_5":  0.000000012062607636403,
    "Minute_5_Fluctuation":  0.038288214928611425,
    "Minute_10":  0.0000000122559946539122,
    "Minute_10_Fluctuation":  0.030484161326790611,
    "Hour":  0.0000000113265177458719,
    "Hour_Fluctuation":  0.12998397434745576,
    "Day":  0.0000000107566299456337,
    "Day_Fluctuation":  0.13714480015088562,
    "ThreeDay":  0.0000000101207408029676,
    "ThreeDay_Fluctuation":  0.22407041912888484,
    "Week":  0.00000000943143895246503,
    "Week_Fluctuation":  0.25739966954700588,
    "Duration":  "7.06:21:01.3184177",
    "Updated":  "\/Date(1581417740069)\/",
    "Failed":  0,
    "HashRate_Live":  3403,
    "HashRate_Average":  2953.1372159194952,
    "BlockRate_Live":  1,
    "BlockRate_Average":  0.9999999556094793,
    "Actual24h_Week":  0,
    "Estimate24h_Week":  0,
    "ErrorRatio":  1
}
