{
    "Live":  0.0000000243632532376912,
    "Minute":  0.0000000243632532376912,
    "Minute_Fluctuation":  0,
    "Minute_5":  0.0000000246575795641889,
    "Minute_5_Fluctuation":  0.024516508623983503,
    "Minute_10":  0.0000000249476374359678,
    "Minute_10_Fluctuation":  0.035406716634674908,
    "Hour":  0.000000024375912145944,
    "Hour_Fluctuation":  0.056128336677067105,
    "Day":  0.0000000285279482957089,
    "Day_Fluctuation":  0.10817359121080454,
    "ThreeDay":  0.0000000296855706149602,
    "ThreeDay_Fluctuation":  0.11297371076152128,
    "Week":  0.0000000304985967972191,
    "Week_Fluctuation":  0.11792185673452608,
    "Duration":  "7.06:45:07.5925946",
    "Updated":  "\/Date(1581419249714)\/",
    "Failed":  0,
    "HashRate_Live":  2937280,
    "HashRate_Average":  3373130.2353102425,
    "BlockRate_Live":  208,
    "BlockRate_Average":  216.55760007695562,
    "Actual24h_Week":  0,
    "Estimate24h_Week":  0,
    "ErrorRatio":  1
}
