{
    "Live":  0.00000000710744979388787,
    "Minute":  0.00000000710744979388787,
    "Minute_Fluctuation":  0.019873494326964829,
    "Minute_5":  0.00000000704284348959365,
    "Minute_5_Fluctuation":  0.014702270428586099,
    "Minute_10":  0.00000000695685191459664,
    "Minute_10_Fluctuation":  0.034048375185852818,
    "Hour":  0.00000000655710983336941,
    "Hour_Fluctuation":  0.074052459960339975,
    "Day":  0.00000000815802791181165,
    "Day_Fluctuation":  0.13667724787533186,
    "ThreeDay":  0.00000000813059265774231,
    "ThreeDay_Fluctuation":  0.12748392791402824,
    "Week":  0.00000000811106481657015,
    "Week_Fluctuation":  0.12528140579608402,
    "Duration":  "6.12:25:39.9357807",
    "Updated":  "\/Date(1581353217542)\/",
    "Failed":  0,
    "HashRate_Live":  1156300,
    "HashRate_Average":  1122529.0080071192,
    "BlockRate_Live":  601,
    "BlockRate_Average":  651.24495846781588,
    "Actual24h_Week":  0,
    "Estimate24h_Week":  0,
    "ErrorRatio":  1
}
