{
    "Live":  0.0000000100178680796127,
    "Minute":  0.0000000100178680796127,
    "Minute_Fluctuation":  4.6239493208379729E-15,
    "Minute_5":  0.0000000103701944417794,
    "Minute_5_Fluctuation":  0.051156978415223958,
    "Minute_10":  0.0000000107993624328596,
    "Minute_10_Fluctuation":  0.060273261246906705,
    "Hour":  0.000000011334305857155,
    "Hour_Fluctuation":  0.055768658088243245,
    "Day":  0.0000000106130924505155,
    "Day_Fluctuation":  0.09835042407657181,
    "ThreeDay":  0.0000000114612987483121,
    "ThreeDay_Fluctuation":  0.17647297929195854,
    "Week":  0.0000000121703469301193,
    "Week_Fluctuation":  0.21533387011729316,
    "Duration":  "7.12:05:08.6619505",
    "Updated":  "\/Date(1564641965057)\/",
    "Failed":  0,
    "ErrorRatio_Average":  0,
    "HashRate_Average":  323810.857187702,
    "BlockRate_Average":  7.79778909308768,
    "ErrorRatio_Live":  0,
    "HashRate_Live":  318594,
    "BlockRate_Live":  9
}
