{
    "Live":  0.0000000223204278779917,
    "Minute":  0.0000000223204278779917,
    "Minute_Fluctuation":  1.1858992912853839E-15,
    "Minute_5":  0.0000000221459400969834,
    "Minute_5_Fluctuation":  0.017292023764960248,
    "Minute_10":  0.000000021747173741433,
    "Minute_10_Fluctuation":  0.037834318531648689,
    "Hour":  0.000000020721151505679,
    "Hour_Fluctuation":  0.0691741873470188,
    "Day":  0.0000000230659137656272,
    "Day_Fluctuation":  0.096785008190348021,
    "ThreeDay":  0.0000000232795283886141,
    "ThreeDay_Fluctuation":  0.10896666414513342,
    "Week":  0.000000024253983362242,
    "Week_Fluctuation":  0.14252631249868716,
    "Duration":  "20.22:59:09.3992609",
    "Updated":  "\/Date(1563444589094)\/",
    "Failed":  0,
    "ErrorRatio_Average":  0,
    "HashRate_Average":  47476.3379201175,
    "BlockRate_Average":  25.1083691837758,
    "ErrorRatio_Live":  0,
    "HashRate_Live":  47004,
    "BlockRate_Live":  28
}
