{
    "Live":  0.0000000187177532398664,
    "Minute":  0.0000000187177532398664,
    "Minute_Fluctuation":  7.0707683936445078E-16,
    "Minute_5":  0.0000000190407857853108,
    "Minute_5_Fluctuation":  0.022977684570386857,
    "Minute_10":  0.0000000192503619942231,
    "Minute_10_Fluctuation":  0.021351039025482414,
    "Hour":  0.0000000191043891390565,
    "Hour_Fluctuation":  0.052006216475632631,
    "Day":  0.0000000145575670182053,
    "Day_Fluctuation":  0.20003247433329441,
    "ThreeDay":  0.0000000135073799007383,
    "ThreeDay_Fluctuation":  0.18526621851999911,
    "Week":  0.0000000130657987255246,
    "Week_Fluctuation":  0.17784281264798638,
    "Duration":  "12.21:44:29.1739284",
    "Updated":  "\/Date(1581923095104)\/",
    "Failed":  0,
    "HashRate_Live":  38312,
    "HashRate_Average":  40263.136059832716,
    "BlockRate_Live":  9,
    "BlockRate_Average":  8.76972513595331,
    "Actual24h_Week":  0,
    "Estimate24h_Week":  0,
    "ErrorRatio":  1
}
