{
    "Live":  0.00000000824807319973709,
    "Minute":  0.00000000824807319973709,
    "Minute_Fluctuation":  0,
    "Minute_5":  0.0000000081410265803458,
    "Minute_5_Fluctuation":  0.028230296590768218,
    "Minute_10":  0.00000000813748552605389,
    "Minute_10_Fluctuation":  0.023100523348337263,
    "Hour":  0.00000000776353770555771,
    "Hour_Fluctuation":  0.081321963292209545,
    "Day":  0.0000000082707956827358,
    "Day_Fluctuation":  0.22674742135639392,
    "ThreeDay":  0.00000000934220198421151,
    "ThreeDay_Fluctuation":  0.21834396944109485,
    "Week":  0.0000000096621761305345,
    "Week_Fluctuation":  0.20095079965371551,
    "Duration":  "6.03:19:51.6399254",
    "Updated":  "\/Date(1581156572781)\/",
    "Failed":  0,
    "HashRate_Live":  42056,
    "HashRate_Average":  39432.635569877333,
    "BlockRate_Live":  14,
    "BlockRate_Average":  15.480316190438469,
    "Actual24h_Week":  0,
    "Estimate24h_Week":  0,
    "ErrorRatio":  1
}
