{
    "Live":  0.000000000686326332259705,
    "Minute":  0.000000000686326332259705,
    "Minute_Fluctuation":  0.41123573399838181,
    "Minute_5":  0.00000000107012763179159,
    "Minute_5_Fluctuation":  0.086596512667776349,
    "Minute_10":  0.00000000111726363263676,
    "Minute_10_Fluctuation":  0.049680757230800669,
    "Hour":  0.00000000113916327326967,
    "Hour_Fluctuation":  0.038077451865327058,
    "Day":  0.000000000969542483706498,
    "Day_Fluctuation":  0.091742115173457,
    "ThreeDay":  0.00000000095340924702795,
    "ThreeDay_Fluctuation":  0.0919420490758669,
    "Week":  0.000000000964443605971708,
    "Week_Fluctuation":  0.091531290901981407,
    "Duration":  "11.16:52:15.5164350",
    "Updated":  "\/Date(1581923095208)\/",
    "Failed":  0,
    "HashRate_Live":  0,
    "HashRate_Average":  43.430335157089566,
    "BlockRate_Live":  0,
    "BlockRate_Average":  9.70567807521838E-56,
    "Actual24h_Week":  0,
    "Estimate24h_Week":  0,
    "ErrorRatio":  1
}
