{
    "Live":  0.0000000430343166184627,
    "Minute":  0.0000000430343166184627,
    "Minute_Fluctuation":  6.15085394207021E-16,
    "Minute_5":  0.0000000430395221677819,
    "Minute_5_Fluctuation":  0.00081738258471372217,
    "Minute_10":  0.0000000431695077921411,
    "Minute_10_Fluctuation":  0.0098991743370051375,
    "Hour":  0.0000000447211318156286,
    "Hour_Fluctuation":  0.036737067469961707,
    "Day":  0.0000000463826095343879,
    "Day_Fluctuation":  0.052713209829182768,
    "ThreeDay":  0.0000000470212109812842,
    "ThreeDay_Fluctuation":  0.066464291400845366,
    "Week":  0.0000000468857648036094,
    "Week_Fluctuation":  0.077329103057144133,
    "Duration":  "34.12:10:35.0927207",
    "Updated":  "\/Date(1564641964922)\/",
    "Failed":  0,
    "ErrorRatio_Average":  0,
    "HashRate_Average":  561826.35967446,
    "BlockRate_Average":  117.256252230168,
    "ErrorRatio_Live":  0,
    "HashRate_Live":  567746,
    "BlockRate_Live":  124
}
