{
    "Live":  0.000000054962928907805,
    "Minute":  0.000000054962928907805,
    "Minute_Fluctuation":  9.6318664698882345E-16,
    "Minute_5":  0.0000000552205289346574,
    "Minute_5_Fluctuation":  0.0092462481416919432,
    "Minute_10":  0.0000000554250395283545,
    "Minute_10_Fluctuation":  0.011529439141391309,
    "Hour":  0.0000000539696490990502,
    "Hour_Fluctuation":  0.033831556258265762,
    "Day":  0.0000000556651224412988,
    "Day_Fluctuation":  0.082316136596698813,
    "ThreeDay":  0.0000000549413671918319,
    "ThreeDay_Fluctuation":  0.096856683998003651,
    "Week":  0.0000000538129693240538,
    "Week_Fluctuation":  0.095335845263193691,
    "Duration":  "12.21:44:29.1739284",
    "Updated":  "\/Date(1581923095259)\/",
    "Failed":  0,
    "HashRate_Live":  3493,
    "HashRate_Average":  4586.7161113250058,
    "BlockRate_Live":  14,
    "BlockRate_Average":  11.071946299597142,
    "Actual24h_Week":  0,
    "Estimate24h_Week":  0,
    "ErrorRatio":  1
}
