{
    "Live":  0.0000000315276678116218,
    "Minute":  0.0000000315276678116218,
    "Minute_Fluctuation":  0,
    "Minute_5":  0.0000000308793262195021,
    "Minute_5_Fluctuation":  0.027043454352310165,
    "Minute_10":  0.0000000305091814386336,
    "Minute_10_Fluctuation":  0.027395918820841476,
    "Hour":  0.0000000304861443016342,
    "Hour_Fluctuation":  0.044858557806209995,
    "Day":  0.0000000305323687538611,
    "Day_Fluctuation":  0.11228185438881771,
    "ThreeDay":  0.0000000301833004393134,
    "ThreeDay_Fluctuation":  0.11421465180342597,
    "Week":  0.0000000305162205029951,
    "Week_Fluctuation":  0.11664087719630763,
    "Duration":  "7.04:52:22.0422598",
    "Updated":  "\/Date(1581412555872)\/",
    "Failed":  0,
    "HashRate_Live":  1473040,
    "HashRate_Average":  1482719.2847688394,
    "BlockRate_Live":  380,
    "BlockRate_Average":  377.38973271069108,
    "Actual24h_Week":  0,
    "Estimate24h_Week":  0,
    "ErrorRatio":  1
}
