{
    "Live":  0.0000000077878373220677,
    "Minute":  0.0000000077878373220677,
    "Minute_Fluctuation":  0.021747360922734764,
    "Minute_5":  0.00000000761883591863178,
    "Minute_5_Fluctuation":  0.053973921121295121,
    "Minute_10":  0.00000000730650336951294,
    "Minute_10_Fluctuation":  0.097621295991206752,
    "Hour":  0.00000000739177782363044,
    "Hour_Fluctuation":  0.11807805669849447,
    "Day":  0.00000000844369430071379,
    "Day_Fluctuation":  0.093535261018103028,
    "ThreeDay":  0.00000000859565652214538,
    "ThreeDay_Fluctuation":  0.098522643105580482,
    "Week":  0.00000000865455937349688,
    "Week_Fluctuation":  0.099790253764062975,
    "Duration":  "6.03:19:51.6399254",
    "Updated":  "\/Date(1581156572671)\/",
    "Failed":  0,
    "HashRate_Live":  386935,
    "HashRate_Average":  370994.65884831507,
    "BlockRate_Live":  5,
    "BlockRate_Average":  5.0746873477754191,
    "Actual24h_Week":  0,
    "Estimate24h_Week":  0,
    "ErrorRatio":  1
}
