{
    "Live":  0.0000000483024331902632,
    "Minute":  0.0000000483024331902632,
    "Minute_Fluctuation":  0.036873804423939956,
    "Minute_5":  0.0000000480230678736007,
    "Minute_5_Fluctuation":  0.03385294385889985,
    "Minute_10":  0.0000000466790433748368,
    "Minute_10_Fluctuation":  0.060020889627105313,
    "Hour":  0.0000000419399350850038,
    "Hour_Fluctuation":  0.15618398081893264,
    "Day":  0.0000000332857295972004,
    "Day_Fluctuation":  0.13326951390088571,
    "ThreeDay":  0.0000000328475849506386,
    "ThreeDay_Fluctuation":  0.13052041078293503,
    "Week":  0.0000000325895626587812,
    "Week_Fluctuation":  0.12890127511835203,
    "Duration":  "6.12:32:48.1536411",
    "Updated":  "\/Date(1581353646080)\/",
    "Failed":  0,
    "HashRate_Live":  396137,
    "HashRate_Average":  395610.45729190129,
    "BlockRate_Live":  87,
    "BlockRate_Average":  93.443460183073384,
    "Actual24h_Week":  0,
    "Estimate24h_Week":  0,
    "ErrorRatio":  1
}
