{
    "Live":  0.00000000712274573763767,
    "Minute":  0.00000000712274573763767,
    "Minute_Fluctuation":  2.3245294578089215E-16,
    "Minute_5":  0.00000000720281054049464,
    "Minute_5_Fluctuation":  0.015019751317300139,
    "Minute_10":  0.00000000722252328782867,
    "Minute_10_Fluctuation":  0.028945428605823761,
    "Hour":  0.00000000680328753405313,
    "Hour_Fluctuation":  0.108424892320001,
    "Day":  0.00000000639337326053732,
    "Day_Fluctuation":  0.27884749316207585,
    "ThreeDay":  0.00000000631681248978849,
    "ThreeDay_Fluctuation":  0.26479343834765107,
    "Week":  0.00000000665522242842658,
    "Week_Fluctuation":  0.21500360403276308,
    "Duration":  "12.21:43:24.4421099",
    "Updated":  "\/Date(1581923095149)\/",
    "Failed":  0,
    "HashRate_Live":  1797,
    "HashRate_Average":  2553.7223666429427,
    "BlockRate_Live":  11,
    "BlockRate_Average":  11.000017435873858,
    "Actual24h_Week":  0,
    "Estimate24h_Week":  0,
    "ErrorRatio":  1
}
