{
    "Live":  0.00000007931,
    "Minute":  0.00000007931,
    "Minute_Fluctuation":  0,
    "Minute_5":  0.00000007935918723605,
    "Minute_5_Fluctuation":  0.0041065735329211053,
    "Minute_10":  0.0000000805012418318257,
    "Minute_10_Fluctuation":  0.0468169582481443,
    "Hour":  0.0000000885451948337348,
    "Hour_Fluctuation":  0.11728209317195643,
    "Day":  0.000000079853865551024,
    "Day_Fluctuation":  0.12467870426677002,
    "ThreeDay":  0.0000000758879226120208,
    "ThreeDay_Fluctuation":  0.091816071618854717,
    "Week":  0.0000000745571680611714,
    "Week_Fluctuation":  0.073700142388021167,
    "Duration":  "13.03:46:44.5174897",
    "Updated":  "\/Date(1581737996154)\/",
    "Failed":  0,
    "HashRate_Live":  0,
    "HashRate_Average":  0,
    "BlockRate_Live":  0,
    "BlockRate_Average":  0,
    "Actual24h_Week":  0,
    "Estimate24h_Week":  0,
    "ErrorRatio":  1
}
