{
    "Live":  0.00000000000016376,
    "Minute":  0.00000000000016376,
    "Minute_Fluctuation":  0,
    "Minute_5":  0.00000000000016332682144861,
    "Minute_5_Fluctuation":  0.018526711196401469,
    "Minute_10":  0.000000000000158057378303763,
    "Minute_10_Fluctuation":  0.086473983214344241,
    "Hour":  0.000000000000138775254057961,
    "Hour_Fluctuation":  0.084811886193909433,
    "Day":  0.000000000000125571371951585,
    "Day_Fluctuation":  0.070328462039215486,
    "ThreeDay":  0.000000000000128878793834842,
    "ThreeDay_Fluctuation":  0.064320279957661111,
    "Week":  0.000000000000129004027730903,
    "Week_Fluctuation":  0.071512545161718913,
    "Duration":  "13.00:47:35.2782624",
    "Updated":  "\/Date(1581737995850)\/",
    "Failed":  0,
    "HashRate_Live":  0,
    "HashRate_Average":  0,
    "BlockRate_Live":  0,
    "BlockRate_Average":  0,
    "Actual24h_Week":  0,
    "Estimate24h_Week":  0,
    "ErrorRatio":  1
}
