{
    "Live":  0.00000001195,
    "Minute":  0.00000001195,
    "Minute_Fluctuation":  0,
    "Minute_5":  0.00000001195,
    "Minute_5_Fluctuation":  1.3844026988335194E-16,
    "Minute_10":  0.00000001195,
    "Minute_10_Fluctuation":  2.7816476502545412E-16,
    "Hour":  0.00000001195,
    "Hour_Fluctuation":  4.3097181418726174E-15,
    "Day":  0.0000000117765249593821,
    "Day_Fluctuation":  0.040189051634529759,
    "ThreeDay":  0.0000000110618872629047,
    "ThreeDay_Fluctuation":  0.093818216932245471,
    "Week":  0.0000000106247076670462,
    "Week_Fluctuation":  0.095336477307933543,
    "Duration":  "7.03:06:11.5193795",
    "Updated":  "\/Date(1581922717836)\/",
    "Failed":  0,
    "HashRate_Live":  0,
    "HashRate_Average":  0,
    "BlockRate_Live":  0,
    "BlockRate_Average":  0,
    "Actual24h_Week":  0,
    "Estimate24h_Week":  0,
    "ErrorRatio":  1
}
