{
    "Live":  0.00000000000568185,
    "Minute":  0.00000000000568185,
    "Minute_Fluctuation":  0,
    "Minute_5":  0.00000000000568185,
    "Minute_5_Fluctuation":  9.788952512152904E-23,
    "Minute_10":  0.00000000000568185,
    "Minute_10_Fluctuation":  1.4217087162567054E-16,
    "Hour":  0.00000000000568184634864323,
    "Hour_Fluctuation":  7.6162622217508586E-06,
    "Day":  0.00000000000545082291333154,
    "Day_Fluctuation":  0.020190658648438806,
    "ThreeDay":  0.00000000000541353826755409,
    "ThreeDay_Fluctuation":  0.016048302579814579,
    "Week":  0.00000000000541353826755409,
    "Week_Fluctuation":  0.016048302579814579,
    "Duration":  "1.17:08:51.7172201",
    "Updated":  "\/Date(1581737997218)\/",
    "Failed":  0,
    "HashRate_Live":  0,
    "HashRate_Average":  0,
    "BlockRate_Live":  0,
    "BlockRate_Average":  0,
    "Actual24h_Week":  0,
    "Estimate24h_Week":  0,
    "ErrorRatio":  1
}
