{
    "Live":  0.00000000000139,
    "Minute":  0.00000000000139,
    "Minute_Fluctuation":  0,
    "Minute_5":  0.00000000000139026705401244,
    "Minute_5_Fluctuation":  0.0013928016632441019,
    "Minute_10":  0.00000000000140140188380683,
    "Minute_10_Fluctuation":  0.031659111386104118,
    "Hour":  0.00000000000158292262511871,
    "Hour_Fluctuation":  0.13136989551011052,
    "Day":  0.00000000000162225378050065,
    "Day_Fluctuation":  0.087312528378675841,
    "ThreeDay":  0.00000000000153239738265199,
    "ThreeDay_Fluctuation":  0.099117515347141055,
    "Week":  0.00000000000149905482151191,
    "Week_Fluctuation":  0.10061347041570227,
    "Duration":  "13.00:57:48.6605101",
    "Updated":  "\/Date(1581737997017)\/",
    "Failed":  0,
    "HashRate_Live":  0,
    "HashRate_Average":  0,
    "BlockRate_Live":  0,
    "BlockRate_Average":  0,
    "Actual24h_Week":  0,
    "Estimate24h_Week":  0,
    "ErrorRatio":  1
}
