{
    "Live":  0.00000000000414,
    "Minute":  0.00000000000414,
    "Minute_Fluctuation":  0,
    "Minute_5":  0.00000000000414000709202971,
    "Minute_5_Fluctuation":  2.4191675719804044E-05,
    "Minute_10":  0.00000000000414201240709287,
    "Minute_10_Fluctuation":  0.0022294414012342181,
    "Hour":  0.00000000000420071092262528,
    "Hour_Fluctuation":  0.0087341377117521185,
    "Day":  0.00000000000427287468807642,
    "Day_Fluctuation":  0.029316142329496805,
    "ThreeDay":  0.00000000000430239538736667,
    "ThreeDay_Fluctuation":  0.051489395932459554,
    "Week":  0.00000000000428971494210672,
    "Week_Fluctuation":  0.058698222361998835,
    "Duration":  "12.08:37:28.3235285",
    "Updated":  "\/Date(1581737997501)\/",
    "Failed":  0,
    "HashRate_Live":  0,
    "HashRate_Average":  0,
    "BlockRate_Live":  0,
    "BlockRate_Average":  0,
    "Actual24h_Week":  0,
    "Estimate24h_Week":  0,
    "ErrorRatio":  1
}
