{
    "Live":  0.00000000000485409,
    "Minute":  0.00000000000485409,
    "Minute_Fluctuation":  0,
    "Minute_5":  0.00000000000484768810686759,
    "Minute_5_Fluctuation":  0.0088545735556574134,
    "Minute_10":  0.00000000000476407170706979,
    "Minute_10_Fluctuation":  0.045847583785649071,
    "Hour":  0.00000000000442881160482573,
    "Hour_Fluctuation":  0.050745009144281539,
    "Day":  0.00000000000426112662035256,
    "Day_Fluctuation":  0.05569730572661627,
    "ThreeDay":  0.00000000000428102394080605,
    "ThreeDay_Fluctuation":  0.074964161807787616,
    "Week":  0.0000000000044067912678419,
    "Week_Fluctuation":  0.079590760823270962,
    "Duration":  "13.00:47:35.2782624",
    "Updated":  "\/Date(1581737995788)\/",
    "Failed":  0,
    "HashRate_Live":  0,
    "HashRate_Average":  0,
    "BlockRate_Live":  0,
    "BlockRate_Average":  0,
    "Actual24h_Week":  0,
    "Estimate24h_Week":  0,
    "ErrorRatio":  1
}
