{
    "Live":  0.00000008647,
    "Minute":  0.00000008647,
    "Minute_Fluctuation":  0,
    "Minute_5":  0.000000086491033044419,
    "Minute_5_Fluctuation":  0.0016896726412264388,
    "Minute_10":  0.0000000871410755970828,
    "Minute_10_Fluctuation":  0.028249574983035597,
    "Hour":  0.000000090006407081142,
    "Hour_Fluctuation":  0.073305301266206255,
    "Day":  0.0000000836247751753704,
    "Day_Fluctuation":  0.098884005065419375,
    "ThreeDay":  0.0000000832355964420395,
    "ThreeDay_Fluctuation":  0.10780038037140256,
    "Week":  0.0000000830857425674457,
    "Week_Fluctuation":  0.089576555952067247,
    "Duration":  "11.11:49:58.1210277",
    "Updated":  "\/Date(1581737996371)\/",
    "Failed":  0,
    "HashRate_Live":  0,
    "HashRate_Average":  0,
    "BlockRate_Live":  0,
    "BlockRate_Average":  0,
    "Actual24h_Week":  0,
    "Estimate24h_Week":  0,
    "ErrorRatio":  1
}
