{
    "Live":  0.00000000000888,
    "Minute":  0.00000000000888,
    "Minute_Fluctuation":  0,
    "Minute_5":  0.00000000000888,
    "Minute_5_Fluctuation":  0,
    "Minute_10":  0.00000000000888,
    "Minute_10_Fluctuation":  5.6354959429556987E-168,
    "Hour":  0.00000000000887999999999999,
    "Hour_Fluctuation":  1.0916129304529658E-15,
    "Day":  0.00000000000866115092333099,
    "Day_Fluctuation":  0.063639772950321735,
    "ThreeDay":  0.00000000000785398436937223,
    "ThreeDay_Fluctuation":  0.10827142967705104,
    "Week":  0.0000000000072851450767022,
    "Week_Fluctuation":  0.075524263049276411,
    "Duration":  "13.05:16:51.5976040",
    "Updated":  "\/Date(1581737997567)\/",
    "Failed":  0,
    "HashRate_Live":  0,
    "HashRate_Average":  0,
    "BlockRate_Live":  0,
    "BlockRate_Average":  0,
    "Actual24h_Week":  0,
    "Estimate24h_Week":  0,
    "ErrorRatio":  1
}
