{
    "Live":  0.00000001654,
    "Minute":  0.00000001654,
    "Minute_Fluctuation":  0,
    "Minute_5":  0.000000016537547722795,
    "Minute_5_Fluctuation":  0.00060517753121864268,
    "Minute_10":  0.0000000165196454547951,
    "Minute_10_Fluctuation":  0.0030560005239445281,
    "Hour":  0.0000000155381527284784,
    "Hour_Fluctuation":  0.10827801158701415,
    "Day":  0.0000000137702636005206,
    "Day_Fluctuation":  0.20784485571488742,
    "ThreeDay":  0.0000000123929178209429,
    "ThreeDay_Fluctuation":  0.36952672218820942,
    "Week":  0.0000000122461585817841,
    "Week_Fluctuation":  0.3859084265832064,
    "Duration":  "4.12:23:15.3532009",
    "Updated":  "\/Date(1564625962034)\/",
    "Failed":  0,
    "ErrorRatio_Average":  0,
    "HashRate_Average":  0,
    "BlockRate_Average":  0,
    "ErrorRatio_Live":  0,
    "HashRate_Live":  0,
    "BlockRate_Live":  0
}
