{
    "Live":  0.00000005851,
    "Minute":  0.00000005851,
    "Minute_Fluctuation":  0,
    "Minute_5":  0.00000005851665717516,
    "Minute_5_Fluctuation":  0.00073340449500422663,
    "Minute_10":  0.0000000585892012302084,
    "Minute_10_Fluctuation":  0.0033273448066919666,
    "Hour":  0.0000000588019150153204,
    "Hour_Fluctuation":  0.0045914125932292266,
    "Day":  0.0000000579109974618233,
    "Day_Fluctuation":  0.02335294370073256,
    "ThreeDay":  0.0000000583516945095911,
    "ThreeDay_Fluctuation":  0.030596931638164165,
    "Week":  0.0000000583934872158384,
    "Week_Fluctuation":  0.034668332588320992,
    "Duration":  "11.11:49:58.1210277",
    "Updated":  "\/Date(1581737995948)\/",
    "Failed":  0,
    "HashRate_Live":  0,
    "HashRate_Average":  0,
    "BlockRate_Live":  0,
    "BlockRate_Average":  0,
    "Actual24h_Week":  0,
    "Estimate24h_Week":  0,
    "ErrorRatio":  1
}
