{
    "Live":  0.00000005538,
    "Minute":  0.00000005538,
    "Minute_Fluctuation":  0,
    "Minute_5":  0.0000000553762374976897,
    "Minute_5_Fluctuation":  0.00043794341958261626,
    "Minute_10":  0.0000000553286218251517,
    "Minute_10_Fluctuation":  0.0020466959903758658,
    "Hour":  0.0000000551759212931486,
    "Hour_Fluctuation":  0.0028240659107246139,
    "Day":  0.0000000539330770551058,
    "Day_Fluctuation":  0.029390028886466978,
    "ThreeDay":  0.0000000543892191131971,
    "ThreeDay_Fluctuation":  0.0351884633793999,
    "Week":  0.0000000559119744130776,
    "Week_Fluctuation":  0.048682229296956266,
    "Duration":  "18.06:40:04.9029324",
    "Updated":  "\/Date(1581737996018)\/",
    "Failed":  0,
    "HashRate_Live":  0,
    "HashRate_Average":  0,
    "BlockRate_Live":  0,
    "BlockRate_Average":  0,
    "Actual24h_Week":  0,
    "Estimate24h_Week":  0,
    "ErrorRatio":  1
}
