{
    "Live":  0.00000000001,
    "Minute":  0.00000000001,
    "Minute_Fluctuation":  0,
    "Minute_5":  0.00000000001,
    "Minute_5_Fluctuation":  1.1123871966235204E-22,
    "Minute_10":  0.00000000001,
    "Minute_10_Fluctuation":  1.6155871338926324E-16,
    "Hour":  0.00000000001,
    "Hour_Fluctuation":  1.6155871338926337E-16,
    "Day":  0.0000000000193342414805102,
    "Day_Fluctuation":  0.67050620546709971,
    "ThreeDay":  0.000000000219352934257079,
    "ThreeDay_Fluctuation":  0.7664510487415267,
    "Week":  0.000000000518752423737439,
    "Week_Fluctuation":  0.47898662302674594,
    "Duration":  "12.07:34:49.9816402",
    "Updated":  "\/Date(1581737997361)\/",
    "Failed":  0,
    "HashRate_Live":  0,
    "HashRate_Average":  0,
    "BlockRate_Live":  0,
    "BlockRate_Average":  0,
    "Actual24h_Week":  0,
    "Estimate24h_Week":  0,
    "ErrorRatio":  1
}
