{
    "Live":  0.00000000001176,
    "Minute":  0.00000000001176,
    "Minute_Fluctuation":  0,
    "Minute_5":  0.0000000000117519001549525,
    "Minute_5_Fluctuation":  0.0045983472011948256,
    "Minute_10":  0.0000000000116219561237087,
    "Minute_10_Fluctuation":  0.034111260013855754,
    "Hour":  0.000000000010662769090404,
    "Hour_Fluctuation":  0.081531662803599525,
    "Day":  0.00000000000970508000405208,
    "Day_Fluctuation":  0.081896384856891727,
    "ThreeDay":  0.0000000000113081292292527,
    "ThreeDay_Fluctuation":  0.21748955326367259,
    "Week":  0.0000000000138319488071861,
    "Week_Fluctuation":  0.28488312830574297,
    "Duration":  "13.15:33:13.6739287",
    "Updated":  "\/Date(1581737996945)\/",
    "Failed":  0,
    "HashRate_Live":  0,
    "HashRate_Average":  0,
    "BlockRate_Live":  0,
    "BlockRate_Average":  0,
    "Actual24h_Week":  0,
    "Estimate24h_Week":  0,
    "ErrorRatio":  1
}
