{
    "Live":  0.00000000000006271,
    "Minute":  0.00000000000006271,
    "Minute_Fluctuation":  0,
    "Minute_5":  0.0000000000000627101782861179,
    "Minute_5_Fluctuation":  4.0117389930999323E-05,
    "Minute_10":  0.0000000000000627605410180794,
    "Minute_10_Fluctuation":  0.0037257006746192036,
    "Hour":  0.0000000000000646151509116336,
    "Hour_Fluctuation":  0.023647238304259636,
    "Day":  0.0000000000000649943911680469,
    "Day_Fluctuation":  0.030561744488312548,
    "ThreeDay":  0.0000000000000667523647778814,
    "ThreeDay_Fluctuation":  0.0601680352555496,
    "Week":  0.0000000000000707819530843051,
    "Week_Fluctuation":  0.14042600669393929,
    "Duration":  "13.00:47:35.2782624",
    "Updated":  "\/Date(1581737995817)\/",
    "Failed":  0,
    "HashRate_Live":  0,
    "HashRate_Average":  0,
    "BlockRate_Live":  0,
    "BlockRate_Average":  0,
    "Actual24h_Week":  0,
    "Estimate24h_Week":  0,
    "ErrorRatio":  1
}
