{
    "Live":  0.00000000740052,
    "Minute":  0.00000000740052,
    "Minute_Fluctuation":  0,
    "Minute_5":  0.00000000740156959562504,
    "Minute_5_Fluctuation":  0.0009900662090643257,
    "Minute_10":  0.00000000743737583376814,
    "Minute_10_Fluctuation":  0.018026162838598404,
    "Hour":  0.000000008203484961469,
    "Hour_Fluctuation":  0.06665398051506774,
    "Day":  0.00000000888368801876874,
    "Day_Fluctuation":  0.060339526497738029,
    "ThreeDay":  0.00000000926666007467479,
    "ThreeDay_Fluctuation":  0.084053076011138247,
    "Week":  0.00000000940612690229199,
    "Week_Fluctuation":  0.092225849248002909,
    "Duration":  "12.08:37:28.3235285",
    "Updated":  "\/Date(1581737997969)\/",
    "Failed":  0,
    "HashRate_Live":  0,
    "HashRate_Average":  0,
    "BlockRate_Live":  0,
    "BlockRate_Average":  0,
    "Actual24h_Week":  0,
    "Estimate24h_Week":  0,
    "ErrorRatio":  1
}
