{
    "Live":  0.0000000000169915,
    "Minute":  0.0000000000169915,
    "Minute_Fluctuation":  0,
    "Minute_5":  0.0000000000169860065405941,
    "Minute_5_Fluctuation":  0.0021471765580021902,
    "Minute_10":  0.0000000000168913038892059,
    "Minute_10_Fluctuation":  0.017641747277967017,
    "Hour":  0.0000000000161073205247883,
    "Hour_Fluctuation":  0.046435176598280267,
    "Day":  0.0000000000148775613288191,
    "Day_Fluctuation":  0.075339427706917816,
    "ThreeDay":  0.0000000000149089338566594,
    "ThreeDay_Fluctuation":  0.092627135041960837,
    "Week":  0.0000000000149731005005915,
    "Week_Fluctuation":  0.10005003525442895,
    "Duration":  "12.08:37:28.3235285",
    "Updated":  "\/Date(1581737997229)\/",
    "Failed":  0,
    "HashRate_Live":  0,
    "HashRate_Average":  0,
    "BlockRate_Live":  0,
    "BlockRate_Average":  0,
    "Actual24h_Week":  0,
    "Estimate24h_Week":  0,
    "ErrorRatio":  1
}
