{
    "Live":  0.00000000000121,
    "Minute":  0.00000000000121,
    "Minute_Fluctuation":  0,
    "Minute_5":  0.00000000000121000256684981,
    "Minute_5_Fluctuation":  3.0045878843601027E-05,
    "Minute_10":  0.00000000000121057294433103,
    "Minute_10_Fluctuation":  0.0026208574346576218,
    "Hour":  0.00000000000120075026735195,
    "Hour_Fluctuation":  0.027395380099288668,
    "Day":  0.00000000000106225560200855,
    "Day_Fluctuation":  0.087643622037204,
    "ThreeDay":  0.00000000000106139296163257,
    "ThreeDay_Fluctuation":  0.070147096984788146,
    "Week":  0.00000000000108876155983974,
    "Week_Fluctuation":  0.063989671990128422,
    "Duration":  "12.08:37:28.3235285",
    "Updated":  "\/Date(1581737997466)\/",
    "Failed":  0,
    "HashRate_Live":  0,
    "HashRate_Average":  0,
    "BlockRate_Live":  0,
    "BlockRate_Average":  0,
    "Actual24h_Week":  0,
    "Estimate24h_Week":  0,
    "ErrorRatio":  1
}
