{
    "Live":  0.0000041,
    "Minute":  0.0000041,
    "Minute_Fluctuation":  0,
    "Minute_5":  0.0000041,
    "Minute_5_Fluctuation":  1.422466484252079E-22,
    "Minute_10":  0.0000041,
    "Minute_10_Fluctuation":  2.0659340176934155E-16,
    "Hour":  0.0000041,
    "Hour_Fluctuation":  2.0659340176934142E-16,
    "Day":  0.0000041,
    "Day_Fluctuation":  2.0659339404116536E-16,
    "ThreeDay":  0.0000041,
    "ThreeDay_Fluctuation":  2.065779239969535E-16,
    "Week":  0.0000041,
    "Week_Fluctuation":  2.065138791367496E-16,
    "Duration":  "13.00:53:57.6510995",
    "Updated":  "\/Date(1581737996751)\/",
    "Failed":  0,
    "HashRate_Live":  0,
    "HashRate_Average":  0,
    "BlockRate_Live":  0,
    "BlockRate_Average":  0,
    "Actual24h_Week":  0,
    "Estimate24h_Week":  0,
    "ErrorRatio":  1
}
