{
    "Live":  0.00000020155,
    "Minute":  0.00000020155,
    "Minute_Fluctuation":  0,
    "Minute_5":  0.00000020155,
    "Minute_5_Fluctuation":  1.4578261970199134E-81,
    "Minute_10":  0.00000020155,
    "Minute_10_Fluctuation":  2.2940254609016269E-33,
    "Hour":  0.00000020154994137716,
    "Hour_Fluctuation":  3.6334456725095834E-06,
    "Day":  0.000000200405050789022,
    "Day_Fluctuation":  0.012632572358047002,
    "ThreeDay":  0.000000200236122055088,
    "ThreeDay_Fluctuation":  0.012369506485304597,
    "Week":  0.000000200605007942512,
    "Week_Fluctuation":  0.011145647139912456,
    "Duration":  "13.00:48:52.5204850",
    "Updated":  "\/Date(1581737996404)\/",
    "Failed":  0,
    "HashRate_Live":  0,
    "HashRate_Average":  0,
    "BlockRate_Live":  0,
    "BlockRate_Average":  0,
    "Actual24h_Week":  0,
    "Estimate24h_Week":  0,
    "ErrorRatio":  1
}
