{
    "Live":  0.00005414,
    "Minute":  0.00005414,
    "Minute_Fluctuation":  0,
    "Minute_5":  0.0000541563311124533,
    "Minute_5_Fluctuation":  0.0022849855089926417,
    "Minute_10":  0.0000537908839769617,
    "Minute_10_Fluctuation":  0.053266406775036731,
    "Hour":  0.0000367475127245682,
    "Hour_Fluctuation":  0.44970086761156941,
    "Day":  0.0000260473593016009,
    "Day_Fluctuation":  0.38949183989017017,
    "ThreeDay":  0.0000458066213250263,
    "ThreeDay_Fluctuation":  0.33765019726558132,
    "Week":  0.000051244390822887,
    "Week_Fluctuation":  0.28288038848648617,
    "Duration":  "5.06:46:07.6213110",
    "Updated":  "\/Date(1581737996471)\/",
    "Failed":  0,
    "HashRate_Live":  0,
    "HashRate_Average":  0,
    "BlockRate_Live":  0,
    "BlockRate_Average":  0,
    "Actual24h_Week":  0,
    "Estimate24h_Week":  0,
    "ErrorRatio":  1
}
