{
    "Live":  0.00000000002266,
    "Minute":  0.00000000002266,
    "Minute_Fluctuation":  0,
    "Minute_5":  0.0000000000226671928199726,
    "Minute_5_Fluctuation":  0.0022448901844012918,
    "Minute_10":  0.0000000000229324380233069,
    "Minute_10_Fluctuation":  0.044045224778523379,
    "Hour":  0.0000000000231454642421464,
    "Hour_Fluctuation":  0.12332738264894906,
    "Day":  0.0000000000255259163015382,
    "Day_Fluctuation":  0.208131466718358,
    "ThreeDay":  0.0000000000258267320032934,
    "ThreeDay_Fluctuation":  0.16791336499071927,
    "Week":  0.000000000025449080247529,
    "Week_Fluctuation":  0.13009306743016688,
    "Duration":  "13.00:57:48.6605101",
    "Updated":  "\/Date(1581737997052)\/",
    "Failed":  0,
    "HashRate_Live":  0,
    "HashRate_Average":  0,
    "BlockRate_Live":  0,
    "BlockRate_Average":  0,
    "Actual24h_Week":  0,
    "Estimate24h_Week":  0,
    "ErrorRatio":  1
}
