{
    "Live":  0.00000009,
    "Minute":  0.00000009,
    "Minute_Fluctuation":  0,
    "Minute_5":  0.00000009,
    "Minute_5_Fluctuation":  1.0125195460822088E-22,
    "Minute_10":  0.00000009,
    "Minute_10_Fluctuation":  1.4705433112053829E-16,
    "Hour":  0.0000000899999999999999,
    "Hour_Fluctuation":  1.1767900430915036E-15,
    "Day":  0.0000000841688263670808,
    "Day_Fluctuation":  0.14589998460380366,
    "ThreeDay":  0.0000000704853886377318,
    "ThreeDay_Fluctuation":  0.18740832017303097,
    "Week":  0.0000000624494274529323,
    "Week_Fluctuation":  0.12186864769604716,
    "Duration":  "11.11:49:58.1210277",
    "Updated":  "\/Date(1581737996065)\/",
    "Failed":  0,
    "HashRate_Live":  0,
    "HashRate_Average":  0,
    "BlockRate_Live":  0,
    "BlockRate_Average":  0,
    "Actual24h_Week":  0,
    "Estimate24h_Week":  0,
    "ErrorRatio":  1
}
