{
    "Live":  0.00000000000009683,
    "Minute":  0.00000000000009683,
    "Minute_Fluctuation":  0,
    "Minute_5":  0.0000000000000968474738808764,
    "Minute_5_Fluctuation":  0.0011699111004912293,
    "Minute_10":  0.000000000000097128402758092,
    "Minute_10_Fluctuation":  0.0084551080096082441,
    "Hour":  0.00000000000010079433680781,
    "Hour_Fluctuation":  0.055361211768936026,
    "Day":  0.0000000000000905041649870568,
    "Day_Fluctuation":  0.135944816757834,
    "ThreeDay":  0.0000000000000926321304629227,
    "ThreeDay_Fluctuation":  0.17564467267545636,
    "Week":  0.000000000000110029421420007,
    "Week_Fluctuation":  0.22657226203854242,
    "Duration":  "13.05:26:04.2578184",
    "Updated":  "\/Date(1581737996684)\/",
    "Failed":  0,
    "HashRate_Live":  0,
    "HashRate_Average":  0,
    "BlockRate_Live":  0,
    "BlockRate_Average":  0,
    "Actual24h_Week":  0,
    "Estimate24h_Week":  0,
    "ErrorRatio":  1
}
