{
    "Live":  0.00000000000643,
    "Minute":  0.00000000000643,
    "Minute_Fluctuation":  0,
    "Minute_5":  0.00000000000642999742108011,
    "Minute_5_Fluctuation":  5.6873256621919316E-06,
    "Minute_10":  0.00000000000642926821560259,
    "Minute_10_Fluctuation":  0.00052669261879068443,
    "Hour":  0.00000000000640792183771761,
    "Hour_Fluctuation":  0.0020947251204101228,
    "Day":  0.00000000000642524958383357,
    "Day_Fluctuation":  0.016919189037909906,
    "ThreeDay":  0.00000000000643474976993766,
    "ThreeDay_Fluctuation":  0.033797090075997696,
    "Week":  0.00000000000655122494213711,
    "Week_Fluctuation":  0.055591692853958805,
    "Duration":  "13.01:04:52.3328378",
    "Updated":  "\/Date(1581737997846)\/",
    "Failed":  0,
    "HashRate_Live":  0,
    "HashRate_Average":  0,
    "BlockRate_Live":  0,
    "BlockRate_Average":  0,
    "Actual24h_Week":  0,
    "Estimate24h_Week":  0,
    "ErrorRatio":  1
}
