{
    "Live":  0.000000102448,
    "Minute":  0.000000102448,
    "Minute_Fluctuation":  0,
    "Minute_5":  0.000000102451469734211,
    "Minute_5_Fluctuation":  0.00031877893581529416,
    "Minute_10":  0.000000102859120585504,
    "Minute_10_Fluctuation":  0.017373570380980263,
    "Hour":  0.000000111854822844241,
    "Hour_Fluctuation":  0.0694259593194597,
    "Day":  0.000000128336002183217,
    "Day_Fluctuation":  0.084696138251795755,
    "ThreeDay":  0.000000131927703704669,
    "ThreeDay_Fluctuation":  0.093638292980374183,
    "Week":  0.000000134637904725481,
    "Week_Fluctuation":  0.12420429156891732,
    "Duration":  "13.01:10:34.4462815",
    "Updated":  "\/Date(1581737998051)\/",
    "Failed":  0,
    "HashRate_Live":  0,
    "HashRate_Average":  0,
    "BlockRate_Live":  0,
    "BlockRate_Average":  0,
    "Actual24h_Week":  0,
    "Estimate24h_Week":  0,
    "ErrorRatio":  1
}
