{
    "Live":  0.0000000598,
    "Minute":  0.0000000598,
    "Minute_Fluctuation":  0,
    "Minute_5":  0.0000000598002191119839,
    "Minute_5_Fluctuation":  5.167082160484778E-05,
    "Minute_10":  0.000000059855496338583,
    "Minute_10_Fluctuation":  0.0045320520492287729,
    "Hour":  0.0000000603223490943982,
    "Hour_Fluctuation":  0.015586649539771217,
    "Day":  0.0000000592402083077305,
    "Day_Fluctuation":  0.047328927724139887,
    "ThreeDay":  0.0000000587198693682296,
    "ThreeDay_Fluctuation":  0.054678229307013965,
    "Week":  0.0000000588278054229412,
    "Week_Fluctuation":  0.0427235256440388,
    "Duration":  "13.00:45:21.6114476",
    "Updated":  "\/Date(1581737996437)\/",
    "Failed":  0,
    "HashRate_Live":  0,
    "HashRate_Average":  0,
    "BlockRate_Live":  0,
    "BlockRate_Average":  0,
    "Actual24h_Week":  0,
    "Estimate24h_Week":  0,
    "ErrorRatio":  1
}
