{
    "Live":  0.00000000005,
    "Minute":  0.00000000005,
    "Minute_Fluctuation":  0,
    "Minute_5":  0.00000000005,
    "Minute_5_Fluctuation":  0,
    "Minute_10":  0.00000000005,
    "Minute_10_Fluctuation":  0,
    "Hour":  0.00000000005,
    "Hour_Fluctuation":  0,
    "Day":  0.00000000005,
    "Day_Fluctuation":  0,
    "ThreeDay":  0.00000000005,
    "ThreeDay_Fluctuation":  0,
    "Week":  0.00000000005,
    "Week_Fluctuation":  0,
    "Duration":  "13.01:10:34.4462815",
    "Updated":  "\/Date(1581737997894)\/",
    "Failed":  0,
    "HashRate_Live":  0,
    "HashRate_Average":  0,
    "BlockRate_Live":  0,
    "BlockRate_Average":  0,
    "Actual24h_Week":  0,
    "Estimate24h_Week":  0,
    "ErrorRatio":  1
}
