{
    "Live":  0.00000010009,
    "Minute":  0.00000010009,
    "Minute_Fluctuation":  0,
    "Minute_5":  0.000000100089997020439,
    "Minute_5_Fluctuation":  7.4019302638697328E-07,
    "Minute_10":  0.000000100055759177556,
    "Minute_10_Fluctuation":  0.0026675566823956484,
    "Hour":  0.0000000935140988754114,
    "Hour_Fluctuation":  0.0947096329419536,
    "Day":  0.0000000824290961228198,
    "Day_Fluctuation":  0.10776223778733091,
    "ThreeDay":  0.0000000786064009851801,
    "ThreeDay_Fluctuation":  0.091097619327407772,
    "Week":  0.0000000781742371438586,
    "Week_Fluctuation":  0.077485075704203474,
    "Duration":  "13.00:45:21.6114476",
    "Updated":  "\/Date(1581737995915)\/",
    "Failed":  0,
    "HashRate_Live":  0,
    "HashRate_Average":  0,
    "BlockRate_Live":  0,
    "BlockRate_Average":  0,
    "Actual24h_Week":  0,
    "Estimate24h_Week":  0,
    "ErrorRatio":  1
}
