{
    "Live":  0.000000000005,
    "Minute":  0.000000000005,
    "Minute_Fluctuation":  0,
    "Minute_5":  0.000000000005,
    "Minute_5_Fluctuation":  1.1123871966235204E-22,
    "Minute_10":  0.000000000005,
    "Minute_10_Fluctuation":  1.6155871338926319E-16,
    "Hour":  0.000000000005,
    "Hour_Fluctuation":  1.6155871338926307E-16,
    "Day":  0.000000000005,
    "Day_Fluctuation":  1.6155870669859319E-16,
    "ThreeDay":  0.000000000005,
    "ThreeDay_Fluctuation":  1.615501917028419E-16,
    "Week":  0.000000000005,
    "Week_Fluctuation":  1.6152023750224738E-16,
    "Duration":  "12.08:37:28.3235285",
    "Updated":  "\/Date(1581737997716)\/",
    "Failed":  0,
    "HashRate_Live":  0,
    "HashRate_Average":  0,
    "BlockRate_Live":  0,
    "BlockRate_Average":  0,
    "Actual24h_Week":  0,
    "Estimate24h_Week":  0,
    "ErrorRatio":  1
}
