{
    "Live":  0.00000000000401,
    "Minute":  0.00000000000401,
    "Minute_Fluctuation":  0,
    "Minute_5":  0.00000000000401,
    "Minute_5_Fluctuation":  1.6328177565607331E-230,
    "Minute_10":  0.00000000000401,
    "Minute_10_Fluctuation":  3.9933093861731844E-76,
    "Hour":  0.00000000000400999999999999,
    "Hour_Fluctuation":  2.5742993384734955E-15,
    "Day":  0.0000000000039409672111921,
    "Day_Fluctuation":  0.041958991044120826,
    "ThreeDay":  0.0000000000038528327402611,
    "ThreeDay_Fluctuation":  0.055248821919860004,
    "Week":  0.0000000000038796225761839,
    "Week_Fluctuation":  0.037397811574143375,
    "Duration":  "12.08:37:28.3235285",
    "Updated":  "\/Date(1581737997609)\/",
    "Failed":  0,
    "HashRate_Live":  0,
    "HashRate_Average":  0,
    "BlockRate_Live":  0,
    "BlockRate_Average":  0,
    "Actual24h_Week":  0,
    "Estimate24h_Week":  0,
    "ErrorRatio":  1
}
