{
    "Live":  0.00008345,
    "Minute":  0.00008345,
    "Minute_Fluctuation":  0,
    "Minute_5":  0.00008345,
    "Minute_5_Fluctuation":  2.788710978680564E-62,
    "Minute_10":  0.00008345,
    "Minute_10_Fluctuation":  8.1736363571422559E-20,
    "Hour":  0.0000834499931784502,
    "Hour_Fluctuation":  7.0087146215067844E-07,
    "Day":  0.0000834476753028995,
    "Day_Fluctuation":  7.2077776966012722E-05,
    "ThreeDay":  0.0000834476753028995,
    "ThreeDay_Fluctuation":  7.2077776966012722E-05,
    "Week":  0.0000834476753028995,
    "Week_Fluctuation":  7.2077776966012722E-05,
    "Duration":  "08:52:59.5131592",
    "Updated":  "\/Date(1581737996639)\/",
    "Failed":  0,
    "HashRate_Live":  0,
    "HashRate_Average":  0,
    "BlockRate_Live":  0,
    "BlockRate_Average":  0,
    "Actual24h_Week":  0,
    "Estimate24h_Week":  0,
    "ErrorRatio":  1
}
