{
    "Live":  0.00000000526,
    "Minute":  0.00000000526,
    "Minute_Fluctuation":  0,
    "Minute_5":  0.00000000526000012524645,
    "Minute_5_Fluctuation":  5.8528968880859523E-07,
    "Minute_10":  0.00000000526059265689718,
    "Minute_10_Fluctuation":  0.0009227640617324287,
    "Hour":  0.00000000527965639735626,
    "Hour_Fluctuation":  0.0072705986911744654,
    "Day":  0.00000000646263294007952,
    "Day_Fluctuation":  0.19215615878167328,
    "ThreeDay":  0.00000000654753135495888,
    "ThreeDay_Fluctuation":  0.13312533795148626,
    "Week":  0.00000000669554317094755,
    "Week_Fluctuation":  0.11913138681902766,
    "Duration":  "12.08:37:28.3235285",
    "Updated":  "\/Date(1581737997149)\/",
    "Failed":  0,
    "HashRate_Live":  0,
    "HashRate_Average":  0,
    "BlockRate_Live":  0,
    "BlockRate_Average":  0,
    "Actual24h_Week":  0,
    "Estimate24h_Week":  0,
    "ErrorRatio":  1
}
