{
    "Live":  0.00000000041024,
    "Minute":  0.00000000041024,
    "Minute_Fluctuation":  0,
    "Minute_5":  0.000000000410283561300725,
    "Minute_5_Fluctuation":  0.00074142052401834826,
    "Minute_10":  0.000000000410032136013182,
    "Minute_10_Fluctuation":  0.0069705160594306934,
    "Hour":  0.000000000397256241679738,
    "Hour_Fluctuation":  0.066426456757820412,
    "Day":  0.000000000447336930016367,
    "Day_Fluctuation":  0.16628190889541969,
    "ThreeDay":  0.000000000500843379338223,
    "ThreeDay_Fluctuation":  0.17672645197554737,
    "Week":  0.000000000545204452295866,
    "Week_Fluctuation":  0.15189980441959247,
    "Duration":  "13.00:57:48.6605101",
    "Updated":  "\/Date(1581737997118)\/",
    "Failed":  0,
    "HashRate_Live":  0,
    "HashRate_Average":  0,
    "BlockRate_Live":  0,
    "BlockRate_Average":  0,
    "Actual24h_Week":  0,
    "Estimate24h_Week":  0,
    "ErrorRatio":  1
}
