{
    "Live":  0.0000000000127,
    "Minute":  0.0000000000127,
    "Minute_Fluctuation":  0,
    "Minute_5":  0.0000000000126918405632748,
    "Minute_5_Fluctuation":  0.0043249744632620655,
    "Minute_10":  0.0000000000125416736076544,
    "Minute_10_Fluctuation":  0.040644446451949021,
    "Hour":  0.0000000000101335416315219,
    "Hour_Fluctuation":  0.18515850100803785,
    "Day":  0.00000000000744655784183617,
    "Day_Fluctuation":  0.088430397183639334,
    "ThreeDay":  0.00000000000750699377794097,
    "ThreeDay_Fluctuation":  0.069194635935782955,
    "Week":  0.00000000000753880857583602,
    "Week_Fluctuation":  0.063229061603066031,
    "Duration":  "12.11:39:21.7238982",
    "Updated":  "\/Date(1581737997293)\/",
    "Failed":  0,
    "HashRate_Live":  0,
    "HashRate_Average":  0,
    "BlockRate_Live":  0,
    "BlockRate_Average":  0,
    "Actual24h_Week":  0,
    "Estimate24h_Week":  0,
    "ErrorRatio":  1
}
