{
    "Live":  0.00000005098,
    "Minute":  0.00000005098,
    "Minute_Fluctuation":  0,
    "Minute_5":  0.0000000510333706591208,
    "Minute_5_Fluctuation":  0.0067245194104551057,
    "Minute_10":  0.0000000520893422148188,
    "Minute_10_Fluctuation":  0.059295617053156557,
    "Hour":  0.0000000655639030362267,
    "Hour_Fluctuation":  0.15072944383007017,
    "Day":  0.0000000615609253081658,
    "Day_Fluctuation":  0.12150539559672358,
    "ThreeDay":  0.0000000605170493717692,
    "ThreeDay_Fluctuation":  0.12430883496513313,
    "Week":  0.0000000612126323993,
    "Week_Fluctuation":  0.12604599727921792,
    "Duration":  "14.00:44:04.9666219",
    "Updated":  "\/Date(1581737996094)\/",
    "Failed":  0,
    "HashRate_Live":  0,
    "HashRate_Average":  0,
    "BlockRate_Live":  0,
    "BlockRate_Average":  0,
    "Actual24h_Week":  0,
    "Estimate24h_Week":  0,
    "ErrorRatio":  1
}
