{
    "Live":  0.0000000000052,
    "Minute":  0.0000000000052,
    "Minute_Fluctuation":  0,
    "Minute_5":  0.00000000000519891985747493,
    "Minute_5_Fluctuation":  0.0013782289876105264,
    "Minute_10":  0.00000000000517922629277917,
    "Minute_10_Fluctuation":  0.012114289259795885,
    "Hour":  0.0000000000049327456376618,
    "Hour_Fluctuation":  0.037292203701711685,
    "Day":  0.0000000000045448334717389,
    "Day_Fluctuation":  0.058992745913852382,
    "ThreeDay":  0.00000000000453259276136044,
    "ThreeDay_Fluctuation":  0.056737101199953434,
    "Week":  0.0000000000045500646206971,
    "Week_Fluctuation":  0.048114308107413524,
    "Duration":  "13.00:47:35.2782624",
    "Updated":  "\/Date(1581737995883)\/",
    "Failed":  0,
    "HashRate_Live":  0,
    "HashRate_Average":  0,
    "BlockRate_Live":  0,
    "BlockRate_Average":  0,
    "Actual24h_Week":  0,
    "Estimate24h_Week":  0,
    "ErrorRatio":  1
}
