{
    "Live":  0.0000000000028,
    "Minute":  0.0000000000028,
    "Minute_Fluctuation":  0,
    "Minute_5":  0.00000000000279855015633129,
    "Minute_5_Fluctuation":  0.0035021091592236865,
    "Minute_10":  0.00000000000277019594095129,
    "Minute_10_Fluctuation":  0.035829924424565743,
    "Hour":  0.00000000000249163214989509,
    "Hour_Fluctuation":  0.096707898576696746,
    "Day":  0.00000000000218106716238002,
    "Day_Fluctuation":  0.083648407747609968,
    "ThreeDay":  0.00000000000214695124721591,
    "ThreeDay_Fluctuation":  0.12101933822630656,
    "Week":  0.00000000000226889474706414,
    "Week_Fluctuation":  0.15449154204102888,
    "Duration":  "13.00:53:57.6510995",
    "Updated":  "\/Date(1581737996983)\/",
    "Failed":  0,
    "HashRate_Live":  0,
    "HashRate_Average":  0,
    "BlockRate_Live":  0,
    "BlockRate_Average":  0,
    "Actual24h_Week":  0,
    "Estimate24h_Week":  0,
    "ErrorRatio":  1
}
