{
    "Live":  0.00000000000706,
    "Minute":  0.00000000000706,
    "Minute_Fluctuation":  0,
    "Minute_5":  0.00000000000705832112885498,
    "Minute_5_Fluctuation":  0.0015779375435613519,
    "Minute_10":  0.00000000000702965614644017,
    "Minute_10_Fluctuation":  0.013151166137160494,
    "Hour":  0.0000000000070781408845899,
    "Hour_Fluctuation":  0.039513977289777014,
    "Day":  0.00000000000677297742660752,
    "Day_Fluctuation":  0.062793985546753389,
    "ThreeDay":  0.00000000000664497068455338,
    "ThreeDay_Fluctuation":  0.090104902848928872,
    "Week":  0.00000000000689201595295431,
    "Week_Fluctuation":  0.12079988855579932,
    "Duration":  "13.00:53:57.6510995",
    "Updated":  "\/Date(1581737996916)\/",
    "Failed":  0,
    "HashRate_Live":  0,
    "HashRate_Average":  0,
    "BlockRate_Live":  0,
    "BlockRate_Average":  0,
    "Actual24h_Week":  0,
    "Estimate24h_Week":  0,
    "ErrorRatio":  1
}
