{
    "Live":  0.00000000003188,
    "Minute":  0.00000000003188,
    "Minute_Fluctuation":  0,
    "Minute_5":  0.00000000003188,
    "Minute_5_Fluctuation":  2.1445230722397227E-146,
    "Minute_10":  0.00000000003188,
    "Minute_10_Fluctuation":  2.0707884011336932E-58,
    "Hour":  0.000000000031879999999947,
    "Hour_Fluctuation":  3.4785567841299639E-11,
    "Day":  0.0000000000318804038763736,
    "Day_Fluctuation":  0.00011969466910496601,
    "ThreeDay":  0.0000000000318831028797091,
    "ThreeDay_Fluctuation":  0.0003974119457638859,
    "Week":  0.0000000000318816857090909,
    "Week_Fluctuation":  0.00037573766719396084,
    "Duration":  "13.00:57:48.6605101",
    "Updated":  "\/Date(1581737997085)\/",
    "Failed":  0,
    "HashRate_Live":  0,
    "HashRate_Average":  0,
    "BlockRate_Live":  0,
    "BlockRate_Average":  0,
    "Actual24h_Week":  0,
    "Estimate24h_Week":  0,
    "ErrorRatio":  1
}
