{
    "Live":  0.00000000000463,
    "Minute":  0.00000000000463,
    "Minute_Fluctuation":  0,
    "Minute_5":  0.00000000000462932951765636,
    "Minute_5_Fluctuation":  0.0009906686719795344,
    "Minute_10":  0.00000000000463003549838633,
    "Minute_10_Fluctuation":  0.0051223802480554106,
    "Hour":  0.00000000000481454772199871,
    "Hour_Fluctuation":  0.045709719916295063,
    "Day":  0.00000000000476953109375681,
    "Day_Fluctuation":  0.040363646473163574,
    "ThreeDay":  0.00000000000481729428589383,
    "ThreeDay_Fluctuation":  0.062527313999860751,
    "Week":  0.000000000004882506965236,
    "Week_Fluctuation":  0.070461071004179684,
    "Duration":  "12.08:37:28.3235285",
    "Updated":  "\/Date(1581737997660)\/",
    "Failed":  0,
    "HashRate_Live":  0,
    "HashRate_Average":  0,
    "BlockRate_Live":  0,
    "BlockRate_Average":  0,
    "Actual24h_Week":  0,
    "Estimate24h_Week":  0,
    "ErrorRatio":  1
}
