{
    "Live":  0.00002687,
    "Minute":  0.00002687,
    "Minute_Fluctuation":  0,
    "Minute_5":  0.0000268700000285452,
    "Minute_5_Fluctuation":  2.7568696419954163E-08,
    "Minute_10":  0.0000268705595846244,
    "Minute_10_Fluctuation":  0.0001616168593053066,
    "Hour":  0.0000270286165814235,
    "Hour_Fluctuation":  0.0059313322174795935,
    "Day":  0.0000272611970986912,
    "Day_Fluctuation":  0.053994260638520628,
    "ThreeDay":  0.0000305513878219557,
    "ThreeDay_Fluctuation":  0.14579053346090057,
    "Week":  0.0000313973855293856,
    "Week_Fluctuation":  0.14742373566924005,
    "Duration":  "5.06:18:26.0294676",
    "Updated":  "\/Date(1581737996506)\/",
    "Failed":  0,
    "HashRate_Live":  0,
    "HashRate_Average":  0,
    "BlockRate_Live":  0,
    "BlockRate_Average":  0,
    "Actual24h_Week":  0,
    "Estimate24h_Week":  0,
    "ErrorRatio":  1
}
