{
    "Live":  0.00000000003896,
    "Minute":  0.00000000003896,
    "Minute_Fluctuation":  0,
    "Minute_5":  0.0000000000389505554844648,
    "Minute_5_Fluctuation":  0.0017639273464752057,
    "Minute_10":  0.0000000000386015722042861,
    "Minute_10_Fluctuation":  0.039914663208875281,
    "Hour":  0.0000000000322178359252338,
    "Hour_Fluctuation":  0.16198284202860613,
    "Day":  0.000000000026441929712318,
    "Day_Fluctuation":  0.064781614242853586,
    "ThreeDay":  0.0000000000272677525590176,
    "ThreeDay_Fluctuation":  0.11278630107861097,
    "Week":  0.000000000028892495440495,
    "Week_Fluctuation":  0.15509088824276107,
    "Duration":  "13.01:07:11.2586964",
    "Updated":  "\/Date(1581737997933)\/",
    "Failed":  0,
    "HashRate_Live":  0,
    "HashRate_Average":  0,
    "BlockRate_Live":  0,
    "BlockRate_Average":  0,
    "Actual24h_Week":  0,
    "Estimate24h_Week":  0,
    "ErrorRatio":  1
}
