{
    "Live":  0.00000000126333,
    "Minute":  0.00000000126333,
    "Minute_Fluctuation":  0,
    "Minute_5":  0.000000001263329615814,
    "Minute_5_Fluctuation":  4.3351922302873513E-06,
    "Minute_10":  0.00000000126317257237323,
    "Minute_10_Fluctuation":  0.000701933991689185,
    "Hour":  0.00000000124608833706423,
    "Hour_Fluctuation":  0.012837191907078103,
    "Day":  0.00000000121936131016964,
    "Day_Fluctuation":  0.012364250804189479,
    "ThreeDay":  0.00000000121482311742445,
    "ThreeDay_Fluctuation":  0.031712805516585826,
    "Week":  0.00000000118599484420011,
    "Week_Fluctuation":  0.061321080222844021,
    "Duration":  "16.13:02:38.7031017",
    "Updated":  "\/Date(1581737995756)\/",
    "Failed":  0,
    "HashRate_Live":  0,
    "HashRate_Average":  0,
    "BlockRate_Live":  0,
    "BlockRate_Average":  0,
    "Actual24h_Week":  0,
    "Estimate24h_Week":  0,
    "ErrorRatio":  1
}
