{
    "Live":  0.00000000005555,
    "Minute":  0.00000000005555,
    "Minute_Fluctuation":  0,
    "Minute_5":  0.00000000005555,
    "Minute_5_Fluctuation":  8.0099888145708039E-23,
    "Minute_10":  0.00000000005555,
    "Minute_10_Fluctuation":  1.1633390703097259E-16,
    "Hour":  0.00000000005555,
    "Hour_Fluctuation":  1.1633390703097246E-16,
    "Day":  0.00000000005555,
    "Day_Fluctuation":  1.1633390221320868E-16,
    "ThreeDay":  0.00000000005555,
    "ThreeDay_Fluctuation":  1.1632777080312634E-16,
    "Week":  0.00000000005555,
    "Week_Fluctuation":  1.1630620162178039E-16,
    "Duration":  "12.08:37:28.3235285",
    "Updated":  "\/Date(1581737997183)\/",
    "Failed":  0,
    "HashRate_Live":  0,
    "HashRate_Average":  0,
    "BlockRate_Live":  0,
    "BlockRate_Average":  0,
    "Actual24h_Week":  0,
    "Estimate24h_Week":  0,
    "ErrorRatio":  1
}
