{
    "Live":  0.00002495,
    "Minute":  0.00002495,
    "Minute_Fluctuation":  0,
    "Minute_5":  0.000024928818868545,
    "Minute_5_Fluctuation":  0.0056899041367019145,
    "Minute_10":  0.0000245921008736254,
    "Minute_10_Fluctuation":  0.041559706700979082,
    "Hour":  0.0000211590739093056,
    "Hour_Fluctuation":  0.10585784242969036,
    "Day":  0.0000182160573508902,
    "Day_Fluctuation":  0.068815293576923689,
    "ThreeDay":  0.0000186018752982261,
    "ThreeDay_Fluctuation":  0.087018650868289013,
    "Week":  0.0000191231079339113,
    "Week_Fluctuation":  0.09435001776566819,
    "Duration":  "11.11:49:58.1210277",
    "Updated":  "\/Date(1581737996606)\/",
    "Failed":  0,
    "HashRate_Live":  0,
    "HashRate_Average":  0,
    "BlockRate_Live":  0,
    "BlockRate_Average":  0,
    "Actual24h_Week":  0,
    "Estimate24h_Week":  0,
    "ErrorRatio":  1
}
