{
    "Live":  0.00000000001085,
    "Minute":  0.00000000001085,
    "Minute_Fluctuation":  0,
    "Minute_5":  0.0000000000108478236679472,
    "Minute_5_Fluctuation":  0.0013424868847617217,
    "Minute_10":  0.0000000000108052370162241,
    "Minute_10_Fluctuation":  0.013333336217398278,
    "Hour":  0.0000000000104063712672201,
    "Hour_Fluctuation":  0.035149733854524141,
    "Day":  0.0000000000103476579121734,
    "Day_Fluctuation":  0.04262814600207411,
    "ThreeDay":  0.0000000000104548043047839,
    "ThreeDay_Fluctuation":  0.053141807328121696,
    "Week":  0.0000000000106465311823421,
    "Week_Fluctuation":  0.040432229045661107,
    "Duration":  "12.08:37:28.3235285",
    "Updated":  "\/Date(1581737997263)\/",
    "Failed":  0,
    "HashRate_Live":  0,
    "HashRate_Average":  0,
    "BlockRate_Live":  0,
    "BlockRate_Average":  0,
    "Actual24h_Week":  0,
    "Estimate24h_Week":  0,
    "ErrorRatio":  1
}
