{
    "Live":  0.0000000725,
    "Minute":  0.0000000725,
    "Minute_Fluctuation":  0,
    "Minute_5":  0.0000000724894814374538,
    "Minute_5_Fluctuation":  0.00095408220763371521,
    "Minute_10":  0.0000000724049078011088,
    "Minute_10_Fluctuation":  0.0045219525127527674,
    "Hour":  0.0000000729424310343014,
    "Hour_Fluctuation":  0.017696192514839552,
    "Day":  0.0000000679489512881718,
    "Day_Fluctuation":  0.086077019557263115,
    "ThreeDay":  0.0000000727987375365735,
    "ThreeDay_Fluctuation":  0.12267888719099253,
    "Week":  0.0000000803563629211253,
    "Week_Fluctuation":  0.11837688145323765,
    "Duration":  "14.10:38:54.7080202",
    "Updated":  "\/Date(1581737996333)\/",
    "Failed":  0,
    "HashRate_Live":  0,
    "HashRate_Average":  0,
    "BlockRate_Live":  0,
    "BlockRate_Average":  0,
    "Actual24h_Week":  0,
    "Estimate24h_Week":  0,
    "ErrorRatio":  1
}
