{
    "Live":  0.00000007639,
    "Minute":  0.00000007639,
    "Minute_Fluctuation":  0,
    "Minute_5":  0.0000000764175163612122,
    "Minute_5_Fluctuation":  0.0025257704776097617,
    "Minute_10":  0.0000000774306647945066,
    "Minute_10_Fluctuation":  0.047233124514234677,
    "Hour":  0.0000000922431470667214,
    "Hour_Fluctuation":  0.13093932281972145,
    "Day":  0.0000000917817023814443,
    "Day_Fluctuation":  0.11349896353634238,
    "ThreeDay":  0.0000000871108969004098,
    "ThreeDay_Fluctuation":  0.12458967337344261,
    "Week":  0.0000000839468091522458,
    "Week_Fluctuation":  0.11495051898018835,
    "Duration":  "13.15:42:41.1540088",
    "Updated":  "\/Date(1581737996194)\/",
    "Failed":  0,
    "HashRate_Live":  0,
    "HashRate_Average":  0,
    "BlockRate_Live":  0,
    "BlockRate_Average":  0,
    "Actual24h_Week":  0,
    "Estimate24h_Week":  0,
    "ErrorRatio":  1
}
