{
    "Live":  0.00000000000256,
    "Minute":  0.00000000000256,
    "Minute_Fluctuation":  0,
    "Minute_5":  0.00000000000255987933912505,
    "Minute_5_Fluctuation":  0.00031303689884145563,
    "Minute_10":  0.00000000000255751788151011,
    "Minute_10_Fluctuation":  0.0029762506279159212,
    "Hour":  0.00000000000252481023664211,
    "Hour_Fluctuation":  0.0075123255815316746,
    "Day":  0.00000000000250131142494253,
    "Day_Fluctuation":  0.00051882306170155333,
    "ThreeDay":  0.00000000000250044027793124,
    "ThreeDay_Fluctuation":  0.00017546666229180803,
    "Week":  0.00000000000250018907682402,
    "Week_Fluctuation":  7.5512035190701215E-05,
    "Duration":  "13.16:45:32.1391352",
    "Updated":  "\/Date(1581737996878)\/",
    "Failed":  0,
    "HashRate_Live":  0,
    "HashRate_Average":  0,
    "BlockRate_Live":  0,
    "BlockRate_Average":  0,
    "Actual24h_Week":  0,
    "Estimate24h_Week":  0,
    "ErrorRatio":  1
}
