{
    "Live":  0.0000000546065,
    "Minute":  0.0000000546065,
    "Minute_Fluctuation":  0,
    "Minute_5":  0.0000000546035676470177,
    "Minute_5_Fluctuation":  0.00034552777028427862,
    "Minute_10":  0.0000000545684312616785,
    "Minute_10_Fluctuation":  0.0016024090964055747,
    "Hour":  0.0000000547210383410391,
    "Hour_Fluctuation":  0.0045234095808168841,
    "Day":  0.0000000560711182588776,
    "Day_Fluctuation":  0.034361324353886932,
    "ThreeDay":  0.0000000582780491359606,
    "ThreeDay_Fluctuation":  0.090866396368915844,
    "Week":  0.0000000613800730504022,
    "Week_Fluctuation":  0.13223441931326316,
    "Duration":  "13.01:10:34.4462815",
    "Updated":  "\/Date(1581737998018)\/",
    "Failed":  0,
    "HashRate_Live":  0,
    "HashRate_Average":  0,
    "BlockRate_Live":  0,
    "BlockRate_Average":  0,
    "Actual24h_Week":  0,
    "Estimate24h_Week":  0,
    "ErrorRatio":  1
}
