{
    "Live":  0.00000000000617,
    "Minute":  0.00000000000617,
    "Minute_Fluctuation":  0,
    "Minute_5":  0.00000000000616997748154027,
    "Minute_5_Fluctuation":  5.21791943040016E-05,
    "Minute_10":  0.00000000000616417346879129,
    "Minute_10_Fluctuation":  0.0047042999931295884,
    "Hour":  0.0000000000061130930429731,
    "Hour_Fluctuation":  0.013644164217180423,
    "Day":  0.00000000000605060305827448,
    "Day_Fluctuation":  0.039591865153232687,
    "ThreeDay":  0.00000000000619440880179054,
    "ThreeDay_Fluctuation":  0.068141307924298372,
    "Week":  0.00000000000660195009278165,
    "Week_Fluctuation":  0.092534973505209311,
    "Duration":  "12.08:37:28.3235285",
    "Updated":  "\/Date(1581737997812)\/",
    "Failed":  0,
    "HashRate_Live":  0,
    "HashRate_Average":  0,
    "BlockRate_Live":  0,
    "BlockRate_Average":  0,
    "Actual24h_Week":  0,
    "Estimate24h_Week":  0,
    "ErrorRatio":  1
}
