{
    "Live":  0.00000000000419,
    "Minute":  0.00000000000419,
    "Minute_Fluctuation":  0,
    "Minute_5":  0.00000000000419117247358334,
    "Minute_5_Fluctuation":  0.0017870355270254144,
    "Minute_10":  0.00000000000420546749827026,
    "Minute_10_Fluctuation":  0.0081303673038865161,
    "Hour":  0.00000000000427586923665015,
    "Hour_Fluctuation":  0.027830044256102613,
    "Day":  0.0000000000044376350663656,
    "Day_Fluctuation":  0.064367209298017175,
    "ThreeDay":  0.0000000000046062923593127,
    "ThreeDay_Fluctuation":  0.0714400244151377,
    "Week":  0.00000000000465112460254718,
    "Week_Fluctuation":  0.0648177792098098,
    "Duration":  "12.08:37:28.3235285",
    "Updated":  "\/Date(1581737997433)\/",
    "Failed":  0,
    "HashRate_Live":  0,
    "HashRate_Average":  0,
    "BlockRate_Live":  0,
    "BlockRate_Average":  0,
    "Actual24h_Week":  0,
    "Estimate24h_Week":  0,
    "ErrorRatio":  1
}
