{
    "Live":  0.00000008472,
    "Minute":  0.00000008472,
    "Minute_Fluctuation":  0,
    "Minute_5":  0.0000000847193901587372,
    "Minute_5_Fluctuation":  0.00010365308111925567,
    "Minute_10":  0.0000000845591445550338,
    "Minute_10_Fluctuation":  0.0095362623361027014,
    "Hour":  0.0000000831959907441398,
    "Hour_Fluctuation":  0.030678601969733071,
    "Day":  0.0000000770722405355965,
    "Day_Fluctuation":  0.088939624858831473,
    "ThreeDay":  0.0000000727395560810211,
    "ThreeDay_Fluctuation":  0.10446931048433074,
    "Week":  0.0000000718225752850757,
    "Week_Fluctuation":  0.0950987489572308,
    "Duration":  "13.06:44:43.1800563",
    "Updated":  "\/Date(1581737996124)\/",
    "Failed":  0,
    "HashRate_Live":  0,
    "HashRate_Average":  0,
    "BlockRate_Live":  0,
    "BlockRate_Average":  0,
    "Actual24h_Week":  0,
    "Estimate24h_Week":  0,
    "ErrorRatio":  1
}
