{
    "Live":  0.00000000000198,
    "Minute":  0.00000000000198,
    "Minute_Fluctuation":  0,
    "Minute_5":  0.00000000000197989803662761,
    "Minute_5_Fluctuation":  0.00039056928085622657,
    "Minute_10":  0.00000000000198288887611079,
    "Minute_10_Fluctuation":  0.0085725578876928964,
    "Hour":  0.00000000000212078197137062,
    "Hour_Fluctuation":  0.056440274699611485,
    "Day":  0.00000000000216714901253651,
    "Day_Fluctuation":  0.0495015297958093,
    "ThreeDay":  0.00000000000222130377197897,
    "ThreeDay_Fluctuation":  0.064208588076348064,
    "Week":  0.00000000000232926576410947,
    "Week_Fluctuation":  0.084535073573458741,
    "Duration":  "14.10:58:04.8297279",
    "Updated":  "\/Date(1581737997399)\/",
    "Failed":  0,
    "HashRate_Live":  0,
    "HashRate_Average":  0,
    "BlockRate_Live":  0,
    "BlockRate_Average":  0,
    "Actual24h_Week":  0,
    "Estimate24h_Week":  0,
    "ErrorRatio":  1
}
