{
    "Live":  0.0000000126879,
    "Minute":  0.0000000126879,
    "Minute_Fluctuation":  0,
    "Minute_5":  0.0000000126879000269955,
    "Minute_5_Fluctuation":  5.5801122255929745E-08,
    "Minute_10":  0.0000000126882698530025,
    "Minute_10_Fluctuation":  0.00024516136839599452,
    "Hour":  0.0000000127111797632708,
    "Hour_Fluctuation":  0.00355909499372246,
    "Day":  0.0000000128696773583165,
    "Day_Fluctuation":  0.029571412371704128,
    "ThreeDay":  0.0000000132032276550607,
    "ThreeDay_Fluctuation":  0.0792138883848935,
    "Week":  0.0000000139159161617078,
    "Week_Fluctuation":  0.13633664658550618,
    "Duration":  "13.01:13:32.6854302",
    "Updated":  "\/Date(1581737998083)\/",
    "Failed":  0,
    "HashRate_Live":  0,
    "HashRate_Average":  0,
    "BlockRate_Live":  0,
    "BlockRate_Average":  0,
    "Actual24h_Week":  0,
    "Estimate24h_Week":  0,
    "ErrorRatio":  1
}
