{
    "Live":  0.0000041213,
    "Minute":  0.0000041213,
    "Minute_Fluctuation":  0,
    "Minute_5":  0.0000041212999424963,
    "Minute_5_Fluctuation":  3.4548435498011565E-07,
    "Minute_10":  0.00000412086270013875,
    "Minute_10_Fluctuation":  0.00084183655053699858,
    "Hour":  0.0000040142160936067,
    "Hour_Fluctuation":  0.033480526136907628,
    "Day":  0.0000037540623584055,
    "Day_Fluctuation":  0.079588683750234021,
    "ThreeDay":  0.00000382430125399112,
    "ThreeDay_Fluctuation":  0.080398666836755769,
    "Week":  0.00000388109024348567,
    "Week_Fluctuation":  0.0737770281435092,
    "Duration":  "13.03:55:17.1104431",
    "Updated":  "\/Date(1581737996718)\/",
    "Failed":  0,
    "HashRate_Live":  0,
    "HashRate_Average":  0,
    "BlockRate_Live":  0,
    "BlockRate_Average":  0,
    "Actual24h_Week":  0,
    "Estimate24h_Week":  0,
    "ErrorRatio":  1
}
