{
    "Live":  0.00002367,
    "Minute":  0.00002367,
    "Minute_Fluctuation":  0,
    "Minute_5":  0.0000236696431943587,
    "Minute_5_Fluctuation":  0.00022131632556839881,
    "Minute_10":  0.0000235759844442146,
    "Minute_10_Fluctuation":  0.020758009006806279,
    "Hour":  0.0000227296371030059,
    "Hour_Fluctuation":  0.062867946462327115,
    "Day":  0.00002007246555227,
    "Day_Fluctuation":  0.17061476771093212,
    "ThreeDay":  0.0000194251183378926,
    "ThreeDay_Fluctuation":  0.18535960262712559,
    "Week":  0.0000190090140267672,
    "Week_Fluctuation":  0.17136567881049741,
    "Duration":  "11.15:16:55.7317728",
    "Updated":  "\/Date(1581737996645)\/",
    "Failed":  0,
    "HashRate_Live":  0,
    "HashRate_Average":  0,
    "BlockRate_Live":  0,
    "BlockRate_Average":  0,
    "Actual24h_Week":  0,
    "Estimate24h_Week":  0,
    "ErrorRatio":  1
}
