{
    "Live":  0.00000002922,
    "Minute":  0.00000002922,
    "Minute_Fluctuation":  0,
    "Minute_5":  0.0000000292246000370293,
    "Minute_5_Fluctuation":  0.0011007106817964357,
    "Minute_10":  0.0000000293693855044591,
    "Minute_10_Fluctuation":  0.019189644348257717,
    "Hour":  0.0000000294751646101536,
    "Hour_Fluctuation":  0.053319363861744594,
    "Day":  0.000000032543394832801,
    "Day_Fluctuation":  0.1204470422152905,
    "ThreeDay":  0.0000000341444589356009,
    "ThreeDay_Fluctuation":  0.12032648438825784,
    "Week":  0.0000000363019777671283,
    "Week_Fluctuation":  0.15360236283551681,
    "Duration":  "12.08:37:28.3235285",
    "Updated":  "\/Date(1581737998115)\/",
    "Failed":  0,
    "HashRate_Live":  0,
    "HashRate_Average":  0,
    "BlockRate_Live":  0,
    "BlockRate_Average":  0,
    "Actual24h_Week":  0,
    "Estimate24h_Week":  0,
    "ErrorRatio":  1
}
