{
    "Live":  0.00003088,
    "Minute":  0.00003088,
    "Minute_Fluctuation":  0,
    "Minute_5":  0.0000308647082601869,
    "Minute_5_Fluctuation":  0.0034415502235318851,
    "Minute_10":  0.0000304942658404081,
    "Minute_10_Fluctuation":  0.04959589428502835,
    "Hour":  0.0000271751545908428,
    "Hour_Fluctuation":  0.13893385097948319,
    "Day":  0.0000220636921098943,
    "Day_Fluctuation":  0.20010295748584242,
    "ThreeDay":  0.0000211207957708292,
    "ThreeDay_Fluctuation":  0.17426732034517978,
    "Week":  0.0000210660016080794,
    "Week_Fluctuation":  0.15951593773212178,
    "Duration":  "12.01:51:20.2527621",
    "Updated":  "\/Date(1581737996538)\/",
    "Failed":  0,
    "HashRate_Live":  0,
    "HashRate_Average":  0,
    "BlockRate_Live":  0,
    "BlockRate_Average":  0,
    "Actual24h_Week":  0,
    "Estimate24h_Week":  0,
    "ErrorRatio":  1
}
