{
    "Live":  0.00000003009,
    "Minute":  0.00000003009,
    "Minute_Fluctuation":  0.0079129574678536378,
    "Minute_5":  0.0000000301771286540388,
    "Minute_5_Fluctuation":  0.0050589077727252758,
    "Minute_10":  0.0000000301949700625139,
    "Minute_10_Fluctuation":  0.0044696543096006645,
    "Hour":  0.0000000302074007677718,
    "Hour_Fluctuation":  0.0040582409683448178,
    "Day":  0.0000000302037779543239,
    "Day_Fluctuation":  0.0039488552893993866,
    "ThreeDay":  0.0000000301830796511404,
    "ThreeDay_Fluctuation":  0.0053850702412176887,
    "Week":  0.0000000297947611925827,
    "Week_Fluctuation":  0.035172603770281946,
    "Duration":  "26.12:47:42.3579214",
    "Updated":  "\/Date(1581737996265)\/",
    "Failed":  0,
    "HashRate_Live":  0,
    "HashRate_Average":  0,
    "BlockRate_Live":  0,
    "BlockRate_Average":  0,
    "Actual24h_Week":  0,
    "Estimate24h_Week":  0,
    "ErrorRatio":  1
}
