{
    "Live":  0.00000000000333,
    "Minute":  0.00000000000333,
    "Minute_Fluctuation":  0,
    "Minute_5":  0.00000000000333,
    "Minute_5_Fluctuation":  8.3512552299063086E-23,
    "Minute_10":  0.00000000000333,
    "Minute_10_Fluctuation":  1.212903253673147E-16,
    "Hour":  0.00000000000333,
    "Hour_Fluctuation":  1.2129032536731458E-16,
    "Day":  0.00000000000333,
    "Day_Fluctuation":  1.2129032083012736E-16,
    "ThreeDay":  0.00000000000333,
    "ThreeDay_Fluctuation":  1.2128123841665287E-16,
    "Week":  0.00000000000333,
    "Week_Fluctuation":  1.2124363788408132E-16,
    "Duration":  "13.00:53:57.6510995",
    "Updated":  "\/Date(1581737996849)\/",
    "Failed":  0,
    "HashRate_Live":  0,
    "HashRate_Average":  0,
    "BlockRate_Live":  0,
    "BlockRate_Average":  0,
    "Actual24h_Week":  0,
    "Estimate24h_Week":  0,
    "ErrorRatio":  1
}
