{
    "Live":  0.00000340853,
    "Minute":  0.00000340853,
    "Minute_Fluctuation":  0,
    "Minute_5":  0.00000340852383471919,
    "Minute_5_Fluctuation":  2.5767093939432021E-05,
    "Minute_10":  0.00000340653290598343,
    "Minute_10_Fluctuation":  0.0029800298650639596,
    "Hour":  0.00000327933099617003,
    "Hour_Fluctuation":  0.034327576884181796,
    "Day":  0.0000030512349463567,
    "Day_Fluctuation":  0.014047785767892024,
    "ThreeDay":  0.00000303159890566842,
    "ThreeDay_Fluctuation":  0.018966808892860437,
    "Week":  0.00000306129674463178,
    "Week_Fluctuation":  0.037300942654500527,
    "Duration":  "13.00:53:57.6510995",
    "Updated":  "\/Date(1581737996814)\/",
    "Failed":  0,
    "HashRate_Live":  0,
    "HashRate_Average":  0,
    "BlockRate_Live":  0,
    "BlockRate_Average":  0,
    "Actual24h_Week":  0,
    "Estimate24h_Week":  0,
    "ErrorRatio":  1
}
