{
    "Live":  0.00000326266,
    "Minute":  0.00000326266,
    "Minute_Fluctuation":  0,
    "Minute_5":  0.0000032632805929532,
    "Minute_5_Fluctuation":  0.0013380409262820918,
    "Minute_10":  0.00000328552186840444,
    "Minute_10_Fluctuation":  0.025233385060170182,
    "Hour":  0.0000036503236280017,
    "Hour_Fluctuation":  0.073870791242539383,
    "Day":  0.00000400186253882803,
    "Day_Fluctuation":  0.07448116074035252,
    "ThreeDay":  0.00000401128945100169,
    "ThreeDay_Fluctuation":  0.060247734604101377,
    "Week":  0.00000403460687034537,
    "Week_Fluctuation":  0.052478168753620026,
    "Duration":  "13.03:55:15.9893191",
    "Updated":  "\/Date(1581737996780)\/",
    "Failed":  0,
    "HashRate_Live":  0,
    "HashRate_Average":  0,
    "BlockRate_Live":  0,
    "BlockRate_Average":  0,
    "Actual24h_Week":  0,
    "Estimate24h_Week":  0,
    "ErrorRatio":  1
}
