{
    "Live":  0.0000000045,
    "Minute":  0.0000000045,
    "Minute_Fluctuation":  0,
    "Minute_5":  0.00000000449490242969868,
    "Minute_5_Fluctuation":  0.0076242912128255211,
    "Minute_10":  0.00000000441840212163331,
    "Minute_10_Fluctuation":  0.051491387370554059,
    "Hour":  0.0000000036333420069943,
    "Hour_Fluctuation":  0.15898270102129913,
    "Day":  0.00000000329286598912969,
    "Day_Fluctuation":  0.19858147350077454,
    "ThreeDay":  0.00000000366967179130091,
    "ThreeDay_Fluctuation":  0.249432738136281,
    "Week":  0.00000000381907087876595,
    "Week_Fluctuation":  0.23798493047448974,
    "Duration":  "6.19:23:40.8673980",
    "Updated":  "\/Date(1581737995989)\/",
    "Failed":  0,
    "HashRate_Live":  0,
    "HashRate_Average":  0,
    "BlockRate_Live":  0,
    "BlockRate_Average":  0,
    "Actual24h_Week":  0,
    "Estimate24h_Week":  0,
    "ErrorRatio":  1
}
