{
    "Live":  0.00000000000598,
    "Minute":  0.00000000000598,
    "Minute_Fluctuation":  0,
    "Minute_5":  0.00000000000597833645814817,
    "Minute_5_Fluctuation":  0.0018277661689189092,
    "Minute_10":  0.00000000000595252044303487,
    "Minute_10_Fluctuation":  0.012547065260830076,
    "Hour":  0.00000000000577842296174376,
    "Hour_Fluctuation":  0.031670281433061886,
    "Day":  0.00000000000532765869933384,
    "Day_Fluctuation":  0.081175285194211785,
    "ThreeDay":  0.00000000000523923435262433,
    "ThreeDay_Fluctuation":  0.10517113043284673,
    "Week":  0.00000000000542570524493123,
    "Week_Fluctuation":  0.10437719307947203,
    "Duration":  "12.08:37:28.3235285",
    "Updated":  "\/Date(1581737997767)\/",
    "Failed":  0,
    "HashRate_Live":  0,
    "HashRate_Average":  0,
    "BlockRate_Live":  0,
    "BlockRate_Average":  0,
    "Actual24h_Week":  0,
    "Estimate24h_Week":  0,
    "ErrorRatio":  1
}
