{
    "Live":  0.0000000289920835127885,
    "Minute":  0.0000000289920835127885,
    "Minute_Fluctuation":  0.0062533372869013181,
    "Minute_5":  0.0000000291592584912171,
    "Minute_5_Fluctuation":  0.010076434144231802,
    "Minute_10":  0.0000000296738957823071,
    "Minute_10_Fluctuation":  0.048949355680739208,
    "Hour":  0.0000000356836819372876,
    "Hour_Fluctuation":  0.11536410609179146,
    "Day":  0.0000000375631969127707,
    "Day_Fluctuation":  0.093371550617997373,
    "ThreeDay":  0.0000000356322929933771,
    "ThreeDay_Fluctuation":  0.11503614822104424,
    "Week":  0.0000000339032491528334,
    "Week_Fluctuation":  0.11752915216355826,
    "Duration":  "12.21:13:27.8809288",
    "Updated":  "\/Date(1581923095629)\/",
    "Failed":  0,
    "HashRate_Live":  761998,
    "HashRate_Average":  633748.54933850362,
    "BlockRate_Live":  0,
    "BlockRate_Average":  0,
    "Actual24h_Week":  0,
    "Estimate24h_Week":  0,
    "ErrorRatio":  1
}
