{
    "Live":  0.00000000880989748610748,
    "Minute":  0.00000000880989748610748,
    "Minute_Fluctuation":  0.0052335239214035987,
    "Minute_5":  0.00000000885800884304561,
    "Minute_5_Fluctuation":  0.00355178145018219,
    "Minute_10":  0.00000000888369107747782,
    "Minute_10_Fluctuation":  0.0051945834941718944,
    "Hour":  0.00000000896157511303476,
    "Hour_Fluctuation":  0.0070379883721611086,
    "Day":  0.00000000908675790539844,
    "Day_Fluctuation":  0.019798498795618631,
    "ThreeDay":  0.00000000914266176288486,
    "ThreeDay_Fluctuation":  0.029525528688487523,
    "Week":  0.00000000901082265579541,
    "Week_Fluctuation":  0.039593064076815829,
    "Duration":  "12.21:13:27.8809288",
    "Updated":  "\/Date(1581923095455)\/",
    "Failed":  0,
    "HashRate_Live":  20073599,
    "HashRate_Average":  20170031.825977605,
    "BlockRate_Live":  0,
    "BlockRate_Average":  0,
    "Actual24h_Week":  0,
    "Estimate24h_Week":  0,
    "ErrorRatio":  1
}
