{
    "Live":  0.0000000251646582327777,
    "Minute":  0.0000000251646582327777,
    "Minute_Fluctuation":  0.0062533372869010874,
    "Minute_5":  0.0000000256955038618399,
    "Minute_5_Fluctuation":  0.027790047021794891,
    "Minute_10":  0.000000026298975492192,
    "Minute_10_Fluctuation":  0.041168032066439632,
    "Hour":  0.0000000278123858194679,
    "Hour_Fluctuation":  0.052843334123126008,
    "Day":  0.0000000296343402140533,
    "Day_Fluctuation":  0.091557620763334138,
    "ThreeDay":  0.0000000297462173213598,
    "ThreeDay_Fluctuation":  0.098730305981870228,
    "Week":  0.0000000297773919418724,
    "Week_Fluctuation":  0.10553614931533417,
    "Duration":  "12.18:13:20.7777955",
    "Updated":  "\/Date(1581923095589)\/",
    "Failed":  0,
    "HashRate_Live":  22476,
    "HashRate_Average":  134086.95117184089,
    "BlockRate_Live":  0,
    "BlockRate_Average":  0,
    "Actual24h_Week":  0,
    "Estimate24h_Week":  0,
    "ErrorRatio":  1
}
