{
    "Live":  0.0000000251377540320813,
    "Minute":  0.0000000251377540320813,
    "Minute_Fluctuation":  0.006253337286902326,
    "Minute_5":  0.0000000249151253823609,
    "Minute_5_Fluctuation":  0.066784070719509092,
    "Minute_10":  0.0000000234742058191427,
    "Minute_10_Fluctuation":  0.11969776484928037,
    "Hour":  0.0000000234979226067251,
    "Hour_Fluctuation":  0.17869547722010037,
    "Day":  0.0000000317108339920557,
    "Day_Fluctuation":  0.13476654691213735,
    "ThreeDay":  0.0000000317978509246346,
    "ThreeDay_Fluctuation":  0.13142493535587702,
    "Week":  0.000000031742252520821,
    "Week_Fluctuation":  0.12975761283973053,
    "Duration":  "12.21:13:27.8809288",
    "Updated":  "\/Date(1581923095484)\/",
    "Failed":  0,
    "HashRate_Live":  35436,
    "HashRate_Average":  34375.26790934294,
    "BlockRate_Live":  0,
    "BlockRate_Average":  0,
    "Actual24h_Week":  0,
    "Estimate24h_Week":  0,
    "ErrorRatio":  1
}
