{
    "Live":  0.00000000127348097722615,
    "Minute":  0.00000000127348097722615,
    "Minute_Fluctuation":  0.0062533372869039176,
    "Minute_5":  0.00000000129115423291529,
    "Minute_5_Fluctuation":  0.01648810449950984,
    "Minute_10":  0.00000000130340003706591,
    "Minute_10_Fluctuation":  0.021610597873148528,
    "Hour":  0.00000000131842001738071,
    "Hour_Fluctuation":  0.041875818755243946,
    "Day":  0.00000000144072794510906,
    "Day_Fluctuation":  0.061471367128088261,
    "ThreeDay":  0.00000000144361001630707,
    "ThreeDay_Fluctuation":  0.069563795689787142,
    "Week":  0.00000000141802926524957,
    "Week_Fluctuation":  0.079657371902906282,
    "Duration":  "12.21:13:27.8809288",
    "Updated":  "\/Date(1581923095817)\/",
    "Failed":  0,
    "HashRate_Live":  1235769,
    "HashRate_Average":  1269950.0294718004,
    "BlockRate_Live":  0,
    "BlockRate_Average":  0,
    "Actual24h_Week":  0,
    "Estimate24h_Week":  0,
    "ErrorRatio":  1
}
