{
    "Live":  0.00000000714887600793738,
    "Minute":  0.00000000714887600793738,
    "Minute_Fluctuation":  0,
    "Minute_5":  0.00000000705008194777905,
    "Minute_5_Fluctuation":  0.035803812049740036,
    "Minute_10":  0.00000000681790206845221,
    "Minute_10_Fluctuation":  0.069811473562789064,
    "Hour":  0.00000000644036543698542,
    "Hour_Fluctuation":  0.092644431790901122,
    "Day":  0.00000000822507706907095,
    "Day_Fluctuation":  0.18330661218662384,
    "ThreeDay":  0.00000000881911608248043,
    "ThreeDay_Fluctuation":  0.19907981811706069,
    "Week":  0.0000000092720210957587,
    "Week_Fluctuation":  0.19694449353694213,
    "Duration":  "14.07:36:45.8530994",
    "Updated":  "\/Date(1581922718008)\/",
    "Failed":  0,
    "HashRate_Live":  0,
    "HashRate_Average":  4139.4155509137236,
    "BlockRate_Live":  0,
    "BlockRate_Average":  0,
    "Actual24h_Week":  0,
    "Estimate24h_Week":  0,
    "ErrorRatio":  1
}
