{
    "Live":  0.000000000805959341635376,
    "Minute":  0.000000000805959341635376,
    "Minute_Fluctuation":  0.030565182246244486,
    "Minute_5":  0.000000000832091171636758,
    "Minute_5_Fluctuation":  0.02077065574902973,
    "Minute_10":  0.000000000824988334136412,
    "Minute_10_Fluctuation":  0.036205468413651104,
    "Hour":  0.000000000785390072806129,
    "Hour_Fluctuation":  0.067809838244158122,
    "Day":  0.000000000792314669513472,
    "Day_Fluctuation":  0.087769657331813716,
    "ThreeDay":  0.000000000788698490880715,
    "ThreeDay_Fluctuation":  0.093429999715296475,
    "Week":  0.000000000797403626180799,
    "Week_Fluctuation":  0.0943927961688334,
    "Duration":  "12.21:13:27.8809288",
    "Updated":  "\/Date(1581923095803)\/",
    "Failed":  0,
    "HashRate_Live":  452676,
    "HashRate_Average":  323914.75739272137,
    "BlockRate_Live":  0,
    "BlockRate_Average":  0,
    "Actual24h_Week":  0,
    "Estimate24h_Week":  0,
    "ErrorRatio":  1
}
