{
    "Live":  0.0000000417284757152863,
    "Minute":  0.0000000417284757152863,
    "Minute_Fluctuation":  0,
    "Minute_5":  0.00000004030564374088,
    "Minute_5_Fluctuation":  0.046639201781007666,
    "Minute_10":  0.0000000408328129233711,
    "Minute_10_Fluctuation":  0.050730101568437991,
    "Hour":  0.0000000444884873155832,
    "Hour_Fluctuation":  0.076140404092371147,
    "Day":  0.0000000421054002245464,
    "Day_Fluctuation":  0.29475880093861617,
    "ThreeDay":  0.0000000370775987633035,
    "ThreeDay_Fluctuation":  0.3618036797783501,
    "Week":  0.00000003553320831205,
    "Week_Fluctuation":  0.36267040370602976,
    "Duration":  "5.15:13:39.4445664",
    "Updated":  "\/Date(1581922718074)\/",
    "Failed":  0,
    "HashRate_Live":  0,
    "HashRate_Average":  0,
    "BlockRate_Live":  0,
    "BlockRate_Average":  0,
    "Actual24h_Week":  0,
    "Estimate24h_Week":  0,
    "ErrorRatio":  1
}
