{
    "Live":  0.0000164329132185561,
    "Minute":  0.0000164329132185561,
    "Minute_Fluctuation":  0,
    "Minute_5":  0.0000163851950406926,
    "Minute_5_Fluctuation":  0.00257991426955281,
    "Minute_10":  0.0000163758343791562,
    "Minute_10_Fluctuation":  0.0032521780392651429,
    "Hour":  0.0000160286284308907,
    "Hour_Fluctuation":  0.030988575044236091,
    "Day":  0.0000134846954936292,
    "Day_Fluctuation":  0.099686317428566415,
    "ThreeDay":  0.0000127650261670363,
    "ThreeDay_Fluctuation":  0.15356103260794887,
    "Week":  0.000012553543944928,
    "Week_Fluctuation":  0.16842932646989411,
    "Duration":  "5.15:16:04.3190161",
    "Updated":  "\/Date(1581922718030)\/",
    "Failed":  0,
    "HashRate_Live":  0,
    "HashRate_Average":  5.2610094094804312E-60,
    "BlockRate_Live":  0,
    "BlockRate_Average":  0,
    "Actual24h_Week":  0,
    "Estimate24h_Week":  0,
    "ErrorRatio":  1
}
