{
    "Live":  0.0000000070496269778325,
    "Minute":  0.0000000070496269778325,
    "Minute_Fluctuation":  0.0062533372869041032,
    "Minute_5":  0.00000000711874725342949,
    "Minute_5_Fluctuation":  0.017777168352135157,
    "Minute_10":  0.00000000726784223970756,
    "Minute_10_Fluctuation":  0.04238536015495048,
    "Hour":  0.00000000782064882567618,
    "Hour_Fluctuation":  0.06549403836705249,
    "Day":  0.00000000848865125448053,
    "Day_Fluctuation":  0.094942855661697509,
    "ThreeDay":  0.0000000085528762852573,
    "ThreeDay_Fluctuation":  0.099106306621166484,
    "Week":  0.00000000869018952639104,
    "Week_Fluctuation":  0.10337054168581837,
    "Duration":  "10.07:48:57.7801430",
    "Updated":  "\/Date(1581923095471)\/",
    "Failed":  0,
    "HashRate_Live":  12459,
    "HashRate_Average":  21145.131974042448,
    "BlockRate_Live":  0,
    "BlockRate_Average":  0,
    "Actual24h_Week":  0,
    "Estimate24h_Week":  0,
    "ErrorRatio":  1
}
