{
    "Live":  0.00000999029715651222,
    "Minute":  0.00000999029715651222,
    "Minute_Fluctuation":  0,
    "Minute_5":  0.00000999712604446576,
    "Minute_5_Fluctuation":  0.0040306425058984647,
    "Minute_10":  0.00000998653541648182,
    "Minute_10_Fluctuation":  0.00558106201576433,
    "Hour":  0.0000100758119169137,
    "Hour_Fluctuation":  0.013529593659440559,
    "Day":  0.0000108385045360436,
    "Day_Fluctuation":  0.047831041697479142,
    "ThreeDay":  0.0000107573282825134,
    "ThreeDay_Fluctuation":  0.065010565559533037,
    "Week":  0.0000103233081100162,
    "Week_Fluctuation":  0.085098440799592917,
    "Duration":  "10.08:20:22.7237606",
    "Updated":  "\/Date(1581922718040)\/",
    "Failed":  0,
    "HashRate_Live":  0,
    "HashRate_Average":  0.019961512707302516,
    "BlockRate_Live":  0,
    "BlockRate_Average":  0,
    "Actual24h_Week":  0,
    "Estimate24h_Week":  0,
    "ErrorRatio":  1
}
