{
    "Live":  0.0000000105471584847745,
    "Minute":  0.0000000105471584847745,
    "Minute_Fluctuation":  0.0062533372869008081,
    "Minute_5":  0.0000000107347150806036,
    "Minute_5_Fluctuation":  0.025130063190029965,
    "Minute_10":  0.0000000106013281856299,
    "Minute_10_Fluctuation":  0.036074587776712227,
    "Hour":  0.00000000958487435463656,
    "Hour_Fluctuation":  0.078616582525268583,
    "Day":  0.00000000826751970296807,
    "Day_Fluctuation":  0.14785832828689985,
    "ThreeDay":  0.00000000834927690420573,
    "ThreeDay_Fluctuation":  0.14451764137355166,
    "Week":  0.00000000825580114418554,
    "Week_Fluctuation":  0.15994911137811374,
    "Duration":  "12.13:15:10.3207350",
    "Updated":  "\/Date(1581923095495)\/",
    "Failed":  0,
    "HashRate_Live":  100806,
    "HashRate_Average":  33848.66350084162,
    "BlockRate_Live":  0,
    "BlockRate_Average":  0,
    "Actual24h_Week":  0,
    "Estimate24h_Week":  0,
    "ErrorRatio":  1
}
