{
    "Live":  0.00000000622568522060271,
    "Minute":  0.00000000622568522060271,
    "Minute_Fluctuation":  0,
    "Minute_5":  0.0000000063141867532681,
    "Minute_5_Fluctuation":  0.032540149629901545,
    "Minute_10":  0.0000000064843628860278,
    "Minute_10_Fluctuation":  0.047621130093685141,
    "Hour":  0.0000000069020324379132,
    "Hour_Fluctuation":  0.044877952720135887,
    "Day":  0.00000000765345941989251,
    "Day_Fluctuation":  0.10677365120773288,
    "ThreeDay":  0.00000000807775687886464,
    "ThreeDay_Fluctuation":  0.10341882366964725,
    "Week":  0.00000000825390922929031,
    "Week_Fluctuation":  0.099117759848190726,
    "Duration":  "23.06:18:46.1618355",
    "Updated":  "\/Date(1581922718104)\/",
    "Failed":  0,
    "HashRate_Live":  1826,
    "HashRate_Average":  9265.1299648411641,
    "BlockRate_Live":  0,
    "BlockRate_Average":  0,
    "Actual24h_Week":  0,
    "Estimate24h_Week":  0,
    "ErrorRatio":  1
}
