{
    "Live":  0.00000000765460854780978,
    "Minute":  0.00000000765460854780978,
    "Minute_Fluctuation":  0.0088891644807752735,
    "Minute_5":  0.00000000764214535569919,
    "Minute_5_Fluctuation":  0.0071897490985703841,
    "Minute_10":  0.00000000767711908559791,
    "Minute_10_Fluctuation":  0.013070628589487902,
    "Hour":  0.00000000755399710680044,
    "Hour_Fluctuation":  0.058856778209241942,
    "Day":  0.00000000826399969652108,
    "Day_Fluctuation":  0.075709409197942487,
    "ThreeDay":  0.00000000821458448109175,
    "ThreeDay_Fluctuation":  0.093924912147190773,
    "Week":  0.00000000824527727420479,
    "Week_Fluctuation":  0.11046812683491834,
    "Duration":  "12.04:37:04.0988787",
    "Updated":  "\/Date(1581923095732)\/",
    "Failed":  0,
    "HashRate_Live":  140061,
    "HashRate_Average":  123344.68668515346,
    "BlockRate_Live":  0,
    "BlockRate_Average":  0,
    "Actual24h_Week":  0,
    "Estimate24h_Week":  0,
    "ErrorRatio":  1
}
