{
    "Live":  0.00000000671673484691643,
    "Minute":  0.00000000671673484691643,
    "Minute_Fluctuation":  0.0062533372869041839,
    "Minute_5":  0.00000000680099699621529,
    "Minute_5_Fluctuation":  0.012311683592316228,
    "Minute_10":  0.00000000683653609201812,
    "Minute_10_Fluctuation":  0.012667341383953123,
    "Hour":  0.0000000067936946589733,
    "Hour_Fluctuation":  0.016256607828502054,
    "Day":  0.00000000708258107674139,
    "Day_Fluctuation":  0.039382129553911571,
    "ThreeDay":  0.00000000704834478565483,
    "ThreeDay_Fluctuation":  0.057679023939810177,
    "Week":  0.00000000682140013686803,
    "Week_Fluctuation":  0.077076840104380082,
    "Duration":  "12.18:30:05.8606330",
    "Updated":  "\/Date(1581923095555)\/",
    "Failed":  0,
    "HashRate_Live":  1053490,
    "HashRate_Average":  924763.34303822136,
    "BlockRate_Live":  0,
    "BlockRate_Average":  0,
    "Actual24h_Week":  0,
    "Estimate24h_Week":  0,
    "ErrorRatio":  1
}
