{
    "Live":  0.0000000000000133169786160006,
    "Minute":  0.0000000000000133169786160006,
    "Minute_Fluctuation":  0,
    "Minute_5":  0.0000000000000133417520411073,
    "Minute_5_Fluctuation":  0.0060056258273010988,
    "Minute_10":  0.0000000000000133158938838851,
    "Minute_10_Fluctuation":  0.0073451541455580062,
    "Hour":  0.00000000000001312556975123,
    "Hour_Fluctuation":  0.015385556726637013,
    "Day":  0.0000000000000119230351322199,
    "Day_Fluctuation":  0.060101766162188063,
    "ThreeDay":  0.000000000000010978888680236,
    "ThreeDay_Fluctuation":  0.11939701627430764,
    "Week":  0.0000000000000107045029758131,
    "Week_Fluctuation":  0.12128156975095417,
    "Duration":  "5.15:13:39.4445664",
    "Updated":  "\/Date(1581922718048)\/",
    "Failed":  0,
    "HashRate_Live":  0,
    "HashRate_Average":  0,
    "BlockRate_Live":  0,
    "BlockRate_Average":  0,
    "Actual24h_Week":  0,
    "Estimate24h_Week":  0,
    "ErrorRatio":  1
}
