{
    "Live":  0.00000000673142880060926,
    "Minute":  0.00000000673142880060926,
    "Minute_Fluctuation":  0.0038422990103076649,
    "Minute_5":  0.00000000701095609256953,
    "Minute_5_Fluctuation":  0.052804646967775606,
    "Minute_10":  0.00000000719893672143078,
    "Minute_10_Fluctuation":  0.054893203782589384,
    "Hour":  0.00000000732455582179858,
    "Hour_Fluctuation":  0.067976909172965866,
    "Day":  0.00000000718346487604332,
    "Day_Fluctuation":  0.10115514071789367,
    "ThreeDay":  0.00000000722060553730281,
    "ThreeDay_Fluctuation":  0.10529889900514305,
    "Week":  0.00000000744487687470205,
    "Week_Fluctuation":  0.11694222644461588,
    "Duration":  "12.21:13:27.8809288",
    "Updated":  "\/Date(1581923095509)\/",
    "Failed":  0,
    "HashRate_Live":  670063,
    "HashRate_Average":  764260.58552037633,
    "BlockRate_Live":  0,
    "BlockRate_Average":  0,
    "Actual24h_Week":  0,
    "Estimate24h_Week":  0,
    "ErrorRatio":  1
}
