{
    "Live":  0.0000272354415474351,
    "Minute":  0.0000272354415474351,
    "Minute_Fluctuation":  0.036367578050367826,
    "Minute_5":  0.0000281511895602969,
    "Minute_5_Fluctuation":  0.024177974062152784,
    "Minute_10":  0.000027955964238739,
    "Minute_10_Fluctuation":  0.03810982672581182,
    "Hour":  0.0000297777693202074,
    "Hour_Fluctuation":  0.081190080255060679,
    "Day":  0.0000329348713517835,
    "Day_Fluctuation":  0.23700278663721686,
    "ThreeDay":  0.000029449861134393,
    "ThreeDay_Fluctuation":  0.26408288018673259,
    "Week":  0.0000259718508595466,
    "Week_Fluctuation":  0.30016260976914688,
    "Duration":  "11.11:19:31.6844260",
    "Updated":  "\/Date(1581923095761)\/",
    "Failed":  0,
    "HashRate_Live":  32,
    "HashRate_Average":  32.000000000000057,
    "BlockRate_Live":  0,
    "BlockRate_Average":  0,
    "Actual24h_Week":  0,
    "Estimate24h_Week":  0,
    "ErrorRatio":  1
}
