{
    "Live":  0.000000000464226131194415,
    "Minute":  0.000000000464226131194415,
    "Minute_Fluctuation":  0.02783235812787594,
    "Minute_5":  0.000000000495526412700531,
    "Minute_5_Fluctuation":  0.060446348139476788,
    "Minute_10":  0.000000000505142221578124,
    "Minute_10_Fluctuation":  0.052628377347154857,
    "Hour":  0.000000000495107669435898,
    "Hour_Fluctuation":  0.055332640852655345,
    "Day":  0.000000000529457088592228,
    "Day_Fluctuation":  0.10335135016941595,
    "ThreeDay":  0.000000000546108849169097,
    "ThreeDay_Fluctuation":  0.11285274756642451,
    "Week":  0.000000000540525539295928,
    "Week_Fluctuation":  0.11951821142618524,
    "Duration":  "12.21:13:27.8809288",
    "Updated":  "\/Date(1581923095788)\/",
    "Failed":  0,
    "HashRate_Live":  1592614,
    "HashRate_Average":  1158786.8684950804,
    "BlockRate_Live":  0,
    "BlockRate_Average":  0,
    "Actual24h_Week":  0,
    "Estimate24h_Week":  0,
    "ErrorRatio":  1
}
