{
    "Live":  0.00000140321848644004,
    "Minute":  0.00000140321848644004,
    "Minute_Fluctuation":  0.010461913234595045,
    "Minute_5":  0.00000139579615578166,
    "Minute_5_Fluctuation":  0.0062491000955987195,
    "Minute_10":  0.00000139289398400988,
    "Minute_10_Fluctuation":  0.0071667062461305935,
    "Hour":  0.00000139782774111169,
    "Hour_Fluctuation":  0.013135935074592675,
    "Day":  0.00000149120426422266,
    "Day_Fluctuation":  0.055283272663225025,
    "ThreeDay":  0.00000151719514143775,
    "ThreeDay_Fluctuation":  0.066610350965548057,
    "Week":  0.00000146715381781109,
    "Week_Fluctuation":  0.0850601174515078,
    "Duration":  "12.09:32:47.3520113",
    "Updated":  "\/Date(1581923096669)\/",
    "Failed":  0,
    "HashRate_Live":  0,
    "HashRate_Average":  0,
    "BlockRate_Live":  0,
    "BlockRate_Average":  0,
    "Actual24h_Week":  0,
    "Estimate24h_Week":  0,
    "ErrorRatio":  1
}
