{
    "Live":  0.0000000000000015523879408017,
    "Minute":  0.0000000000000015523879408017,
    "Minute_Fluctuation":  0.11530900944596424,
    "Minute_5":  0.0000000000000016270231145911,
    "Minute_5_Fluctuation":  0.066621951921186182,
    "Minute_10":  0.0000000000000016763272620013,
    "Minute_10_Fluctuation":  0.096432459678831711,
    "Hour":  0.000000000000002038202309831,
    "Hour_Fluctuation":  0.14265803087392523,
    "Day":  0.0000000000000022436920625803,
    "Day_Fluctuation":  0.13240870730890811,
    "ThreeDay":  0.000000000000002344179450522,
    "ThreeDay_Fluctuation":  0.11228279459513697,
    "Week":  0.0000000000000023491590186219,
    "Week_Fluctuation":  0.098848005247362022,
    "Duration":  "12.08:38:06.5175877",
    "Updated":  "\/Date(1581923096490)\/",
    "Failed":  0,
    "HashRate_Live":  0,
    "HashRate_Average":  0,
    "BlockRate_Live":  0,
    "BlockRate_Average":  0,
    "Actual24h_Week":  0,
    "Estimate24h_Week":  0,
    "ErrorRatio":  1
}
