{
    "Live":  0.000000845305208373071,
    "Minute":  0.000000845305208373071,
    "Minute_Fluctuation":  0.032400529067694937,
    "Minute_5":  0.000000869422981234342,
    "Minute_5_Fluctuation":  0.019600629216639274,
    "Minute_10":  0.000000879431088160003,
    "Minute_10_Fluctuation":  0.0232485632690802,
    "Hour":  0.000000852401878083066,
    "Hour_Fluctuation":  0.077402463628794826,
    "Day":  0.000000813048895360153,
    "Day_Fluctuation":  0.095536714765661251,
    "ThreeDay":  0.00000085310093130389,
    "ThreeDay_Fluctuation":  0.086691422920622749,
    "Week":  0.000000849125596306326,
    "Week_Fluctuation":  0.091862569917559408,
    "Duration":  "12.09:08:44.8784601",
    "Updated":  "\/Date(1581923096640)\/",
    "Failed":  0,
    "HashRate_Live":  0,
    "HashRate_Average":  0,
    "BlockRate_Live":  0,
    "BlockRate_Average":  0,
    "Actual24h_Week":  0,
    "Estimate24h_Week":  0,
    "ErrorRatio":  1
}
