{
    "Live":  0.0000000000000299253177418667,
    "Minute":  0.0000000000000299253177418667,
    "Minute_Fluctuation":  0.00071121868761720667,
    "Minute_5":  0.0000000000000299180182561014,
    "Minute_5_Fluctuation":  0.00056184171599817816,
    "Minute_10":  0.0000000000000299154709214969,
    "Minute_10_Fluctuation":  0.0010020577657328911,
    "Hour":  0.000000000000029684175041137,
    "Hour_Fluctuation":  0.020326388836794405,
    "Day":  0.000000000000031242634964824,
    "Day_Fluctuation":  0.05921484621817797,
    "ThreeDay":  0.0000000000000319968842455573,
    "ThreeDay_Fluctuation":  0.0825867241802639,
    "Week":  0.00000000000003116120919002,
    "Week_Fluctuation":  0.090720576271496767,
    "Duration":  "12.08:57:10.5935432",
    "Updated":  "\/Date(1581923096921)\/",
    "Failed":  0,
    "HashRate_Live":  0,
    "HashRate_Average":  0,
    "BlockRate_Live":  0,
    "BlockRate_Average":  0,
    "Actual24h_Week":  0,
    "Estimate24h_Week":  0,
    "ErrorRatio":  1
}
