{
    "Live":  0.0000000000181334549706388,
    "Minute":  0.0000000000181334549706388,
    "Minute_Fluctuation":  0.1408134277306719,
    "Minute_5":  0.0000000000199917690907759,
    "Minute_5_Fluctuation":  0.065478312473001343,
    "Minute_10":  0.0000000000203421626170833,
    "Minute_10_Fluctuation":  0.056208018383215742,
    "Hour":  0.0000000000197751735183937,
    "Hour_Fluctuation":  0.097659121946877245,
    "Day":  0.0000000000213904357147347,
    "Day_Fluctuation":  0.14673265306474348,
    "ThreeDay":  0.0000000000243637778912362,
    "ThreeDay_Fluctuation":  0.17138420662245635,
    "Week":  0.0000000000264588728268967,
    "Week_Fluctuation":  0.14872810563236241,
    "Duration":  "12.08:58:52.4411241",
    "Updated":  "\/Date(1581923096706)\/",
    "Failed":  0,
    "HashRate_Live":  0,
    "HashRate_Average":  0,
    "BlockRate_Live":  0,
    "BlockRate_Average":  0,
    "Actual24h_Week":  0,
    "Estimate24h_Week":  0,
    "ErrorRatio":  1
}
