{
    "Live":  0.00000089898772888,
    "Minute":  0.00000089898772888,
    "Minute_Fluctuation":  5.3895661725993308E-05,
    "Minute_5":  0.000000910228288686112,
    "Minute_5_Fluctuation":  0.035020369455810052,
    "Minute_10":  0.000000947275430853314,
    "Minute_10_Fluctuation":  0.080112316083533364,
    "Hour":  0.00000115378581122928,
    "Hour_Fluctuation":  0.15049904570273714,
    "Day":  0.0000012476453289576,
    "Day_Fluctuation":  0.14613105158974354,
    "ThreeDay":  0.0000012476453289576,
    "ThreeDay_Fluctuation":  0.14613105158974352,
    "Week":  0.0000012476453289576,
    "Week_Fluctuation":  0.14613105158974357,
    "Duration":  "02:29:44.6893814",
    "Updated":  "\/Date(1564611770982)\/",
    "Failed":  0,
    "ErrorRatio_Average":  0,
    "HashRate_Average":  0,
    "BlockRate_Average":  0,
    "ErrorRatio_Live":  0,
    "HashRate_Live":  0,
    "BlockRate_Live":  0
}
