{
    "Live":  0.0000000000000023010716930048,
    "Minute":  0.0000000000000023010716930048,
    "Minute_Fluctuation":  0.003392229887879366,
    "Minute_5":  0.0000000000000022983740401203,
    "Minute_5_Fluctuation":  0.0027521742665223823,
    "Minute_10":  0.0000000000000022996829954701,
    "Minute_10_Fluctuation":  0.0030583328038840596,
    "Hour":  0.0000000000000023146895572935,
    "Hour_Fluctuation":  0.0059184497184022892,
    "Day":  0.0000000000000022844422179356,
    "Day_Fluctuation":  0.050925388559592229,
    "ThreeDay":  0.0000000000000023278672382718,
    "ThreeDay_Fluctuation":  0.09099493455976336,
    "Week":  0.0000000000000022861511448081,
    "Week_Fluctuation":  0.11424861435616546,
    "Duration":  "12.08:53:31.2530795",
    "Updated":  "\/Date(1581923097097)\/",
    "Failed":  0,
    "HashRate_Live":  0,
    "HashRate_Average":  0,
    "BlockRate_Live":  0,
    "BlockRate_Average":  0,
    "Actual24h_Week":  0,
    "Estimate24h_Week":  0,
    "ErrorRatio":  1
}
