{
    "Live":  0.000000000000000015550831518,
    "Minute":  0.000000000000000015550831518,
    "Minute_Fluctuation":  4.0152967324924073E-06,
    "Minute_5":  0.000000000000000015552541028,
    "Minute_5_Fluctuation":  0.00018659470296209543,
    "Minute_10":  0.0000000000000000155543661187,
    "Minute_10_Fluctuation":  0.0002430901432621628,
    "Hour":  0.0000000000000000155834466069,
    "Hour_Fluctuation":  0.0055727896165651348,
    "Day":  0.0000000000000000158045922014,
    "Day_Fluctuation":  0.018941168618463469,
    "ThreeDay":  0.0000000000000000163589550352,
    "ThreeDay_Fluctuation":  0.068048842270282378,
    "Week":  0.0000000000000000173651544896,
    "Week_Fluctuation":  0.11603377208349934,
    "Duration":  "12.08:51:16.8504535",
    "Updated":  "\/Date(1581923096437)\/",
    "Failed":  0,
    "HashRate_Live":  0,
    "HashRate_Average":  0,
    "BlockRate_Live":  0,
    "BlockRate_Average":  0,
    "Actual24h_Week":  0,
    "Estimate24h_Week":  0,
    "ErrorRatio":  1
}
