{
    "Live":  0.000000000000278629494693929,
    "Minute":  0.000000000000278629494693929,
    "Minute_Fluctuation":  0.011056025169166974,
    "Minute_5":  0.000000000000276497181705845,
    "Minute_5_Fluctuation":  0.0058124301855286085,
    "Minute_10":  0.000000000000276352605654469,
    "Minute_10_Fluctuation":  0.0063521731879013681,
    "Hour":  0.000000000000279404228499421,
    "Hour_Fluctuation":  0.014600996756369503,
    "Day":  0.000000000000280995418360139,
    "Day_Fluctuation":  0.054662928677158371,
    "ThreeDay":  0.000000000000285574170652239,
    "ThreeDay_Fluctuation":  0.096144642982158163,
    "Week":  0.000000000000274916285599927,
    "Week_Fluctuation":  0.123750592313583,
    "Duration":  "12.08:27:56.2454930",
    "Updated":  "\/Date(1581923096587)\/",
    "Failed":  0,
    "HashRate_Live":  0,
    "HashRate_Average":  0,
    "BlockRate_Live":  0,
    "BlockRate_Average":  0,
    "Actual24h_Week":  0,
    "Estimate24h_Week":  0,
    "ErrorRatio":  1
}
