{
    "Live":  0.00000000000108286932103993,
    "Minute":  0.00000000000108286932103993,
    "Minute_Fluctuation":  0.124109776256132,
    "Minute_5":  0.00000000000116748404326195,
    "Minute_5_Fluctuation":  0.068598481020255009,
    "Minute_10":  0.00000000000116585374654908,
    "Minute_10_Fluctuation":  0.062096572331152532,
    "Hour":  0.00000000000114418299061428,
    "Hour_Fluctuation":  0.051851176046799813,
    "Day":  0.00000000000130562425300618,
    "Day_Fluctuation":  0.066947995590060969,
    "ThreeDay":  0.00000000000129244082715846,
    "ThreeDay_Fluctuation":  0.084290214604793079,
    "Week":  0.00000000000122876197942832,
    "Week_Fluctuation":  0.11175633278851493,
    "Duration":  "12.08:55:07.7827995",
    "Updated":  "\/Date(1581923096851)\/",
    "Failed":  0,
    "HashRate_Live":  0,
    "HashRate_Average":  0,
    "BlockRate_Live":  0,
    "BlockRate_Average":  0,
    "Actual24h_Week":  0,
    "Estimate24h_Week":  0,
    "ErrorRatio":  1
}
