{
    "Live":  0.00000000851491258964442,
    "Minute":  0.00000000851491258964442,
    "Minute_Fluctuation":  0.0022748215031226345,
    "Minute_5":  0.00000000853338617418821,
    "Minute_5_Fluctuation":  0.002656398232157907,
    "Minute_10":  0.00000000855535783847379,
    "Minute_10_Fluctuation":  0.005245943843817844,
    "Hour":  0.00000000868854666292328,
    "Hour_Fluctuation":  0.017213407942630297,
    "Day":  0.00000000883403412134264,
    "Day_Fluctuation":  0.02292185315879704,
    "ThreeDay":  0.00000000887092849716002,
    "ThreeDay_Fluctuation":  0.031527902490041053,
    "Week":  0.00000000873801962147556,
    "Week_Fluctuation":  0.041448334264711457,
    "Duration":  "12.08:48:29.2714697",
    "Updated":  "\/Date(1581923097167)\/",
    "Failed":  0,
    "HashRate_Live":  0,
    "HashRate_Average":  0,
    "BlockRate_Live":  0,
    "BlockRate_Average":  0,
    "Actual24h_Week":  0,
    "Estimate24h_Week":  0,
    "ErrorRatio":  1
}
