{
    "Live":  0.00000857972263856542,
    "Minute":  0.00000857972263856542,
    "Minute_Fluctuation":  0.0082822381788167938,
    "Minute_5":  0.0000086339606634416,
    "Minute_5_Fluctuation":  0.0031482587022222397,
    "Minute_10":  0.00000864682212697802,
    "Minute_10_Fluctuation":  0.0035380485426385585,
    "Hour":  0.00000867646911611322,
    "Hour_Fluctuation":  0.013397947554008286,
    "Day":  0.00000891200953520945,
    "Day_Fluctuation":  0.075931558771894989,
    "ThreeDay":  0.00000927901447152156,
    "ThreeDay_Fluctuation":  0.097150843891593175,
    "Week":  0.00000910477411355039,
    "Week_Fluctuation":  0.094969882283536672,
    "Duration":  "12.08:46:43.7907552",
    "Updated":  "\/Date(1581923097024)\/",
    "Failed":  0,
    "HashRate_Live":  0,
    "HashRate_Average":  0,
    "BlockRate_Live":  0,
    "BlockRate_Average":  0,
    "Actual24h_Week":  0,
    "Estimate24h_Week":  0,
    "ErrorRatio":  1
}
