{
    "Live":  0.0000000000000012121077522618,
    "Minute":  0.0000000000000012121077522618,
    "Minute_Fluctuation":  0.39587282707411658,
    "Minute_5":  0.0000000000000017436966806744,
    "Minute_5_Fluctuation":  0.17876901946297769,
    "Minute_10":  0.0000000000000018903991066604,
    "Minute_10_Fluctuation":  0.11355082494506157,
    "Hour":  0.0000000000000020690932704958,
    "Hour_Fluctuation":  0.058445845908274896,
    "Day":  0.0000000000000019161182516166,
    "Day_Fluctuation":  0.14286630371906364,
    "ThreeDay":  0.000000000000001667517280682,
    "ThreeDay_Fluctuation":  0.31152112622601613,
    "Week":  0.0000000000000013526638358818,
    "Week_Fluctuation":  0.42411593555770449,
    "Duration":  "12.08:55:09.2716236",
    "Updated":  "\/Date(1581923096129)\/",
    "Failed":  0,
    "HashRate_Live":  0,
    "HashRate_Average":  0,
    "BlockRate_Live":  0,
    "BlockRate_Average":  0,
    "Actual24h_Week":  0,
    "Estimate24h_Week":  0,
    "ErrorRatio":  1
}
