{
    "Live":  0.0000000000000000259715489207,
    "Minute":  0.0000000000000000259715489207,
    "Minute_Fluctuation":  0.031728928234161173,
    "Minute_5":  0.0000000000000000263847877221,
    "Minute_5_Fluctuation":  0.015263965124902718,
    "Minute_10":  0.0000000000000000263555081282,
    "Minute_10_Fluctuation":  0.01755249554191186,
    "Hour":  0.0000000000000000267849346573,
    "Hour_Fluctuation":  0.033723980544716189,
    "Day":  0.000000000000000026420805543,
    "Day_Fluctuation":  0.075571100987516987,
    "ThreeDay":  0.0000000000000000237977756692,
    "ThreeDay_Fluctuation":  0.243307540446598,
    "Week":  0.0000000000000000197609986431,
    "Week_Fluctuation":  0.39076161905191176,
    "Duration":  "11.13:32:57.5786533",
    "Updated":  "\/Date(1581923097233)\/",
    "Failed":  0,
    "HashRate_Live":  0,
    "HashRate_Average":  0,
    "BlockRate_Live":  0,
    "BlockRate_Average":  0,
    "Actual24h_Week":  0,
    "Estimate24h_Week":  0,
    "ErrorRatio":  1
}
