{
    "Live":  0.0000000000000010180438939048,
    "Minute":  0.0000000000000010180438939048,
    "Minute_Fluctuation":  0.035514955649495132,
    "Minute_5":  0.0000000000000009445375286741,
    "Minute_5_Fluctuation":  0.16459755383103397,
    "Minute_10":  0.0000000000000009270518166705,
    "Minute_10_Fluctuation":  0.17493892086653209,
    "Hour":  0.0000000000000009243333709908,
    "Hour_Fluctuation":  0.19330447323625574,
    "Day":  0.0000000000000009483016742185,
    "Day_Fluctuation":  0.16323029521286633,
    "ThreeDay":  0.0000000000000009245800659617,
    "ThreeDay_Fluctuation":  0.18393729240563955,
    "Week":  0.0000000000000009830093464964,
    "Week_Fluctuation":  0.17680749066509124,
    "Duration":  "12.08:40:32.6427473",
    "Updated":  "\/Date(1581923096374)\/",
    "Failed":  0,
    "HashRate_Live":  0,
    "HashRate_Average":  0,
    "BlockRate_Live":  0,
    "BlockRate_Average":  0,
    "Actual24h_Week":  0,
    "Estimate24h_Week":  0,
    "ErrorRatio":  1
}
