{
    "Live":  0.00000000000120455181499654,
    "Minute":  0.00000000000120455181499654,
    "Minute_Fluctuation":  0.053219535363052572,
    "Minute_5":  0.00000000000116877371534864,
    "Minute_5_Fluctuation":  0.029966413364613871,
    "Minute_10":  0.00000000000115885250941122,
    "Minute_10_Fluctuation":  0.03510274759581259,
    "Hour":  0.00000000000113573325091591,
    "Hour_Fluctuation":  0.059077280938434382,
    "Day":  0.00000000000118173841225897,
    "Day_Fluctuation":  0.05272833222363979,
    "ThreeDay":  0.0000000000011722743226986,
    "ThreeDay_Fluctuation":  0.07536691962608652,
    "Week":  0.00000000000113757534279711,
    "Week_Fluctuation":  0.10348074577112641,
    "Duration":  "12.08:37:23.7210357",
    "Updated":  "\/Date(1581923096958)\/",
    "Failed":  0,
    "HashRate_Live":  0,
    "HashRate_Average":  0,
    "BlockRate_Live":  0,
    "BlockRate_Average":  0,
    "Actual24h_Week":  0,
    "Estimate24h_Week":  0,
    "ErrorRatio":  1
}
