{
    "Live":  0.0000000000000022443301328706,
    "Minute":  0.0000000000000022443301328706,
    "Minute_Fluctuation":  0.037083831148107906,
    "Minute_5":  0.0000000000000022075399864548,
    "Minute_5_Fluctuation":  0.016968369907412382,
    "Minute_10":  0.0000000000000022067578228257,
    "Minute_10_Fluctuation":  0.015570251022812539,
    "Hour":  0.0000000000000022228198578741,
    "Hour_Fluctuation":  0.089572431669668759,
    "Day":  0.0000000000000020204528074245,
    "Day_Fluctuation":  0.1405501348258055,
    "ThreeDay":  0.0000000000000019500338155766,
    "ThreeDay_Fluctuation":  0.15890596391479173,
    "Week":  0.000000000000001941327076151,
    "Week_Fluctuation":  0.16895935033697407,
    "Duration":  "12.08:57:26.6991823",
    "Updated":  "\/Date(1581923096611)\/",
    "Failed":  0,
    "HashRate_Live":  0,
    "HashRate_Average":  0,
    "BlockRate_Live":  0,
    "BlockRate_Average":  0,
    "Actual24h_Week":  0,
    "Estimate24h_Week":  0,
    "ErrorRatio":  1
}
