{
    "Live":  0.0000000000000567741240761201,
    "Minute":  0.0000000000000567741240761201,
    "Minute_Fluctuation":  0.00883625143601304,
    "Minute_5":  0.0000000000000572646694312572,
    "Minute_5_Fluctuation":  0.028887388396554844,
    "Minute_10":  0.0000000000000582700241395851,
    "Minute_10_Fluctuation":  0.041406317668073955,
    "Hour":  0.0000000000000585704069203232,
    "Hour_Fluctuation":  0.047944763798075753,
    "Day":  0.0000000000000499073703447291,
    "Day_Fluctuation":  0.13516373907627308,
    "ThreeDay":  0.0000000000000469786589518017,
    "ThreeDay_Fluctuation":  0.15289133679106762,
    "Week":  0.0000000000000435107040004207,
    "Week_Fluctuation":  0.17441768463557206,
    "Duration":  "12.09:05:56.2664402",
    "Updated":  "\/Date(1581923096988)\/",
    "Failed":  0,
    "HashRate_Live":  0,
    "HashRate_Average":  0,
    "BlockRate_Live":  0,
    "BlockRate_Average":  0,
    "Actual24h_Week":  0,
    "Estimate24h_Week":  0,
    "ErrorRatio":  1
}
