{
    "Live":  0.000000000000319051420927048,
    "Minute":  0.000000000000319051420927048,
    "Minute_Fluctuation":  0.000318345988228562,
    "Minute_5":  0.000000000000319106672424054,
    "Minute_5_Fluctuation":  0.00017036007908095111,
    "Minute_10":  0.000000000000319106579196449,
    "Minute_10_Fluctuation":  0.00014815956901434021,
    "Hour":  0.000000000000309559759842491,
    "Hour_Fluctuation":  0.11928784968513265,
    "Day":  0.000000000000214394102850011,
    "Day_Fluctuation":  0.27901443892879552,
    "ThreeDay":  0.00000000000025821461326993,
    "ThreeDay_Fluctuation":  0.16737758773497668,
    "Week":  0.000000000000276877293539676,
    "Week_Fluctuation":  0.12650246807082116,
    "Duration":  "12.08:58:31.1740656",
    "Updated":  "\/Date(1581923096747)\/",
    "Failed":  0,
    "HashRate_Live":  0,
    "HashRate_Average":  0,
    "BlockRate_Live":  0,
    "BlockRate_Average":  0,
    "Actual24h_Week":  0,
    "Estimate24h_Week":  0,
    "ErrorRatio":  1
}
