{
    "Live":  0.000000000000312631371364652,
    "Minute":  0.000000000000312631371364652,
    "Minute_Fluctuation":  0.00023290497295447253,
    "Minute_5":  0.000000000000312458095010458,
    "Minute_5_Fluctuation":  0.0016374064913939688,
    "Minute_10":  0.000000000000311726446038768,
    "Minute_10_Fluctuation":  0.0059390330293574625,
    "Hour":  0.000000000000307674848574845,
    "Hour_Fluctuation":  0.0087803357014988644,
    "Day":  0.000000000000332053746736049,
    "Day_Fluctuation":  0.056828971663730285,
    "ThreeDay":  0.000000000000339719831021239,
    "ThreeDay_Fluctuation":  0.048424124079569218,
    "Week":  0.000000000000339800384195228,
    "Week_Fluctuation":  0.0489686412895326,
    "Duration":  "12.08:37:12.2636150",
    "Updated":  "\/Date(1581923097266)\/",
    "Failed":  0,
    "HashRate_Live":  0,
    "HashRate_Average":  0,
    "BlockRate_Live":  0,
    "BlockRate_Average":  0,
    "Actual24h_Week":  0,
    "Estimate24h_Week":  0,
    "ErrorRatio":  1
}
