{
    "Live":  0.000000000000000001637071522,
    "Minute":  0.000000000000000001637071522,
    "Minute_Fluctuation":  0.49908927174891732,
    "Minute_5":  0.000000000000000002709959926,
    "Minute_5_Fluctuation":  0.23047923137838033,
    "Minute_10":  0.000000000000000002840365002,
    "Minute_10_Fluctuation":  0.18857304892002366,
    "Hour":  0.0000000000000000031517200207,
    "Hour_Fluctuation":  0.10564374155579256,
    "Day":  0.0000000000000000046526025659,
    "Day_Fluctuation":  0.14098420111506504,
    "ThreeDay":  0.000000000000000005016375996,
    "ThreeDay_Fluctuation":  0.15481950439233261,
    "Week":  0.0000000000000000050134909288,
    "Week_Fluctuation":  0.18399331997865717,
    "Duration":  "9.12:08:56.6499045",
    "Updated":  "\/Date(1581923096196)\/",
    "Failed":  0,
    "HashRate_Live":  0,
    "HashRate_Average":  0,
    "BlockRate_Live":  0,
    "BlockRate_Average":  0,
    "Actual24h_Week":  0,
    "Estimate24h_Week":  0,
    "ErrorRatio":  1
}
