{
    "Live":  0.0000006,
    "Minute":  0.0000006,
    "Minute_Fluctuation":  0.010089466221397036,
    "Minute_5":  0.000000596567291175289,
    "Minute_5_Fluctuation":  0.005171937692944043,
    "Minute_10":  0.000000596193380103034,
    "Minute_10_Fluctuation":  0.0046648942162384128,
    "Hour":  0.000000585628642028219,
    "Hour_Fluctuation":  0.072786145310541464,
    "Day":  0.00000825569578653694,
    "Day_Fluctuation":  0.692605619727815,
    "ThreeDay":  0.0000177397375842424,
    "ThreeDay_Fluctuation":  0.49863303101094014,
    "Week":  0.0000203135243834168,
    "Week_Fluctuation":  0.68011339530422521,
    "Duration":  "11.12:06:36.3843747",
    "Updated":  "\/Date(1581923096465)\/",
    "Failed":  0,
    "HashRate_Live":  0,
    "HashRate_Average":  0,
    "BlockRate_Live":  0,
    "BlockRate_Average":  0,
    "Actual24h_Week":  0,
    "Estimate24h_Week":  0,
    "ErrorRatio":  1
}
