{
    "Live":  0.0000000000000309948601565764,
    "Minute":  0.0000000000000309948601565764,
    "Minute_Fluctuation":  0.0032097944556673118,
    "Minute_5":  0.000000000000031044995502272,
    "Minute_5_Fluctuation":  0.0019252430518597471,
    "Minute_10":  0.000000000000031047155305825,
    "Minute_10_Fluctuation":  0.0016887042016166978,
    "Hour":  0.0000000000000310646527232661,
    "Hour_Fluctuation":  0.0016297415305485869,
    "Day":  0.0000000000000325315379977021,
    "Day_Fluctuation":  0.033809571305767845,
    "ThreeDay":  0.0000000000000323772477966577,
    "ThreeDay_Fluctuation":  0.083906947774033319,
    "Week":  0.0000000000000298780909997032,
    "Week_Fluctuation":  0.16127984499972103,
    "Duration":  "12.08:36:10.6034258",
    "Updated":  "\/Date(1581923097060)\/",
    "Failed":  0,
    "HashRate_Live":  0,
    "HashRate_Average":  0,
    "BlockRate_Live":  0,
    "BlockRate_Average":  0,
    "Actual24h_Week":  0,
    "Estimate24h_Week":  0,
    "ErrorRatio":  1
}
