{
    "Live":  0.00000000855689053953834,
    "Minute":  0.00000000855689053953834,
    "Minute_Fluctuation":  0.006988307533000059,
    "Minute_5":  0.0000000085715602912448,
    "Minute_5_Fluctuation":  0.015944279128233051,
    "Minute_10":  0.00000000861125415395674,
    "Minute_10_Fluctuation":  0.02006279953733393,
    "Hour":  0.00000000878977945402346,
    "Hour_Fluctuation":  0.023959866594154,
    "Day":  0.00000000891309763810408,
    "Day_Fluctuation":  0.059042391730913191,
    "ThreeDay":  0.00000000884321119860908,
    "ThreeDay_Fluctuation":  0.069679821377963427,
    "Week":  0.00000000898531043384606,
    "Week_Fluctuation":  0.075035583443978621,
    "Duration":  "12.08:46:52.5973437",
    "Updated":  "\/Date(1581923096818)\/",
    "Failed":  0,
    "HashRate_Live":  0,
    "HashRate_Average":  0,
    "BlockRate_Live":  0,
    "BlockRate_Average":  0,
    "Actual24h_Week":  0,
    "Estimate24h_Week":  0,
    "ErrorRatio":  1
}
