{
    "Live":  0.00000960041458770841,
    "Minute":  0.00000960041458770841,
    "Minute_Fluctuation":  0.0013398329471811664,
    "Minute_5":  0.00000960451133741605,
    "Minute_5_Fluctuation":  0.00099561678440072575,
    "Minute_10":  0.00000960088559934705,
    "Minute_10_Fluctuation":  0.0019736406351301022,
    "Hour":  0.00000966566785847262,
    "Hour_Fluctuation":  0.021221109091073588,
    "Day":  0.0000104101533858933,
    "Day_Fluctuation":  0.037500536730539151,
    "ThreeDay":  0.0000104680875922929,
    "ThreeDay_Fluctuation":  0.052561556503000595,
    "Week":  0.0000100995537765598,
    "Week_Fluctuation":  0.07883213539203629,
    "Duration":  "12.09:25:22.5875332",
    "Updated":  "\/Date(1581923097202)\/",
    "Failed":  0,
    "HashRate_Live":  0,
    "HashRate_Average":  0,
    "BlockRate_Live":  0,
    "BlockRate_Average":  0,
    "Actual24h_Week":  0,
    "Estimate24h_Week":  0,
    "ErrorRatio":  1
}
