{
    "Live":  0.0000000000000004305005132813,
    "Minute":  0.0000000000000004305005132813,
    "Minute_Fluctuation":  0.0025002816074978476,
    "Minute_5":  0.0000000000000004282790223865,
    "Minute_5_Fluctuation":  0.0064198697631103873,
    "Minute_10":  0.000000000000000428143879326,
    "Minute_10_Fluctuation":  0.0068242136212475915,
    "Hour":  0.0000000000000004488545241016,
    "Hour_Fluctuation":  0.054349655942274054,
    "Day":  0.0000000000000004485615700073,
    "Day_Fluctuation":  0.10061822070554631,
    "ThreeDay":  0.0000000000000004476247002516,
    "ThreeDay_Fluctuation":  0.1337041453054823,
    "Week":  0.0000000000000004673745124061,
    "Week_Fluctuation":  0.16162715785457343,
    "Duration":  "12.08:47:24.0148128",
    "Updated":  "\/Date(1581923096249)\/",
    "Failed":  0,
    "HashRate_Live":  0,
    "HashRate_Average":  0,
    "BlockRate_Live":  0,
    "BlockRate_Average":  0,
    "Actual24h_Week":  0,
    "Estimate24h_Week":  0,
    "ErrorRatio":  1
}
