{
    "Live":  0.0000000000000000156919189934,
    "Minute":  0.0000000000000000156919189934,
    "Minute_Fluctuation":  0.00019634612172483122,
    "Minute_5":  0.0000000000000000157107334543,
    "Minute_5_Fluctuation":  0.0017445784862312927,
    "Minute_10":  0.0000000000000000157248117072,
    "Minute_10_Fluctuation":  0.0022191579461868522,
    "Hour":  0.0000000000000000157449950433,
    "Hour_Fluctuation":  0.0054529397894713663,
    "Day":  0.0000000000000000160557375662,
    "Day_Fluctuation":  0.018976621458122803,
    "ThreeDay":  0.0000000000000000166750990881,
    "ThreeDay_Fluctuation":  0.0686615884834163,
    "Week":  0.0000000000000000177371691839,
    "Week_Fluctuation":  0.11225091927578525,
    "Duration":  "12.09:07:15.3468740",
    "Updated":  "\/Date(1581923096554)\/",
    "Failed":  0,
    "HashRate_Live":  0,
    "HashRate_Average":  0,
    "BlockRate_Live":  0,
    "BlockRate_Average":  0,
    "Actual24h_Week":  0,
    "Estimate24h_Week":  0,
    "ErrorRatio":  1
}
