{
    "Live":  0.0000013870882244741,
    "Minute":  0.0000013870882244741,
    "Minute_Fluctuation":  0.093462610826872267,
    "Minute_5":  0.000001348675584993,
    "Minute_5_Fluctuation":  0.043925469084689361,
    "Minute_10":  0.00000135475650649187,
    "Minute_10_Fluctuation":  0.05064091378682116,
    "Hour":  0.00000131707388260962,
    "Hour_Fluctuation":  0.081400631075325372,
    "Day":  0.00000148580181614513,
    "Day_Fluctuation":  0.3642909678779816,
    "ThreeDay":  0.00000259721220675124,
    "ThreeDay_Fluctuation":  0.64369257004386915,
    "Week":  0.00000350710316624768,
    "Week_Fluctuation":  0.601250638662664,
    "Duration":  "12.09:33:01.1937207",
    "Updated":  "\/Date(1581923096523)\/",
    "Failed":  0,
    "HashRate_Live":  0,
    "HashRate_Average":  0,
    "BlockRate_Live":  0,
    "BlockRate_Average":  0,
    "Actual24h_Week":  0,
    "Estimate24h_Week":  0,
    "ErrorRatio":  1
}
