{
    "Live":  0.00000000000190631721249815,
    "Minute":  0.00000000000190631721249815,
    "Minute_Fluctuation":  0.020869847635734462,
    "Minute_5":  0.0000000000019272171299123,
    "Minute_5_Fluctuation":  0.012679597898648053,
    "Minute_10":  0.00000000000194504089329035,
    "Minute_10_Fluctuation":  0.035548702923856139,
    "Hour":  0.00000000000199871845485642,
    "Hour_Fluctuation":  0.064609135173328461,
    "Day":  0.00000000000205826214027015,
    "Day_Fluctuation":  0.064730447888150161,
    "ThreeDay":  0.00000000000201644183271439,
    "ThreeDay_Fluctuation":  0.068327202124654873,
    "Week":  0.00000000000191748019014076,
    "Week_Fluctuation":  0.084474234933823888,
    "Duration":  "12.08:51:36.5069962",
    "Updated":  "\/Date(1581923096408)\/",
    "Failed":  0,
    "HashRate_Live":  0,
    "HashRate_Average":  0,
    "BlockRate_Live":  0,
    "BlockRate_Average":  0,
    "Actual24h_Week":  0,
    "Estimate24h_Week":  0,
    "ErrorRatio":  1
}
