{
    "Live":  0.0000825230400590466,
    "Minute":  0.0000825230400590466,
    "Minute_Fluctuation":  0.00054959876792347849,
    "Minute_5":  0.0000823670249999609,
    "Minute_5_Fluctuation":  0.0061830452633649712,
    "Minute_10":  0.0000832248144496877,
    "Minute_10_Fluctuation":  0.050280222152502115,
    "Hour":  0.0000928288773106609,
    "Hour_Fluctuation":  0.1560950691259877,
    "Day":  0.0000877991578632584,
    "Day_Fluctuation":  0.045078826083140525,
    "ThreeDay":  0.0000857171406051224,
    "ThreeDay_Fluctuation":  0.073468835385072082,
    "Week":  0.0000801987722211476,
    "Week_Fluctuation":  0.13030723964390875,
    "Duration":  "12.08:38:47.7059143",
    "Updated":  "\/Date(1581923097126)\/",
    "Failed":  0,
    "HashRate_Live":  0,
    "HashRate_Average":  0,
    "BlockRate_Live":  0,
    "BlockRate_Average":  0,
    "Actual24h_Week":  0,
    "Estimate24h_Week":  0,
    "ErrorRatio":  1
}
