{
    "Live":  0.0000166410249446036,
    "Minute":  0.0000166410249446036,
    "Minute_Fluctuation":  0.0012836159319199293,
    "Minute_5":  0.000016500470631294,
    "Minute_5_Fluctuation":  0.013868679888548948,
    "Minute_10":  0.000016307341925276,
    "Minute_10_Fluctuation":  0.022846037018891492,
    "Hour":  0.0000158539755080339,
    "Hour_Fluctuation":  0.036327486535364793,
    "Day":  0.0000184431364983327,
    "Day_Fluctuation":  0.0647704042297294,
    "ThreeDay":  0.0000188057356557073,
    "ThreeDay_Fluctuation":  0.065432190107853741,
    "Week":  0.0000183007699228514,
    "Week_Fluctuation":  0.075355781342948736,
    "Duration":  "12.08:32:09.7275230",
    "Updated":  "\/Date(1581923097301)\/",
    "Failed":  0,
    "HashRate_Live":  0,
    "HashRate_Average":  0,
    "BlockRate_Live":  0,
    "BlockRate_Average":  0,
    "Actual24h_Week":  0,
    "Estimate24h_Week":  0,
    "ErrorRatio":  1
}
