{
    "Live":  0.00000000653935355699669,
    "Minute":  0.00000000653935355699669,
    "Minute_Fluctuation":  0.0021753948324374239,
    "Minute_5":  0.00000000660385790124454,
    "Minute_5_Fluctuation":  0.01815393832754774,
    "Minute_10":  0.00000000663624096840506,
    "Minute_10_Fluctuation":  0.022731882985685539,
    "Hour":  0.00000000649018972302869,
    "Hour_Fluctuation":  0.055239800541489463,
    "Day":  0.00000000691261092558224,
    "Day_Fluctuation":  0.0712502689997102,
    "ThreeDay":  0.00000000704446478989984,
    "ThreeDay_Fluctuation":  0.069843533313799069,
    "Week":  0.00000000702931805885219,
    "Week_Fluctuation":  0.0680059010934494,
    "Duration":  "12.09:42:16.0767203",
    "Updated":  "\/Date(1581923096879)\/",
    "Failed":  0,
    "HashRate_Live":  0,
    "HashRate_Average":  0,
    "BlockRate_Live":  0,
    "BlockRate_Average":  0,
    "Actual24h_Week":  0,
    "Estimate24h_Week":  0,
    "ErrorRatio":  1
}
