{
    "Live":  0.00000000000282,
    "Minute":  0.00000000000282,
    "Minute_Fluctuation":  0,
    "Minute_5":  0.0000000000028395337611278,
    "Minute_5_Fluctuation":  0.019545281888420113,
    "Minute_10":  0.00000000000288436428356382,
    "Minute_10_Fluctuation":  0.028406974045149611,
    "Hour":  0.00000000000298310343355518,
    "Hour_Fluctuation":  0.029283947952461455,
    "Day":  0.00000000000272403365962842,
    "Day_Fluctuation":  0.086061370183246652,
    "ThreeDay":  0.0000000000026158748502515,
    "ThreeDay_Fluctuation":  0.0877740088913763,
    "Week":  0.00000000000259687018491535,
    "Week_Fluctuation":  0.092235979986747027,
    "Duration":  "12.21:17:51.0862544",
    "Updated":  "\/Date(1581922658364)\/",
    "Failed":  0,
    "HashRate_Live":  549526632,
    "HashRate_Average":  505515675.81764364,
    "BlockRate_Live":  77,
    "BlockRate_Average":  80.285016670636821,
    "Actual24h_Week":  0.00000228221185969966,
    "Estimate24h_Week":  0.00000260709181736051,
    "ErrorRatio":  0.875386069835559
}
