{
    "Live":  0.00000000069857,
    "Minute":  0.00000000069857,
    "Minute_Fluctuation":  0,
    "Minute_5":  0.000000000696590407697561,
    "Minute_5_Fluctuation":  0.0327179282065657,
    "Minute_10":  0.000000000698688768603342,
    "Minute_10_Fluctuation":  0.059638420213115925,
    "Hour":  0.000000000619769143298812,
    "Hour_Fluctuation":  0.14536681414016273,
    "Day":  0.000000000600403006026568,
    "Day_Fluctuation":  0.17579655183895251,
    "ThreeDay":  0.000000000528590722072731,
    "ThreeDay_Fluctuation":  0.32812088353888919,
    "Week":  0.000000000494633567758305,
    "Week_Fluctuation":  0.29996118201499267,
    "Duration":  "12.05:09:52.5179232",
    "Updated":  "\/Date(1581864577295)\/",
    "Failed":  0,
    "HashRate_Live":  0,
    "HashRate_Average":  1.5015743164247556E-06,
    "BlockRate_Live":  0,
    "BlockRate_Average":  6.484672674229095E-69,
    "Actual24h_Week":  0.000000530544388134097,
    "Estimate24h_Week":  0.000604926260181045,
    "ErrorRatio":  0.000877039770062704
}
