{
    "Live":  0.00000000000145,
    "Minute":  0.00000000000145,
    "Minute_Fluctuation":  0,
    "Minute_5":  0.00000000000141812717478327,
    "Minute_5_Fluctuation":  0.043435536298685816,
    "Minute_10":  0.00000000000136492158559695,
    "Minute_10_Fluctuation":  0.077651038249439988,
    "Hour":  0.00000000000121273412670446,
    "Hour_Fluctuation":  0.13626822979605444,
    "Day":  0.00000000000116847255598969,
    "Day_Fluctuation":  0.15713601999928259,
    "ThreeDay":  0.00000000000131648430047164,
    "ThreeDay_Fluctuation":  0.22186394659016329,
    "Week":  0.00000000000155468070435843,
    "Week_Fluctuation":  0.24221479772140997,
    "Duration":  "12.21:17:51.0862544",
    "Updated":  "\/Date(1581922658284)\/",
    "Failed":  0,
    "HashRate_Live":  0,
    "HashRate_Average":  7308260.5052729342,
    "BlockRate_Live":  16,
    "BlockRate_Average":  15.974073267961986,
    "Actual24h_Week":  0.000000900889623273713,
    "Estimate24h_Week":  0.00000116300713481056,
    "ErrorRatio":  0.774620891229919
}
