{
    "Live":  0.00000000000289,
    "Minute":  0.00000000000289,
    "Minute_Fluctuation":  1.3975667248206161E-16,
    "Minute_5":  0.00000000000295963662582652,
    "Minute_5_Fluctuation":  0.027922114634433223,
    "Minute_10":  0.0000000000030196170049377,
    "Minute_10_Fluctuation":  0.034011389153149538,
    "Hour":  0.00000000000318687404057458,
    "Hour_Fluctuation":  0.046716607006408839,
    "Day":  0.00000000000316789146058352,
    "Day_Fluctuation":  0.10107436784717407,
    "ThreeDay":  0.00000000000315568510899893,
    "ThreeDay_Fluctuation":  0.099454625349276238,
    "Week":  0.0000000000031795455428257,
    "Week_Fluctuation":  0.096575745944956728,
    "Duration":  "12.21:17:51.0862544",
    "Updated":  "\/Date(1581922658440)\/",
    "Failed":  0,
    "HashRate_Live":  0,
    "HashRate_Average":  1.3694475820143454E-13,
    "BlockRate_Live":  0,
    "BlockRate_Average":  4.5221028240261626E-127,
    "Actual24h_Week":  0.000000000029775625820841,
    "Estimate24h_Week":  0.00000307995583827305,
    "ErrorRatio":  0.00000966754959630389
}
