{
    "Live":  0.00000000878047,
    "Minute":  0.00000000878047,
    "Minute_Fluctuation":  1.8841374380939236E-16,
    "Minute_5":  0.00000000845811965686736,
    "Minute_5_Fluctuation":  0.10891009026442391,
    "Minute_10":  0.00000000770042565792565,
    "Minute_10_Fluctuation":  0.23010492751209921,
    "Hour":  0.00000000715134481115124,
    "Hour_Fluctuation":  0.22760966030721511,
    "Day":  0.00000000713998600705696,
    "Day_Fluctuation":  0.25393505593384069,
    "ThreeDay":  0.00000000671464374381864,
    "ThreeDay_Fluctuation":  0.254837820294777,
    "Week":  0.00000000656626958162361,
    "Week_Fluctuation":  0.24302466457523772,
    "Duration":  "12.21:17:51.0862544",
    "Updated":  "\/Date(1581922658589)\/",
    "Failed":  0,
    "HashRate_Live":  5336,
    "HashRate_Average":  5138.9285425001808,
    "BlockRate_Live":  7,
    "BlockRate_Average":  7.5786287289578258,
    "Actual24h_Week":  0.00676785091633186,
    "Estimate24h_Week":  0.00697009257056388,
    "ErrorRatio":  0.970984366106395
}
