{
    "Live":  0.00000000000045754,
    "Minute":  0.00000000000045754,
    "Minute_Fluctuation":  2.2068932960678742E-16,
    "Minute_5":  0.000000000000471042789043938,
    "Minute_5_Fluctuation":  0.054380655947377246,
    "Minute_10":  0.000000000000483024815867935,
    "Minute_10_Fluctuation":  0.0910704121963303,
    "Hour":  0.00000000000044608942454177,
    "Hour_Fluctuation":  0.14442728244405045,
    "Day":  0.000000000000419275213788902,
    "Day_Fluctuation":  0.34984161230158162,
    "ThreeDay":  0.000000000000517818735167375,
    "ThreeDay_Fluctuation":  0.356206934231339,
    "Week":  0.000000000000730457239971856,
    "Week_Fluctuation":  0.42212622321824833,
    "Duration":  "12.21:17:51.0862544",
    "Updated":  "\/Date(1581922657816)\/",
    "Failed":  0,
    "HashRate_Live":  3779608,
    "HashRate_Average":  3040442.1872466784,
    "BlockRate_Live":  0,
    "BlockRate_Average":  1.0471512872987104E-07,
    "Actual24h_Week":  0.00055483432967876,
    "Estimate24h_Week":  0.00042428168251548,
    "ErrorRatio":  1.30770276574105
}
