{
    "Live":  0.00000000000000006,
    "Minute":  0.00000000000000006,
    "Minute_Fluctuation":  2.0543252740130515E-16,
    "Minute_5":  0.0000000000000000575686885339,
    "Minute_5_Fluctuation":  0.079731591443930966,
    "Minute_10":  0.0000000000000000568449919712,
    "Minute_10_Fluctuation":  0.085064252544155353,
    "Hour":  0.000000000000000049951723297,
    "Hour_Fluctuation":  0.23339563658759477,
    "Day":  0.0000000000000000420869431979,
    "Day_Fluctuation":  0.23129228063971591,
    "ThreeDay":  0.000000000000000042132167265,
    "ThreeDay_Fluctuation":  0.25379992344230867,
    "Week":  0.000000000000000040958539067,
    "Week_Fluctuation":  0.27792345912770111,
    "Duration":  "12.21:17:51.0862544",
    "Updated":  "\/Date(1581922657712)\/",
    "Failed":  0,
    "HashRate_Live":  1875620235435,
    "HashRate_Average":  1651091999985.5076,
    "BlockRate_Live":  0,
    "BlockRate_Average":  6.3868238603063133E-31,
    "Actual24h_Week":  0.0000000106622529942717,
    "Estimate24h_Week":  0.0000000433628606567323,
    "ErrorRatio":  0.245884446569978
}
