{
    "Live":  0.0000000000032,
    "Minute":  0.0000000000032,
    "Minute_Fluctuation":  1.2621774483536189E-16,
    "Minute_5":  0.00000000000333074369617785,
    "Minute_5_Fluctuation":  0.042114761589702017,
    "Minute_10":  0.00000000000343416659880654,
    "Minute_10_Fluctuation":  0.042632852253660494,
    "Hour":  0.00000000000355470991296103,
    "Hour_Fluctuation":  0.089896105176017843,
    "Day":  0.00000000000296341493173605,
    "Day_Fluctuation":  0.39077117066852785,
    "ThreeDay":  0.00000000000310503697557051,
    "ThreeDay_Fluctuation":  0.39662987936944744,
    "Week":  0.0000000000029293475540556,
    "Week_Fluctuation":  0.41891644678062995,
    "Duration":  "11.05:17:28.0019351",
    "Updated":  "\/Date(1581922657945)\/",
    "Failed":  0,
    "HashRate_Live":  0,
    "HashRate_Average":  0.8739230830422785,
    "BlockRate_Live":  0,
    "BlockRate_Average":  2.6622932871503745E-115,
    "Actual24h_Week":  0.0000000000000038918853095477,
    "Estimate24h_Week":  0.00000338034879358223,
    "ErrorRatio":  0.00000000115132658962125
}
