{
    "Live":  0.00000000001229,
    "Minute":  0.00000000001229,
    "Minute_Fluctuation":  1.3145542179761043E-16,
    "Minute_5":  0.0000000000122900250069339,
    "Minute_5_Fluctuation":  2.3707371728998029E-05,
    "Minute_10":  0.0000000000122944657760491,
    "Minute_10_Fluctuation":  0.0020229832992732111,
    "Hour":  0.0000000000131032052403387,
    "Hour_Fluctuation":  0.13577869198447176,
    "Day":  0.0000000000196663273105711,
    "Day_Fluctuation":  0.24665674080322705,
    "ThreeDay":  0.0000000000219002092551206,
    "ThreeDay_Fluctuation":  0.25206497602928352,
    "Week":  0.0000000000236567385977691,
    "Week_Fluctuation":  0.26392816124265411,
    "Duration":  "12.21:17:51.0862544",
    "Updated":  "\/Date(1581920103062)\/",
    "Failed":  0,
    "HashRate_Live":  0,
    "HashRate_Average":  124984.57760532344,
    "BlockRate_Live":  2,
    "BlockRate_Average":  2.00075509826685,
    "Actual24h_Week":  0.0000305126241923129,
    "Estimate24h_Week":  0.0000203985609951028,
    "ErrorRatio":  1.49582238666924
}
