{
    "Live":  0.00000000129,
    "Minute":  0.00000000129,
    "Minute_Fluctuation":  1.6030632026221466E-16,
    "Minute_5":  0.00000000128951680528055,
    "Minute_5_Fluctuation":  0.0011082609608226769,
    "Minute_10":  0.00000000128860291731739,
    "Minute_10_Fluctuation":  0.0030365991908441908,
    "Hour":  0.0000000013002577010663,
    "Hour_Fluctuation":  0.029960574470412775,
    "Day":  0.0000000999399070673024,
    "Day_Fluctuation":  0.93484493216663467,
    "ThreeDay":  0.000000558882086863883,
    "ThreeDay_Fluctuation":  0.68889514991863277,
    "Week":  0.000000613883902381058,
    "Week_Fluctuation":  0.65852726968000352,
    "Duration":  "4.11:56:20.1165994",
    "Updated":  "\/Date(1581922657744)\/",
    "Failed":  0,
    "HashRate_Live":  211.003062,
    "HashRate_Average":  259.33741344200052,
    "BlockRate_Live":  1,
    "BlockRate_Average":  1.0040231635959116,
    "Actual24h_Week":  0.00000416776921377076,
    "Estimate24h_Week":  0.00322804414412459,
    "ErrorRatio":  0.12893693564662
}
