{
    "Live":  0.00000000000005,
    "Minute":  0.00000000000005,
    "Minute_Fluctuation":  1.2621774483536189E-16,
    "Minute_5":  0.000000000000055042226271792,
    "Minute_5_Fluctuation":  0.066798031204685471,
    "Minute_10":  0.0000000000000572355931564404,
    "Minute_10_Fluctuation":  0.042548176373677013,
    "Hour":  0.0000000000000562171100804922,
    "Hour_Fluctuation":  0.11269682363511109,
    "Day":  0.0000000000000382775452274029,
    "Day_Fluctuation":  0.34663092466132656,
    "ThreeDay":  0.0000000000000325956125227371,
    "ThreeDay_Fluctuation":  0.3838339765864347,
    "Week":  0.0000000000000295545980000995,
    "Week_Fluctuation":  0.38279292279850424,
    "Duration":  "12.21:17:51.0862544",
    "Updated":  "\/Date(1581922657900)\/",
    "Failed":  0,
    "HashRate_Live":  22693919997,
    "HashRate_Average":  21945634684.792858,
    "BlockRate_Live":  556,
    "BlockRate_Average":  564.86112919335142,
    "Actual24h_Week":  0.0000000303727843345727,
    "Estimate24h_Week":  0.0000000375487149616557,
    "ErrorRatio":  0.808890114231314
}
