{
    "Live":  0.00000000000113,
    "Minute":  0.00000000000113,
    "Minute_Fluctuation":  1.7871539091732657E-16,
    "Minute_5":  0.00000000000114607915409688,
    "Minute_5_Fluctuation":  0.022678610312927758,
    "Minute_10":  0.00000000000115589669536267,
    "Minute_10_Fluctuation":  0.023775279475212682,
    "Hour":  0.00000000000113494940084535,
    "Hour_Fluctuation":  0.038150746842681015,
    "Day":  0.00000000000120479956838743,
    "Day_Fluctuation":  0.092239924185106945,
    "ThreeDay":  0.00000000000123886258866057,
    "ThreeDay_Fluctuation":  0.10222202473500894,
    "Week":  0.00000000000120298804987,
    "Week_Fluctuation":  0.12843608445378638,
    "Duration":  "12.21:17:51.0862544",
    "Updated":  "\/Date(1581922658256)\/",
    "Failed":  0,
    "HashRate_Live":  3276315630,
    "HashRate_Average":  2997072688.5748525,
    "BlockRate_Live":  567,
    "BlockRate_Average":  571.18138309077278,
    "Actual24h_Week":  0.00000078498227552662,
    "Estimate24h_Week":  0.00000126406761665524,
    "ErrorRatio":  0.620997061536714
}
