{
    "Live":  0.00000000000113018,
    "Minute":  0.00000000000113018,
    "Minute_Fluctuation":  1.7868692751294399E-16,
    "Minute_5":  0.00000000000104117366313874,
    "Minute_5_Fluctuation":  0.13928608648973234,
    "Minute_10":  0.00000000000103577240593946,
    "Minute_10_Fluctuation":  0.12873885021911022,
    "Hour":  0.000000000001271191249851,
    "Hour_Fluctuation":  0.17901521645032323,
    "Day":  0.00000000000154190178874486,
    "Day_Fluctuation":  0.22731304419390552,
    "ThreeDay":  0.00000000000171535827433404,
    "ThreeDay_Fluctuation":  0.20806502461956217,
    "Week":  0.00000000000181744369402409,
    "Week_Fluctuation":  0.23021859653388571,
    "Duration":  "12.21:17:51.0862544",
    "Updated":  "\/Date(1581922657845)\/",
    "Failed":  0,
    "HashRate_Live":  1352942,
    "HashRate_Average":  936560.38819275529,
    "BlockRate_Live":  0,
    "BlockRate_Average":  0.12352421348876873,
    "Actual24h_Week":  0.000372976281585834,
    "Estimate24h_Week":  0.00154043824804825,
    "ErrorRatio":  0.242123487947926
}
