{
    "Live":  0.00000000000004,
    "Minute":  0.00000000000004,
    "Minute_Fluctuation":  0,
    "Minute_5":  0.0000000000000399859561919857,
    "Minute_5_Fluctuation":  0.0032301907981997506,
    "Minute_10":  0.0000000000000393980353455886,
    "Minute_10_Fluctuation":  0.06945180498683208,
    "Hour":  0.0000000000000311303857057522,
    "Hour_Fluctuation":  0.29461030804190563,
    "Day":  0.0000000000000341319150048632,
    "Day_Fluctuation":  0.20757518360518962,
    "ThreeDay":  0.0000000000000347660084716302,
    "ThreeDay_Fluctuation":  0.23263331921804992,
    "Week":  0.0000000000000328634438074842,
    "Week_Fluctuation":  0.3014276944308667,
    "Duration":  "12.21:17:51.0862544",
    "Updated":  "\/Date(1581920912771)\/",
    "Failed":  0,
    "HashRate_Live":  0,
    "HashRate_Average":  1.4271533138141246,
    "BlockRate_Live":  0,
    "BlockRate_Average":  0,
    "Actual24h_Week":  0,
    "Estimate24h_Week":  0.000000039976012732479,
    "ErrorRatio":  0
}
