{
    "Live":  0.00000000000000078,
    "Minute":  0.00000000000000078,
    "Minute_Fluctuation":  0,
    "Minute_5":  0.0000000000000014899524254694,
    "Minute_5_Fluctuation":  0.40531252226293479,
    "Minute_10":  0.0000000000000018192471783677,
    "Minute_10_Fluctuation":  0.34100849858834625,
    "Hour":  0.0000000000000026033909899655,
    "Hour_Fluctuation":  0.27371389444011607,
    "Day":  0.0000000000000026195948364684,
    "Day_Fluctuation":  0.275315957191507,
    "ThreeDay":  0.0000000000000027125789876546,
    "ThreeDay_Fluctuation":  0.30613718878661772,
    "Week":  0.0000000000000025529330430216,
    "Week_Fluctuation":  0.30045737714262588,
    "Duration":  "12.21:17:51.0862544",
    "Updated":  "\/Date(1581922658208)\/",
    "Failed":  0,
    "HashRate_Live":  0,
    "HashRate_Average":  4.944463563772706E-13,
    "BlockRate_Live":  0,
    "BlockRate_Average":  0,
    "Actual24h_Week":  0,
    "Estimate24h_Week":  0.00000278822446247607,
    "ErrorRatio":  0
}
