{
    "Live":  0.000000000000000005,
    "Minute":  0.000000000000000005,
    "Minute_Fluctuation":  1.5407439555097887E-16,
    "Minute_5":  0.000000000000000005,
    "Minute_5_Fluctuation":  1.5407439555097889E-16,
    "Minute_10":  0.000000000000000005,
    "Minute_10_Fluctuation":  1.5407439555097892E-16,
    "Hour":  0.000000000000000005,
    "Hour_Fluctuation":  3.9843801485865974E-15,
    "Day":  0.0000000000000000050081949424,
    "Day_Fluctuation":  0.00552701786079249,
    "ThreeDay":  0.0000000000000000050253803201,
    "ThreeDay_Fluctuation":  0.013575877901085141,
    "Week":  0.0000000000000000050436983277,
    "Week_Fluctuation":  0.019460225632154264,
    "Duration":  "12.21:17:51.0862544",
    "Updated":  "\/Date(1581784303783)\/",
    "Failed":  0,
    "HashRate_Live":  0,
    "HashRate_Average":  0,
    "BlockRate_Live":  0,
    "BlockRate_Average":  0,
    "Actual24h_Week":  0,
    "Estimate24h_Week":  0.00000001,
    "ErrorRatio":  0
}
