{
    "Live":  0.00000000000054,
    "Minute":  0.00000000000054,
    "Minute_Fluctuation":  0,
    "Minute_5":  0.000000000000551346962022553,
    "Minute_5_Fluctuation":  0.081690015911129857,
    "Minute_10":  0.000000000000583828254262232,
    "Minute_10_Fluctuation":  0.14349727873165219,
    "Hour":  0.000000000000573514786494057,
    "Hour_Fluctuation":  0.091912301413550709,
    "Day":  0.000000000000620231591643326,
    "Day_Fluctuation":  0.14811986464330398,
    "ThreeDay":  0.00000000000060258907299136,
    "ThreeDay_Fluctuation":  0.17305056328389098,
    "Week":  0.000000000000592950893862876,
    "Week_Fluctuation":  0.16578142590612746,
    "Duration":  "12.21:17:51.0862544",
    "Updated":  "\/Date(1581922658332)\/",
    "Failed":  0,
    "HashRate_Live":  323668691,
    "HashRate_Average":  405037987.53076637,
    "BlockRate_Live":  163,
    "BlockRate_Average":  165.79970498345983,
    "Actual24h_Week":  0.000000725383248865144,
    "Estimate24h_Week":  0.000000611597545451956,
    "ErrorRatio":  1.18604669730828
}
