{
    "Live":  0.000000001968,
    "Minute":  0.000000001968,
    "Minute_Fluctuation":  2.1015767595351316E-16,
    "Minute_5":  0.00000000196738345622226,
    "Minute_5_Fluctuation":  0.001680342947033584,
    "Minute_10":  0.0000000019695910988966,
    "Minute_10_Fluctuation":  0.0043290693923471023,
    "Hour":  0.00000000198510694798743,
    "Hour_Fluctuation":  0.018059194436061184,
    "Day":  0.00000000204213243210413,
    "Day_Fluctuation":  0.042120605739723746,
    "ThreeDay":  0.00000000200005675467136,
    "ThreeDay_Fluctuation":  0.065994502996460827,
    "Week":  0.00000000193189677244564,
    "Week_Fluctuation":  0.083843734904039166,
    "Duration":  "12.21:17:51.0862544",
    "Updated":  "\/Date(1581922657796)\/",
    "Failed":  0,
    "HashRate_Live":  5595.919426,
    "HashRate_Average":  5845.5033766076585,
    "BlockRate_Live":  273,
    "BlockRate_Average":  272.77065746812127,
    "Actual24h_Week":  0.00000830444887382703,
    "Estimate24h_Week":  0.00923406684019963,
    "ErrorRatio":  0.0008993273513761
}
