{
    "Live":  0.00000000000377,
    "Minute":  0.00000000000377,
    "Minute_Fluctuation":  2.142688506488902E-16,
    "Minute_5":  0.0000000000047929035821837,
    "Minute_5_Fluctuation":  0.30159443647974205,
    "Minute_10":  0.00000000000532148922078468,
    "Minute_10_Fluctuation":  0.29017966190278671,
    "Hour":  0.00000000000551717812610214,
    "Hour_Fluctuation":  0.22369368364173506,
    "Day":  0.00000000000557720370413532,
    "Day_Fluctuation":  0.22796602357421128,
    "ThreeDay":  0.00000000000564541940425303,
    "ThreeDay_Fluctuation":  0.23905248792057854,
    "Week":  0.00000000000575553810206553,
    "Week_Fluctuation":  0.2503204570835395,
    "Duration":  "12.21:17:51.0862544",
    "Updated":  "\/Date(1581922534461)\/",
    "Failed":  0,
    "HashRate_Live":  0,
    "HashRate_Average":  14.487933735632744,
    "BlockRate_Live":  0,
    "BlockRate_Average":  1.127635590891912E-23,
    "Actual24h_Week":  0.000000103296754960228,
    "Estimate24h_Week":  0.00000568870253560186,
    "ErrorRatio":  0.0181582275244243
}
