{
    "Live":  0.00000000000961,
    "Minute":  0.00000000000961,
    "Minute_Fluctuation":  0,
    "Minute_5":  0.0000000000093457252922945,
    "Minute_5_Fluctuation":  0.049367343189529789,
    "Minute_10":  0.00000000000970656180528172,
    "Minute_10_Fluctuation":  0.09237290563856361,
    "Hour":  0.0000000000116653544388016,
    "Hour_Fluctuation":  0.10273355984487585,
    "Day":  0.0000000000108971089849878,
    "Day_Fluctuation":  0.13751398210629151,
    "ThreeDay":  0.0000000000109657923985436,
    "ThreeDay_Fluctuation":  0.13002424984151159,
    "Week":  0.0000000000111175856368792,
    "Week_Fluctuation":  0.12831730277369469,
    "Duration":  "12.21:17:51.0862544",
    "Updated":  "\/Date(1581922658102)\/",
    "Failed":  0,
    "HashRate_Live":  0,
    "HashRate_Average":  27.112400136701414,
    "BlockRate_Live":  22,
    "BlockRate_Average":  26.2104107637497,
    "Actual24h_Week":  0.0000103411444837112,
    "Estimate24h_Week":  0.0000107511045694871,
    "ErrorRatio":  0.961868096145263
}
