{
    "Live":  0.00000000000000001,
    "Minute":  0.00000000000000001,
    "Minute_Fluctuation":  1.5407439555097887E-16,
    "Minute_5":  0.0000000000000000100969894701,
    "Minute_5_Fluctuation":  0.042822306299596734,
    "Minute_10":  0.0000000000000000109852880996,
    "Minute_10_Fluctuation":  0.19148537197363133,
    "Hour":  0.0000000000000000122991346274,
    "Hour_Fluctuation":  0.25875827774586357,
    "Day":  0.0000000000000000115488281119,
    "Day_Fluctuation":  0.2402367873452074,
    "ThreeDay":  0.0000000000000000118480510415,
    "ThreeDay_Fluctuation":  0.27341125378362374,
    "Week":  0.0000000000000000121816144502,
    "Week_Fluctuation":  0.30002156138345337,
    "Duration":  "12.21:17:51.0862544",
    "Updated":  "\/Date(1581922534129)\/",
    "Failed":  0,
    "HashRate_Live":  0,
    "HashRate_Average":  38918991135.562843,
    "BlockRate_Live":  0,
    "BlockRate_Average":  0,
    "Actual24h_Week":  0,
    "Estimate24h_Week":  0.0000000100006146022097,
    "ErrorRatio":  0
}
