{
    "Live":  0.00000000000263,
    "Minute":  0.00000000000263,
    "Minute_Fluctuation":  1.5357292147268366E-16,
    "Minute_5":  0.00000000000257972720324321,
    "Minute_5_Fluctuation":  0.040752336726365086,
    "Minute_10":  0.00000000000257745967841933,
    "Minute_10_Fluctuation":  0.05204774116366,
    "Hour":  0.00000000000263345164867427,
    "Hour_Fluctuation":  0.10338148998375372,
    "Day":  0.00000000000279041641560288,
    "Day_Fluctuation":  0.39426979290461922,
    "ThreeDay":  0.00000000000201630368736539,
    "ThreeDay_Fluctuation":  0.62553762300933979,
    "Week":  0.00000000000159759820226629,
    "Week_Fluctuation":  0.6291796746446815,
    "Duration":  "7.18:12:52.2595156",
    "Updated":  "\/Date(1581922658226)\/",
    "Failed":  0,
    "HashRate_Live":  13743895,
    "HashRate_Average":  10630227.632323951,
    "BlockRate_Live":  131,
    "BlockRate_Average":  134.38250816065968,
    "Actual24h_Week":  0.0000041218337743956,
    "Estimate24h_Week":  0.00000256384209330977,
    "ErrorRatio":  1.60767848579729
}
