{
    "Live":  0.00000000000024018,
    "Minute":  0.00000000000024018,
    "Minute_Fluctuation":  2.1020525411834774E-16,
    "Minute_5":  0.000000000000241259117008102,
    "Minute_5_Fluctuation":  0.015985657564262373,
    "Minute_10":  0.000000000000247276493896158,
    "Minute_10_Fluctuation":  0.056578299519722333,
    "Hour":  0.000000000000276537123330678,
    "Hour_Fluctuation":  0.091426355299725925,
    "Day":  0.000000000000178343885900167,
    "Day_Fluctuation":  0.47215445808707607,
    "ThreeDay":  0.000000000000147211822268194,
    "ThreeDay_Fluctuation":  0.45528704463867747,
    "Week":  0.000000000000147255190693837,
    "Week_Fluctuation":  0.43750421503817144,
    "Duration":  "12.21:17:51.0862544",
    "Updated":  "\/Date(1581922286229)\/",
    "Failed":  0,
    "HashRate_Live":  0,
    "HashRate_Average":  100.23532825154994,
    "BlockRate_Live":  1,
    "BlockRate_Average":  1.0230188897068997,
    "Actual24h_Week":  0.000167275060131886,
    "Estimate24h_Week":  0.000138166859808504,
    "ErrorRatio":  1.2106742554888
}
