{
    "Live":  0.00000000000033232,
    "Minute":  0.00000000000033232,
    "Minute_Fluctuation":  1.5192314014848567E-16,
    "Minute_5":  0.000000000000327861193746778,
    "Minute_5_Fluctuation":  0.022446524339953589,
    "Minute_10":  0.000000000000333385814922779,
    "Minute_10_Fluctuation":  0.0546271232844454,
    "Hour":  0.000000000000348873155299949,
    "Hour_Fluctuation":  0.0931816382099324,
    "Day":  0.000000000000358130678238949,
    "Day_Fluctuation":  0.067937335874378627,
    "ThreeDay":  0.000000000000357957609153164,
    "ThreeDay_Fluctuation":  0.061396046519298336,
    "Week":  0.000000000000350162509075532,
    "Week_Fluctuation":  0.073313732931711839,
    "Duration":  "12.21:17:51.0862544",
    "Updated":  "\/Date(1581922658031)\/",
    "Failed":  0,
    "HashRate_Live":  0,
    "HashRate_Average":  2.05685248844898E-22,
    "BlockRate_Live":  0,
    "BlockRate_Average":  9.56414939727552E-20,
    "Actual24h_Week":  0.0000230905130413594,
    "Estimate24h_Week":  0.000364361667552446,
    "ErrorRatio":  0.0633725089592083
}
