{
    "Live":  0.00000000000032,
    "Minute":  0.00000000000032,
    "Minute_Fluctuation":  0,
    "Minute_5":  0.000000000000320000747457182,
    "Minute_5_Fluctuation":  2.7133484788189382E-05,
    "Minute_10":  0.000000000000320198447074273,
    "Minute_10_Fluctuation":  0.0032967984602033031,
    "Hour":  0.000000000000329870525185085,
    "Hour_Fluctuation":  0.040505362515850206,
    "Day":  0.000000000000319228676895085,
    "Day_Fluctuation":  0.15266065488322486,
    "ThreeDay":  0.000000000000264170389835577,
    "ThreeDay_Fluctuation":  0.34230906641678505,
    "Week":  0.00000000000020782892128407,
    "Week_Fluctuation":  0.41936952687351103,
    "Duration":  "12.21:17:51.0862544",
    "Updated":  "\/Date(1581920102766)\/",
    "Failed":  0,
    "HashRate_Live":  0,
    "HashRate_Average":  1.9467619176581139,
    "BlockRate_Live":  0,
    "BlockRate_Average":  0,
    "Actual24h_Week":  0,
    "Estimate24h_Week":  0.00000030476629000175,
    "ErrorRatio":  0
}
