{
    "Live":  0.00000000000000061,
    "Minute":  0.00000000000000061,
    "Minute_Fluctuation":  1.6165182484037127E-16,
    "Minute_5":  0.0000000000000006127310594311,
    "Minute_5_Fluctuation":  0.023370537233545013,
    "Minute_10":  0.0000000000000006127679440681,
    "Minute_10_Fluctuation":  0.029817409761819069,
    "Hour":  0.0000000000000006276984327343,
    "Hour_Fluctuation":  0.070378091657612524,
    "Day":  0.0000000000000005841276960849,
    "Day_Fluctuation":  0.12426257076614694,
    "ThreeDay":  0.0000000000000005790867789619,
    "ThreeDay_Fluctuation":  0.14108567668778679,
    "Week":  0.0000000000000005456954486299,
    "Week_Fluctuation":  0.17460608429913332,
    "Duration":  "12.21:17:51.0862544",
    "Updated":  "\/Date(1581922657966)\/",
    "Failed":  0,
    "HashRate_Live":  484488803663,
    "HashRate_Average":  306019225308.05573,
    "BlockRate_Live":  56,
    "BlockRate_Average":  55.539394951103915,
    "Actual24h_Week":  0.000000764722378849889,
    "Estimate24h_Week":  0.000000584361867925416,
    "ErrorRatio":  1.30864524334003
}
