{
    "Live":  0.0000000069364,
    "Minute":  0.0000000069364,
    "Minute_Fluctuation":  1.1925214989807791E-16,
    "Minute_5":  0.00000000693955198443622,
    "Minute_5_Fluctuation":  0.036959539844006351,
    "Minute_10":  0.00000000718482929548231,
    "Minute_10_Fluctuation":  0.065149124779424569,
    "Hour":  0.00000000672622433007001,
    "Hour_Fluctuation":  0.20384674110376835,
    "Day":  0.00000000617677175402044,
    "Day_Fluctuation":  0.18964326460377265,
    "ThreeDay":  0.00000000618018410248837,
    "ThreeDay_Fluctuation":  0.19756075153395106,
    "Week":  0.00000000606627658163486,
    "Week_Fluctuation":  0.20244433711728238,
    "Duration":  "12.21:17:51.0862544",
    "Updated":  "\/Date(1581922658514)\/",
    "Failed":  0,
    "HashRate_Live":  0,
    "HashRate_Average":  323.06604351688486,
    "BlockRate_Live":  14,
    "BlockRate_Average":  15.904979977089704,
    "Actual24h_Week":  0.0131549769699559,
    "Estimate24h_Week":  0.00627636533201089,
    "ErrorRatio":  2.09595462884586
}
