{
    "Live":  0.00000004520797,
    "Minute":  0.00000004520797,
    "Minute_Fluctuation":  0,
    "Minute_5":  0.000000044800141759553,
    "Minute_5_Fluctuation":  0.016173904175099604,
    "Minute_10":  0.000000044470154492778,
    "Minute_10_Fluctuation":  0.029273010711052538,
    "Hour":  0.0000000413171240787692,
    "Hour_Fluctuation":  0.13631105839944768,
    "Day":  0.0000000504093996515099,
    "Day_Fluctuation":  0.13231830748288267,
    "ThreeDay":  0.0000000533882489207186,
    "ThreeDay_Fluctuation":  0.15292363721175717,
    "Week":  0.0000000538545297500901,
    "Week_Fluctuation":  0.16420025006356739,
    "Duration":  "12.21:17:51.0862544",
    "Updated":  "\/Date(1581922658547)\/",
    "Failed":  0,
    "HashRate_Live":  23222,
    "HashRate_Average":  18859.347112975331,
    "BlockRate_Live":  44,
    "BlockRate_Average":  44.693816202799148,
    "Actual24h_Week":  0.0483727607790038,
    "Estimate24h_Week":  0.0525263542572912,
    "ErrorRatio":  0.920923628966485
}
