{
    "Live":  0.00000000163054,
    "Minute":  0.00000000163054,
    "Minute_Fluctuation":  1.2682617607556817E-16,
    "Minute_5":  0.00000000168993676172829,
    "Minute_5_Fluctuation":  0.050456797379805976,
    "Minute_10":  0.00000000177290703092204,
    "Minute_10_Fluctuation":  0.08044139223829766,
    "Hour":  0.00000000218828502896064,
    "Hour_Fluctuation":  0.12224015172018418,
    "Day":  0.00000000210214105960155,
    "Day_Fluctuation":  0.16074185540166586,
    "ThreeDay":  0.00000000214219821453764,
    "ThreeDay_Fluctuation":  0.1680702295399959,
    "Week":  0.00000000214448310501914,
    "Week_Fluctuation":  0.17491901153441319,
    "Duration":  "12.21:17:51.0862544",
    "Updated":  "\/Date(1581922658487)\/",
    "Failed":  0,
    "HashRate_Live":  303758,
    "HashRate_Average":  377589.10561864183,
    "BlockRate_Live":  26,
    "BlockRate_Average":  26.733944152471537,
    "Actual24h_Week":  0.00220560779916359,
    "Estimate24h_Week":  0.00210083675506142,
    "ErrorRatio":  1.04987110200245
}
