{
    "Live":  0.00000000000000079,
    "Minute":  0.00000000000000079,
    "Minute_Fluctuation":  2.4963952696867461E-16,
    "Minute_5":  0.0000000000000007899485615337,
    "Minute_5_Fluctuation":  0.00046012918264149311,
    "Minute_10":  0.0000000000000007883683300496,
    "Minute_10_Fluctuation":  0.0078534806277862409,
    "Hour":  0.0000000000000007300812330516,
    "Hour_Fluctuation":  0.08816877116929446,
    "Day":  0.000000000000000594384677529,
    "Day_Fluctuation":  0.16590214203608938,
    "ThreeDay":  0.0000000000000005098483346802,
    "ThreeDay_Fluctuation":  0.22217193031037444,
    "Week":  0.0000000000000004879106084001,
    "Week_Fluctuation":  0.16986942617684159,
    "Duration":  "12.21:17:51.0862544",
    "Updated":  "\/Date(1581922657869)\/",
    "Failed":  0,
    "HashRate_Live":  104701109397,
    "HashRate_Average":  113027298572.93105,
    "BlockRate_Live":  3,
    "BlockRate_Average":  3.2085528777480081,
    "Actual24h_Week":  0.000000439071713526254,
    "Estimate24h_Week":  0.000000569151876683382,
    "ErrorRatio":  0.77144911844068
}
