{
    "Live":  0.00000000000757,
    "Minute":  0.00000000000757,
    "Minute_Fluctuation":  0,
    "Minute_5":  0.0000000000086226608357637,
    "Minute_5_Fluctuation":  0.15591266405598866,
    "Minute_10":  0.0000000000088203107248829,
    "Minute_10_Fluctuation":  0.17361113905156106,
    "Hour":  0.00000000000834717288571496,
    "Hour_Fluctuation":  0.15568128074189319,
    "Day":  0.00000000000845803176555314,
    "Day_Fluctuation":  0.19335427447606016,
    "ThreeDay":  0.00000000000814027266371564,
    "ThreeDay_Fluctuation":  0.20956673990154756,
    "Week":  0.0000000000076201076187858,
    "Week_Fluctuation":  0.22810962235553081,
    "Duration":  "12.21:17:51.0862544",
    "Updated":  "\/Date(1581922658009)\/",
    "Failed":  0,
    "HashRate_Live":  214290213,
    "HashRate_Average":  163437660.54841372,
    "BlockRate_Live":  730,
    "BlockRate_Average":  729.420571308402,
    "Actual24h_Week":  0.00000411829710053357,
    "Estimate24h_Week":  0.00000859484455800106,
    "ErrorRatio":  0.47915899732006
}
