{
    "Live":  0.00000000000042,
    "Minute":  0.00000000000042,
    "Minute_Fluctuation":  0,
    "Minute_5":  0.000000000000425745260463395,
    "Minute_5_Fluctuation":  0.042002908242075129,
    "Minute_10":  0.000000000000424851934887559,
    "Minute_10_Fluctuation":  0.064084774549098431,
    "Hour":  0.000000000000447032962549313,
    "Hour_Fluctuation":  0.1753299761539531,
    "Day":  0.000000000000488214624816416,
    "Day_Fluctuation":  0.20777812954977856,
    "ThreeDay":  0.000000000000462402472221531,
    "ThreeDay_Fluctuation":  0.2441705003819839,
    "Week":  0.000000000000441664142058711,
    "Week_Fluctuation":  0.26503969832463825,
    "Duration":  "12.21:17:51.0862544",
    "Updated":  "\/Date(1581922657925)\/",
    "Failed":  0,
    "HashRate_Live":  441637127,
    "HashRate_Average":  415098318.12551862,
    "BlockRate_Live":  18,
    "BlockRate_Average":  17.598302481107396,
    "Actual24h_Week":  0.000000539034728392991,
    "Estimate24h_Week":  0.000000506557381025516,
    "ErrorRatio":  1.06411385675938
}
