{
    "Live":  0.000000000002,
    "Minute":  0.000000000002,
    "Minute_Fluctuation":  0,
    "Minute_5":  0.00000000000200060226968618,
    "Minute_5_Fluctuation":  0.0050931238893363769,
    "Minute_10":  0.0000000000020018927399721,
    "Minute_10_Fluctuation":  0.014502661701817139,
    "Hour":  0.00000000000216162732726646,
    "Hour_Fluctuation":  0.063451385047927064,
    "Day":  0.00000000000201306760105407,
    "Day_Fluctuation":  0.18667009637411697,
    "ThreeDay":  0.00000000000191666276888747,
    "ThreeDay_Fluctuation":  0.23927192564547417,
    "Week":  0.00000000000176030995479742,
    "Week_Fluctuation":  0.27711985391029947,
    "Duration":  "12.21:17:51.0862544",
    "Updated":  "\/Date(1581922658308)\/",
    "Failed":  0,
    "HashRate_Live":  738218997,
    "HashRate_Average":  734633288.099092,
    "BlockRate_Live":  36,
    "BlockRate_Average":  34.927065426892661,
    "Actual24h_Week":  0.00000100263172102306,
    "Estimate24h_Week":  0.00000203495779408595,
    "ErrorRatio":  0.492703939087552
}
