{
    "Live":  0.00000000000068,
    "Minute":  0.00000000000068,
    "Minute_Fluctuation":  1.4849146451219046E-16,
    "Minute_5":  0.000000000000661777469052581,
    "Minute_5_Fluctuation":  0.051016951631032419,
    "Minute_10":  0.000000000000635491822074213,
    "Minute_10_Fluctuation":  0.076537920244062571,
    "Hour":  0.000000000000575456706287048,
    "Hour_Fluctuation":  0.09798790042086318,
    "Day":  0.000000000000471035679414998,
    "Day_Fluctuation":  0.27434905721460745,
    "ThreeDay":  0.000000000000445973696942908,
    "ThreeDay_Fluctuation":  0.31430983545921432,
    "Week":  0.000000000000427092738718698,
    "Week_Fluctuation":  0.41177177000045656,
    "Duration":  "12.18:28:35.8921542",
    "Updated":  "\/Date(1581922658150)\/",
    "Failed":  0,
    "HashRate_Live":  0,
    "HashRate_Average":  0.0064756649103956477,
    "BlockRate_Live":  0,
    "BlockRate_Average":  2.6525664802910673E-78,
    "Actual24h_Week":  0.0000000019097704006159,
    "Estimate24h_Week":  0.000000418418938276691,
    "ErrorRatio":  0.00456425421010231
}
