{
    "Live":  0.000000000978,
    "Minute":  0.000000000978,
    "Minute_Fluctuation":  0,
    "Minute_5":  0.000000000979856646495716,
    "Minute_5_Fluctuation":  0.0085224674310553066,
    "Minute_10":  0.000000000996771728049815,
    "Minute_10_Fluctuation":  0.0412375804212348,
    "Hour":  0.00000000111254041468576,
    "Hour_Fluctuation":  0.069146065636272278,
    "Day":  0.00000000108715500361354,
    "Day_Fluctuation":  0.35156842831456281,
    "ThreeDay":  0.000000000839813389975543,
    "ThreeDay_Fluctuation":  0.40709395061829456,
    "Week":  0.000000000766927160000986,
    "Week_Fluctuation":  0.36631775950123208,
    "Duration":  "12.21:17:51.0862544",
    "Updated":  "\/Date(1581922657766)\/",
    "Failed":  0,
    "HashRate_Live":  1000.883468,
    "HashRate_Average":  894.78103791963508,
    "BlockRate_Live":  72,
    "BlockRate_Average":  71.770907462737952,
    "Actual24h_Week":  0.00000375065957727071,
    "Estimate24h_Week":  0.00326409422284016,
    "ErrorRatio":  0.00114906596477082
}
