{
    "Live":  0.000000000007325,
    "Minute":  0.000000000007325,
    "Minute_Fluctuation":  0,
    "Minute_5":  0.00000000000753018893192486,
    "Minute_5_Fluctuation":  0.035618569303269017,
    "Minute_10":  0.00000000000752565434307117,
    "Minute_10_Fluctuation":  0.046801203257698459,
    "Hour":  0.00000000000758173718172734,
    "Hour_Fluctuation":  0.12011548816231871,
    "Day":  0.00000000000881608700126971,
    "Day_Fluctuation":  0.20490774700242803,
    "ThreeDay":  0.00000000000871815510689064,
    "ThreeDay_Fluctuation":  0.20886003927836666,
    "Week":  0.00000000000876090675981471,
    "Week_Fluctuation":  0.20877089209872721,
    "Duration":  "12.21:17:51.0862544",
    "Updated":  "\/Date(1581922658180)\/",
    "Failed":  0,
    "HashRate_Live":  104590966,
    "HashRate_Average":  83491665.543602616,
    "BlockRate_Live":  0,
    "BlockRate_Average":  7.420054137143541E-26,
    "Actual24h_Week":  0.000000853756619976634,
    "Estimate24h_Week":  0.0000177853077905147,
    "ErrorRatio":  0.0480034773664114
}
