{
    "Live":  0.00000000000348,
    "Minute":  0.00000000000348,
    "Minute_Fluctuation":  0,
    "Minute_5":  0.00000000000341834078940694,
    "Minute_5_Fluctuation":  0.033985298049208718,
    "Minute_10":  0.00000000000336887862683382,
    "Minute_10_Fluctuation":  0.044566230194052141,
    "Hour":  0.00000000000356778923497148,
    "Hour_Fluctuation":  0.10354249548653963,
    "Day":  0.00000000000348237606884729,
    "Day_Fluctuation":  0.14821815514007919,
    "ThreeDay":  0.00000000000338382791133847,
    "ThreeDay_Fluctuation":  0.16951419299842385,
    "Week":  0.00000000000370621992237098,
    "Week_Fluctuation":  0.19751967975473994,
    "Duration":  "12.21:17:51.0862544",
    "Updated":  "\/Date(1581922657608)\/",
    "Failed":  0,
    "HashRate_Live":  10307922,
    "HashRate_Average":  14393228.545820672,
    "BlockRate_Live":  166,
    "BlockRate_Average":  172.67179642293578,
    "Actual24h_Week":  0.0000037004928398872,
    "Estimate24h_Week":  0.00000337023359511021,
    "ErrorRatio":  1.09799298341105
}
