{
    "Live":  0.00000000014783,
    "Minute":  0.00000000014783,
    "Minute_Fluctuation":  0,
    "Minute_5":  0.000000000155305302745722,
    "Minute_5_Fluctuation":  0.050603263863328411,
    "Minute_10":  0.000000000163604905967711,
    "Minute_10_Fluctuation":  0.094548334216044166,
    "Hour":  0.000000000190236844314915,
    "Hour_Fluctuation":  0.13651392172671273,
    "Day":  0.000000000162093777334306,
    "Day_Fluctuation":  0.27578758746309429,
    "ThreeDay":  0.000000000150614508071931,
    "ThreeDay_Fluctuation":  0.30435162288569695,
    "Week":  0.000000000133002525432756,
    "Week_Fluctuation":  0.34711868195722079,
    "Duration":  "12.21:17:51.0862544",
    "Updated":  "\/Date(1581922657628)\/",
    "Failed":  0,
    "HashRate_Live":  4061,
    "HashRate_Average":  3169.0499574976552,
    "BlockRate_Live":  1,
    "BlockRate_Average":  0.99999996972299787,
    "Actual24h_Week":  0.0000883984694999785,
    "Estimate24h_Week":  0.000160721652706055,
    "ErrorRatio":  0.550009709405187
}
