{
    "Live":  0.00000000000010362,
    "Minute":  0.00000000000010362,
    "Minute_Fluctuation":  1.2180828492121394E-16,
    "Minute_5":  0.0000000000000984181140065424,
    "Minute_5_Fluctuation":  0.12606978346050149,
    "Minute_10":  0.0000000000000957341145372368,
    "Minute_10_Fluctuation":  0.189673043113759,
    "Hour":  0.0000000000000672409281973701,
    "Hour_Fluctuation":  0.5530538006073531,
    "Day":  0.0000000000000916141611415349,
    "Day_Fluctuation":  0.29084144468261475,
    "ThreeDay":  0.0000000000000921782313134425,
    "ThreeDay_Fluctuation":  0.30914789550028748,
    "Week":  0.0000000000000874533562266406,
    "Week_Fluctuation":  0.3261131231023911,
    "Duration":  "12.21:17:51.0862544",
    "Updated":  "\/Date(1581922658128)\/",
    "Failed":  0,
    "HashRate_Live":  0,
    "HashRate_Average":  249.06741459161887,
    "BlockRate_Live":  0,
    "BlockRate_Average":  3.7799382143603365E-35,
    "Actual24h_Week":  0.00000133586771805844,
    "Estimate24h_Week":  0.0000940378081071882,
    "ErrorRatio":  0.0142056449947852
}
