{
    "Live":  0.00000001414356,
    "Minute":  0.00000001414356,
    "Minute_Fluctuation":  0,
    "Minute_5":  0.0000000148426617364834,
    "Minute_5_Fluctuation":  0.070967912822723217,
    "Minute_10":  0.0000000153424100731096,
    "Minute_10_Fluctuation":  0.086372530914336054,
    "Hour":  0.0000000166652663710594,
    "Hour_Fluctuation":  0.12767975930643186,
    "Day":  0.000000017873116087298,
    "Day_Fluctuation":  0.10849973216518648,
    "ThreeDay":  0.0000000180873770256876,
    "ThreeDay_Fluctuation":  0.1208489443991327,
    "Week":  0.0000000175819831092765,
    "Week_Fluctuation":  0.1458174352315153,
    "Duration":  "12.21:17:51.0862544",
    "Updated":  "\/Date(1581922658567)\/",
    "Failed":  0,
    "HashRate_Live":  14103,
    "HashRate_Average":  12920.402243260249,
    "BlockRate_Live":  66,
    "BlockRate_Average":  65.463083948949716,
    "Actual24h_Week":  0.016947280046417,
    "Estimate24h_Week":  0.0185669191678543,
    "ErrorRatio":  0.912767481411704
}
