{
    "Live":  0.0000174875657907466,
    "Minute":  0.0000174875657907466,
    "Minute_Fluctuation":  2.5186874939752929E-15,
    "Minute_5":  0.0000173957633476835,
    "Minute_5_Fluctuation":  0.012152552118524406,
    "Minute_10":  0.0000171582515912979,
    "Minute_10_Fluctuation":  0.029977298409944779,
    "Hour":  0.0000164545555923104,
    "Hour_Fluctuation":  0.052489613285114887,
    "Day":  0.0000195228943969841,
    "Day_Fluctuation":  0.071023663492903427,
    "ThreeDay":  0.0000199869577385546,
    "ThreeDay_Fluctuation":  0.072411141869724832,
    "Week":  0.0000193704260799044,
    "Week_Fluctuation":  0.083820669974452464,
    "Duration":  "12.21:23:56.4011561",
    "Updated":  "\/Date(1581923099869)\/",
    "Failed":  0,
    "HashRate_Live":  46198,
    "HashRate_Average":  45947.338831489411,
    "BlockRate_Live":  130,
    "BlockRate_Average":  131.47699990689443,
    "Actual24h_Week":  0,
    "Estimate24h_Week":  0,
    "ErrorRatio":  1
}
