{
    "Live":  0.0000000000000362986203492377,
    "Minute":  0.0000000000000362986203492377,
    "Minute_Fluctuation":  0,
    "Minute_5":  0.0000000000000362883997556634,
    "Minute_5_Fluctuation":  0.0007950960386297613,
    "Minute_10":  0.0000000000000362573124730202,
    "Minute_10_Fluctuation":  0.00169834220259583,
    "Hour":  0.0000000000000360915738754866,
    "Hour_Fluctuation":  0.0051081894575329316,
    "Day":  0.0000000000000369271528487864,
    "Day_Fluctuation":  0.032377617413976392,
    "ThreeDay":  0.0000000000000370040991765322,
    "ThreeDay_Fluctuation":  0.047417742563446247,
    "Week":  0.0000000000000358449136654102,
    "Week_Fluctuation":  0.059334702013751038,
    "Duration":  "12.22:47:19.4179735",
    "Updated":  "\/Date(1581923099852)\/",
    "Failed":  0,
    "HashRate_Live":  18224490870000,
    "HashRate_Average":  17983410491678.09,
    "BlockRate_Live":  700,
    "BlockRate_Average":  714.17093086110913,
    "Actual24h_Week":  0,
    "Estimate24h_Week":  0,
    "ErrorRatio":  1
}
