{
    "Live":  0.00000000000197053,
    "Minute":  0.00000000000197053,
    "Minute_Fluctuation":  1.2298116247095697E-15,
    "Minute_5":  0.00000000000197683820935395,
    "Minute_5_Fluctuation":  0.0025781553592673094,
    "Minute_10":  0.00000000000197971506345671,
    "Minute_10_Fluctuation":  0.0021942786751119668,
    "Hour":  0.0000000000019768964388451,
    "Hour_Fluctuation":  0.0079000106320419,
    "Day":  0.00000000000204426164580049,
    "Day_Fluctuation":  0.03821177165469495,
    "ThreeDay":  0.00000000000201538950840029,
    "ThreeDay_Fluctuation":  0.065589369380417026,
    "Week":  0.00000000000190627646217334,
    "Week_Fluctuation":  0.0929811925635822,
    "Duration":  "12.21:23:56.4011561",
    "Updated":  "\/Date(1581923099829)\/",
    "Failed":  0,
    "HashRate_Live":  54368882657407,
    "HashRate_Average":  54395152849395.227,
    "BlockRate_Live":  2189,
    "BlockRate_Average":  2201.6858839534621,
    "Actual24h_Week":  0,
    "Estimate24h_Week":  0,
    "ErrorRatio":  1
}
