{
    "Live":  0.00000143453820668341,
    "Minute":  0.00000143453820668341,
    "Minute_Fluctuation":  1.3285279697975827E-15,
    "Minute_5":  0.00000144845503398946,
    "Minute_5_Fluctuation":  0.0089430729806158054,
    "Minute_10":  0.00000145098101946996,
    "Minute_10_Fluctuation":  0.00946122888813006,
    "Hour":  0.00000144897265063356,
    "Hour_Fluctuation":  0.01083495902470491,
    "Day":  0.00000154745061386513,
    "Day_Fluctuation":  0.056359999019656735,
    "ThreeDay":  0.0000015746395212295,
    "ThreeDay_Fluctuation":  0.063911823345478846,
    "Week":  0.00000151705290354134,
    "Week_Fluctuation":  0.083775477192657835,
    "Duration":  "12.21:23:56.4011561",
    "Updated":  "\/Date(1581923099813)\/",
    "Failed":  0,
    "HashRate_Live":  401108,
    "HashRate_Average":  406167.52986440487,
    "BlockRate_Live":  212,
    "BlockRate_Average":  214.02274016979086,
    "Actual24h_Week":  0,
    "Estimate24h_Week":  0,
    "ErrorRatio":  1
}
