{
    "Live":  0.0000643353332601495,
    "Minute":  0.0000643353332601495,
    "Minute_Fluctuation":  2.1065449527193937E-16,
    "Minute_5":  0.0000642148279877204,
    "Minute_5_Fluctuation":  0.0063991179179830769,
    "Minute_10":  0.0000637436701853653,
    "Minute_10_Fluctuation":  0.01483112298670812,
    "Hour":  0.0000658911157024243,
    "Hour_Fluctuation":  0.061106361116887005,
    "Day":  0.0000801067279314021,
    "Day_Fluctuation":  0.0606844876717571,
    "ThreeDay":  0.0000812765544535246,
    "ThreeDay_Fluctuation":  0.080179594532524143,
    "Week":  0.0000767383590985836,
    "Week_Fluctuation":  0.12667328252435653,
    "Duration":  "12.21:23:56.4011561",
    "Updated":  "\/Date(1581923099879)\/",
    "Failed":  0,
    "HashRate_Live":  20785,
    "HashRate_Average":  21093.02827673874,
    "BlockRate_Live":  185,
    "BlockRate_Average":  188.96094778614076,
    "Actual24h_Week":  0,
    "Estimate24h_Week":  0,
    "ErrorRatio":  1
}
