{
    "Live":  0.00000000535502,
    "Minute":  0.00000000535502,
    "Minute_Fluctuation":  0.0893176076192957,
    "Minute_5":  0.00000000460153976965448,
    "Minute_5_Fluctuation":  0.22612289197585,
    "Minute_10":  0.0000000040134479026926,
    "Minute_10_Fluctuation":  0.4761671536207463,
    "Hour":  0.00000000605441984554413,
    "Hour_Fluctuation":  0.44236089574559806,
    "Day":  0.00000000753977241256224,
    "Day_Fluctuation":  0.41657217326761903,
    "ThreeDay":  0.00000000753977241256224,
    "ThreeDay_Fluctuation":  0.4165721732676187,
    "Week":  0.00000000753977241256224,
    "Week_Fluctuation":  0.4165721732676187,
    "Duration":  "02:44:19.4077066",
    "Updated":  "\/Date(1581326777364)\/",
    "Failed":  0,
    "HashRate_Live":  0,
    "HashRate_Average":  859.39801921075912,
    "BlockRate_Live":  7,
    "BlockRate_Average":  9.400400111822659,
    "Actual24h_Week":  0.00000526700390088946,
    "Estimate24h_Week":  0.00000534022747139668,
    "ErrorRatio":  0.99955658971798
}
