{
    "Live":  0.00000000000018950804,
    "Minute":  0.00000000000018950804,
    "Minute_Fluctuation":  0.0018211225154105449,
    "Minute_5":  0.000000000000189143393129815,
    "Minute_5_Fluctuation":  0.027860478982591464,
    "Minute_10":  0.00000000000019437333252546,
    "Minute_10_Fluctuation":  0.11796580436530493,
    "Hour":  0.000000000000240381467167111,
    "Hour_Fluctuation":  0.2838891108870516,
    "Day":  0.000000000000254018812788189,
    "Day_Fluctuation":  0.34969169083679069,
    "ThreeDay":  0.000000000000254018812788189,
    "ThreeDay_Fluctuation":  0.34969169083679069,
    "Week":  0.000000000000254018812788189,
    "Week_Fluctuation":  0.34969169083679069,
    "Duration":  "04:58:43.1568469",
    "Updated":  "\/Date(1581326776793)\/",
    "Failed":  0,
    "HashRate_Live":  0,
    "HashRate_Average":  5343462715.5839729,
    "BlockRate_Live":  26,
    "BlockRate_Average":  42.8666775176092,
    "Actual24h_Week":  0.000221524960547881,
    "Estimate24h_Week":  0.00034258531557774,
    "ErrorRatio":  0.979366037348643
}
