{
    "Live":  0.00000000000413604,
    "Minute":  0.00000000000413604,
    "Minute_Fluctuation":  1.9530603353601903E-16,
    "Minute_5":  0.0000000000041596451723808,
    "Minute_5_Fluctuation":  0.014734346900793298,
    "Minute_10":  0.00000000000414606929081824,
    "Minute_10_Fluctuation":  0.022744253685605325,
    "Hour":  0.00000000000421553198975623,
    "Hour_Fluctuation":  0.043223481185631754,
    "Day":  0.00000000000450423327737343,
    "Day_Fluctuation":  0.1421865749406952,
    "ThreeDay":  0.00000000000452259620953401,
    "ThreeDay_Fluctuation":  0.13144068027710262,
    "Week":  0.00000000000460365207945178,
    "Week_Fluctuation":  0.12555834790289966,
    "Duration":  "12.21:05:18.1535138",
    "Updated":  "\/Date(1581922663318)\/",
    "Failed":  0,
    "HashRate_Live":  2078205490,
    "HashRate_Average":  2061451796.9886072,
    "BlockRate_Live":  31,
    "BlockRate_Average":  31.244270849475694,
    "Actual24h_Week":  0.0041975803416566,
    "Estimate24h_Week":  0.00447136774691303,
    "ErrorRatio":  0.938768756954637
}
