{
    "Live":  0.00000000000000185875,
    "Minute":  0.00000000000000185875,
    "Minute_Fluctuation":  0.00023139179473948788,
    "Minute_5":  0.0000000000000018875021431048,
    "Minute_5_Fluctuation":  0.05790496207595882,
    "Minute_10":  0.0000000000000020065154294617,
    "Minute_10_Fluctuation":  0.12482226838046533,
    "Hour":  0.0000000000000020666763656989,
    "Hour_Fluctuation":  0.16787004978665382,
    "Day":  0.0000000000000017528157235399,
    "Day_Fluctuation":  0.26277551201483973,
    "ThreeDay":  0.0000000000000017528157235399,
    "ThreeDay_Fluctuation":  0.26277551201483973,
    "Week":  0.0000000000000017528157235399,
    "Week_Fluctuation":  0.26277551201483973,
    "Duration":  "05:35:22.4853224",
    "Updated":  "\/Date(1581326776422)\/",
    "Failed":  0,
    "HashRate_Live":  0,
    "HashRate_Average":  28340632364.700012,
    "BlockRate_Live":  0,
    "BlockRate_Average":  0.0034721522848131007,
    "Actual24h_Week":  0.00000016441769014115,
    "Estimate24h_Week":  0.00000173335907081351,
    "ErrorRatio":  0.940771263085342
}
