{
    "Live":  0.00000000000013606,
    "Minute":  0.00000000000013606,
    "Minute_Fluctuation":  1.8553247807638085E-16,
    "Minute_5":  0.000000000000166301062337084,
    "Minute_5_Fluctuation":  0.42216148673572729,
    "Minute_10":  0.000000000000175124974088503,
    "Minute_10_Fluctuation":  0.41363823245702613,
    "Hour":  0.000000000000152853489683032,
    "Hour_Fluctuation":  0.402813791887717,
    "Day":  0.000000000000165931952963174,
    "Day_Fluctuation":  0.58541124031458813,
    "ThreeDay":  0.000000000000159620312697607,
    "ThreeDay_Fluctuation":  0.58189918878097679,
    "Week":  0.000000000000150494238410311,
    "Week_Fluctuation":  0.57858057891248083,
    "Duration":  "12.21:09:24.0086969",
    "Updated":  "\/Date(1581922663233)\/",
    "Failed":  0,
    "HashRate_Live":  74234022391,
    "HashRate_Average":  80646991694.770477,
    "BlockRate_Live":  824,
    "BlockRate_Average":  829.5633674975154,
    "Actual24h_Week":  0.000159477711825964,
    "Estimate24h_Week":  0.000162193157384989,
    "ErrorRatio":  0.983257952414234
}
