{
    "Live":  0.0000000000000287,
    "Minute":  0.0000000000000287,
    "Minute_Fluctuation":  2.198915415250207E-16,
    "Minute_5":  0.0000000000000265768496018089,
    "Minute_5_Fluctuation":  0.14610247141070812,
    "Minute_10":  0.0000000000000234768423703662,
    "Minute_10_Fluctuation":  0.31606067004917876,
    "Hour":  0.0000000000000130615371351142,
    "Hour_Fluctuation":  0.68175615598818762,
    "Day":  0.0000000000000162592982688514,
    "Day_Fluctuation":  0.66408656787658027,
    "ThreeDay":  0.0000000000000181541064413417,
    "ThreeDay_Fluctuation":  0.69917571074549933,
    "Week":  0.0000000000000183397323155404,
    "Week_Fluctuation":  0.71104282183826473,
    "Duration":  "10.03:41:34.1966169",
    "Updated":  "\/Date(1581922663499)\/",
    "Failed":  0,
    "HashRate_Live":  938249922,
    "HashRate_Average":  819643890.56472683,
    "BlockRate_Live":  19,
    "BlockRate_Average":  18.76835752474955,
    "Actual24h_Week":  0.0000303821303704232,
    "Estimate24h_Week":  0.0000178971042959521,
    "ErrorRatio":  1.6976003418215
}
