{
    "Live":  0.00000000000039174,
    "Minute":  0.00000000000039174,
    "Minute_Fluctuation":  0.17812998105320138,
    "Minute_5":  0.000000000000347993269083713,
    "Minute_5_Fluctuation":  0.1530675789429039,
    "Minute_10":  0.000000000000367651657450751,
    "Minute_10_Fluctuation":  0.25991059609585376,
    "Hour":  0.000000000000416013252092398,
    "Hour_Fluctuation":  0.44861991611089908,
    "Day":  0.000000000000435885253830361,
    "Day_Fluctuation":  0.61248545455814563,
    "ThreeDay":  0.000000000000435885253830361,
    "ThreeDay_Fluctuation":  0.61248545455814574,
    "Week":  0.000000000000435885253830361,
    "Week_Fluctuation":  0.61248545455814574,
    "Duration":  "05:35:22.4853224",
    "Updated":  "\/Date(1581326777288)\/",
    "Failed":  0,
    "HashRate_Live":  0,
    "HashRate_Average":  49655488.91297435,
    "BlockRate_Live":  23,
    "BlockRate_Average":  21.144743936970208,
    "Actual24h_Week":  0.000000347980923521982,
    "Estimate24h_Week":  0.000000445679319899957,
    "ErrorRatio":  0.985655703831153
}
