{
    "Live":  0.00000000000092336,
    "Minute":  0.00000000000092336,
    "Minute_Fluctuation":  0.0019348213803166352,
    "Minute_5":  0.000000000000930364881142191,
    "Minute_5_Fluctuation":  0.011006151143676394,
    "Minute_10":  0.000000000000944518037392272,
    "Minute_10_Fluctuation":  0.034634824263318854,
    "Hour":  0.00000000000101831782963647,
    "Hour_Fluctuation":  0.0779959549149686,
    "Day":  0.00000000000123677631402951,
    "Day_Fluctuation":  0.188680557795308,
    "ThreeDay":  0.00000000000123677631402951,
    "ThreeDay_Fluctuation":  0.188680557795308,
    "Week":  0.00000000000123677631402951,
    "Week_Fluctuation":  0.188680557795308,
    "Duration":  "05:35:22.4853224",
    "Updated":  "\/Date(1581326778045)\/",
    "Failed":  0,
    "HashRate_Live":  8475402,
    "HashRate_Average":  164167489.4381443,
    "BlockRate_Live":  0,
    "BlockRate_Average":  0.0058195857158330174,
    "Actual24h_Week":  0.0000000784508136234756,
    "Estimate24h_Week":  0.00000124098086155371,
    "ErrorRatio":  0.93870099937844
}
