{
    "Live":  0.00000000000006513476,
    "Minute":  0.00000000000006513476,
    "Minute_Fluctuation":  0.0053387256175327861,
    "Minute_5":  0.0000000000000633908878038015,
    "Minute_5_Fluctuation":  0.056859015667934845,
    "Minute_10":  0.0000000000000605120871450377,
    "Minute_10_Fluctuation":  0.088744516644301774,
    "Hour":  0.0000000000000577868744014918,
    "Hour_Fluctuation":  0.14340744380427348,
    "Day":  0.0000000000000816589411015289,
    "Day_Fluctuation":  0.40310489007230932,
    "ThreeDay":  0.0000000000000816589411015289,
    "ThreeDay_Fluctuation":  0.40310489007230932,
    "Week":  0.0000000000000816589411015289,
    "Week_Fluctuation":  0.40310489007230932,
    "Duration":  "05:35:22.4853224",
    "Updated":  "\/Date(1581326777971)\/",
    "Failed":  0,
    "HashRate_Live":  0,
    "HashRate_Average":  3168927.4809882976,
    "BlockRate_Live":  0,
    "BlockRate_Average":  3.0618494390089679,
    "Actual24h_Week":  0.0000327691777405214,
    "Estimate24h_Week":  0.0000944187898242972,
    "ErrorRatio":  0.957274592893799
}
