{
    "Live":  0.00000081021358,
    "Minute":  0.00000081021358,
    "Minute_Fluctuation":  0.0044444506701462128,
    "Minute_5":  0.00000079552134680864,
    "Minute_5_Fluctuation":  0.048121371097555737,
    "Minute_10":  0.000000759899154030306,
    "Minute_10_Fluctuation":  0.096517262706257989,
    "Hour":  0.000000617364138194762,
    "Hour_Fluctuation":  0.28797996175468715,
    "Day":  0.000000501487855299507,
    "Day_Fluctuation":  0.35767569359360635,
    "ThreeDay":  0.000000501487855299507,
    "ThreeDay_Fluctuation":  0.35767569359360635,
    "Week":  0.000000501487855299507,
    "Week_Fluctuation":  0.35767569359360635,
    "Duration":  "04:58:02.5022577",
    "Updated":  "\/Date(1581326776000)\/",
    "Failed":  0,
    "HashRate_Live":  0,
    "HashRate_Average":  4.2096241303296464,
    "BlockRate_Live":  35,
    "BlockRate_Average":  14.125348400937678,
    "Actual24h_Week":  0.000146263229164591,
    "Estimate24h_Week":  0.000480687328700923,
    "ErrorRatio":  0.959466609563718
}
