{
    "Live":  0.00000000002873949,
    "Minute":  0.00000000002873949,
    "Minute_Fluctuation":  0.00058629687720313211,
    "Minute_5":  0.0000000000287225246540605,
    "Minute_5_Fluctuation":  0.0038003450752819583,
    "Minute_10":  0.0000000000285565182987187,
    "Minute_10_Fluctuation":  0.017277222097145321,
    "Hour":  0.0000000000261963764289264,
    "Hour_Fluctuation":  0.0928243380911668,
    "Day":  0.000000000023168748729926,
    "Day_Fluctuation":  0.097079846636359685,
    "ThreeDay":  0.000000000023168748729926,
    "ThreeDay_Fluctuation":  0.097079846636359671,
    "Week":  0.000000000023168748729926,
    "Week_Fluctuation":  0.097079846636359685,
    "Duration":  "05:35:22.4853224",
    "Updated":  "\/Date(1581326778744)\/",
    "Failed":  0,
    "HashRate_Live":  1152545256,
    "HashRate_Average":  1744635180.7404902,
    "BlockRate_Live":  1,
    "BlockRate_Average":  3.4675230428825592,
    "Actual24h_Week":  0.0000172641255032107,
    "Estimate24h_Week":  0.0000230865324208578,
    "ErrorRatio":  0.983497180934363
}
