{
    "Live":  0.00000000000005,
    "Minute":  0.00000000000005,
    "Minute_Fluctuation":  1.2621774483536189E-16,
    "Minute_5":  0.000000000000075910771809704,
    "Minute_5_Fluctuation":  0.52135725383427156,
    "Minute_10":  0.000000000000136541634532823,
    "Minute_10_Fluctuation":  0.61509616789873978,
    "Hour":  0.000000000000210948457555281,
    "Hour_Fluctuation":  0.50235325635724093,
    "Day":  0.000000000000460267605784586,
    "Day_Fluctuation":  0.78523855366721385,
    "ThreeDay":  0.000000000000560695901584447,
    "ThreeDay_Fluctuation":  0.76688468190934622,
    "Week":  0.000000000000583821711261452,
    "Week_Fluctuation":  0.76609951509221208,
    "Duration":  "5.01:25:30.4439924",
    "Updated":  "\/Date(1581922662391)\/",
    "Failed":  0,
    "HashRate_Live":  59098750,
    "HashRate_Average":  68241358.140421256,
    "BlockRate_Live":  23,
    "BlockRate_Average":  23.28391902465102,
    "Actual24h_Week":  0.000000578814109950635,
    "Estimate24h_Week":  0.000000517081358256794,
    "ErrorRatio":  1.11021117084807
}
