{
    "Live":  0.00000000000003748367,
    "Minute":  0.00000000000003748367,
    "Minute_Fluctuation":  0,
    "Minute_5":  0.0000000000000384298621482386,
    "Minute_5_Fluctuation":  0.081021608257439412,
    "Minute_10":  0.0000000000000406300123234285,
    "Minute_10_Fluctuation":  0.1667956811230091,
    "Hour":  0.0000000000000393545124023243,
    "Hour_Fluctuation":  0.18790690098272644,
    "Day":  0.0000000000000385137912942287,
    "Day_Fluctuation":  0.18142278209445228,
    "ThreeDay":  0.0000000000000385137912942287,
    "ThreeDay_Fluctuation":  0.18142278209445228,
    "Week":  0.0000000000000385137912942287,
    "Week_Fluctuation":  0.18142278209445228,
    "Duration":  "01:56:55.7142006",
    "Updated":  "\/Date(1581326775737)\/",
    "Failed":  0,
    "HashRate_Live":  177534477498,
    "HashRate_Average":  136318390846.50427,
    "BlockRate_Live":  82,
    "BlockRate_Average":  73.945723486918013,
    "Actual24h_Week":  0.0000281224219281542,
    "Estimate24h_Week":  0.0000365130986747119,
    "ErrorRatio":  0.994699557253808
}
