{
    "Live":  0.000000000000036286,
    "Minute":  0.000000000000036286,
    "Minute_Fluctuation":  0,
    "Minute_5":  0.0000000000000360886711180247,
    "Minute_5_Fluctuation":  0.0560731157501866,
    "Minute_10":  0.000000000000034188388063844,
    "Minute_10_Fluctuation":  0.126314623724914,
    "Hour":  0.0000000000000305820379644892,
    "Hour_Fluctuation":  0.18726372999027852,
    "Day":  0.0000000000000406502844970571,
    "Day_Fluctuation":  0.23906848817897347,
    "ThreeDay":  0.0000000000000406502844970571,
    "ThreeDay_Fluctuation":  0.23906848817897347,
    "Week":  0.0000000000000406502844970571,
    "Week_Fluctuation":  0.23906848817897347,
    "Duration":  "05:35:22.4853224",
    "Updated":  "\/Date(1581326652074)\/",
    "Failed":  0,
    "HashRate_Live":  27003816,
    "HashRate_Average":  103202403.89394154,
    "BlockRate_Live":  0,
    "BlockRate_Average":  0,
    "Actual24h_Week":  0,
    "Estimate24h_Week":  0.0000407976186998462,
    "ErrorRatio":  0.934564369549707
}
