{
    "Live":  0.00000000377623,
    "Minute":  0.00000000377623,
    "Minute_Fluctuation":  0,
    "Minute_5":  0.0000000040900441934078,
    "Minute_5_Fluctuation":  0.1930943280438577,
    "Minute_10":  0.00000000536729144992494,
    "Minute_10_Fluctuation":  0.34431850427099175,
    "Hour":  0.0000000101399007726734,
    "Hour_Fluctuation":  0.21569010653739706,
    "Day":  0.0000000122761320697586,
    "Day_Fluctuation":  0.1249426529548387,
    "ThreeDay":  0.0000000122761320697586,
    "ThreeDay_Fluctuation":  0.1249426529548387,
    "Week":  0.0000000122761320697586,
    "Week_Fluctuation":  0.1249426529548387,
    "Duration":  "05:35:22.4853224",
    "Updated":  "\/Date(1581326777438)\/",
    "Failed":  0,
    "HashRate_Live":  79640,
    "HashRate_Average":  68288.418352283028,
    "BlockRate_Live":  172,
    "BlockRate_Average":  178.76621623411822,
    "Actual24h_Week":  0.000012071219006758,
    "Estimate24h_Week":  0.0000122564649856243,
    "ErrorRatio":  0.999010996447204
}
