{
    "Live":  0.00000000000000006236,
    "Minute":  0.00000000000000006236,
    "Minute_Fluctuation":  0,
    "Minute_5":  0.0000000000000000620520149182,
    "Minute_5_Fluctuation":  0.019643866479119459,
    "Minute_10":  0.0000000000000000629273658198,
    "Minute_10_Fluctuation":  0.078315574078979058,
    "Hour":  0.0000000000000001167622905569,
    "Hour_Fluctuation":  0.40817147809664367,
    "Day":  0.000000000000000136016304285,
    "Day_Fluctuation":  0.34993629129519871,
    "ThreeDay":  0.000000000000000136016304285,
    "ThreeDay_Fluctuation":  0.34993629129519871,
    "Week":  0.000000000000000136016304285,
    "Week_Fluctuation":  0.34993629129519871,
    "Duration":  "05:35:22.4853224",
    "Updated":  "\/Date(1581326531036)\/",
    "Failed":  0,
    "HashRate_Live":  0,
    "HashRate_Average":  0,
    "BlockRate_Live":  24,
    "BlockRate_Average":  25.804299424259554,
    "Actual24h_Week":  0,
    "Estimate24h_Week":  0.000000142725730347248,
    "ErrorRatio":  0.934564369549707
}
