{
    "Live":  0.0000000000000218287,
    "Minute":  0.0000000000000218287,
    "Minute_Fluctuation":  0.75881595549761427,
    "Minute_5":  0.0000000000000164312747880005,
    "Minute_5_Fluctuation":  0.40068876686214966,
    "Minute_10":  0.0000000000000198824949601363,
    "Minute_10_Fluctuation":  0.32853529530805292,
    "Hour":  0.0000000000000158560311076466,
    "Hour_Fluctuation":  0.82717707213405078,
    "Day":  0.0000000000000242350826647726,
    "Day_Fluctuation":  0.48191280982757306,
    "ThreeDay":  0.0000000000000242350826647726,
    "ThreeDay_Fluctuation":  0.48191280982757306,
    "Week":  0.0000000000000242350826647726,
    "Week_Fluctuation":  0.48191280982757306,
    "Duration":  "05:35:22.4853224",
    "Updated":  "\/Date(1581326777870)\/",
    "Failed":  0,
    "HashRate_Live":  12110670,
    "HashRate_Average":  36791802.456124209,
    "BlockRate_Live":  27,
    "BlockRate_Average":  30.226386786856967,
    "Actual24h_Week":  0.0000177162874748011,
    "Estimate24h_Week":  0.00329194619643174,
    "ErrorRatio":  0.934916524892163
}
