{
    "Live":  0.00000000000444153242,
    "Minute":  0.00000000000444153242,
    "Minute_Fluctuation":  0,
    "Minute_5":  0.0000000000043996933505808,
    "Minute_5_Fluctuation":  0.033587433598925659,
    "Minute_10":  0.00000000000430545048735786,
    "Minute_10_Fluctuation":  0.059587850121067071,
    "Hour":  0.00000000000445797893526922,
    "Hour_Fluctuation":  0.077100309020176727,
    "Day":  0.00000000000446932557942798,
    "Day_Fluctuation":  0.16034331397447027,
    "ThreeDay":  0.00000000000446932557942798,
    "ThreeDay_Fluctuation":  0.16034331397447027,
    "Week":  0.00000000000446932557942798,
    "Week_Fluctuation":  0.16034331397447027,
    "Duration":  "05:31:14.5600675",
    "Updated":  "\/Date(1581326778463)\/",
    "Failed":  0,
    "HashRate_Live":  1723271054,
    "HashRate_Average":  1730450251.7969961,
    "BlockRate_Live":  30,
    "BlockRate_Average":  35.070397973326124,
    "Actual24h_Week":  0.00452179831241096,
    "Estimate24h_Week":  0.00456011805707712,
    "ErrorRatio":  0.999456790661197
}
