{
    "Live":  0.00000000000029921286,
    "Minute":  0.00000000000029921286,
    "Minute_Fluctuation":  0,
    "Minute_5":  0.000000000000309877250942503,
    "Minute_5_Fluctuation":  0.084461963083951652,
    "Minute_10":  0.00000000000034653083284017,
    "Minute_10_Fluctuation":  0.18772552283155558,
    "Hour":  0.000000000000375384783203534,
    "Hour_Fluctuation":  0.4825916841461681,
    "Day":  0.000000000000307069547571479,
    "Day_Fluctuation":  0.4561068472188255,
    "ThreeDay":  0.000000000000307069547571479,
    "ThreeDay_Fluctuation":  0.45610684721882538,
    "Week":  0.000000000000307069547571479,
    "Week_Fluctuation":  0.4561068472188255,
    "Duration":  "05:35:22.4853224",
    "Updated":  "\/Date(1581326778375)\/",
    "Failed":  0,
    "HashRate_Live":  271406084278,
    "HashRate_Average":  211443744355.95212,
    "BlockRate_Live":  376,
    "BlockRate_Average":  381.17622478383095,
    "Actual24h_Week":  0.000138834749789582,
    "Estimate24h_Week":  0.000209423330048443,
    "ErrorRatio":  0.977944156218119
}
