{
    "Live":  0.00000000009538,
    "Minute":  0.00000000009538,
    "Minute_Fluctuation":  0.89359423458800946,
    "Minute_5":  0.000000000718788292318276,
    "Minute_5_Fluctuation":  0.29718789565208481,
    "Minute_10":  0.000000000806457177413075,
    "Minute_10_Fluctuation":  0.31459647941586455,
    "Hour":  0.000000000626528179793561,
    "Hour_Fluctuation":  0.59838965823239432,
    "Day":  0.000000000526888806081186,
    "Day_Fluctuation":  0.67372508632642425,
    "ThreeDay":  0.000000000526888806081186,
    "ThreeDay_Fluctuation":  0.67372508632642425,
    "Week":  0.000000000526888806081186,
    "Week_Fluctuation":  0.67372508632642425,
    "Duration":  "05:35:22.4853224",
    "Updated":  "\/Date(1581326777353)\/",
    "Failed":  0,
    "HashRate_Live":  117,
    "HashRate_Average":  3189.8825748134636,
    "BlockRate_Live":  2,
    "BlockRate_Average":  2.2938500361003604,
    "Actual24h_Week":  0.0000010923995408366,
    "Estimate24h_Week":  0.000000574607202688408,
    "ErrorRatio":  1
}
