{
    "Live":  0.00000000000033261,
    "Minute":  0.00000000000033261,
    "Minute_Fluctuation":  0,
    "Minute_5":  0.000000000000344349782445741,
    "Minute_5_Fluctuation":  0.0994902267041867,
    "Minute_10":  0.000000000000381287058165841,
    "Minute_10_Fluctuation":  0.18097513817608432,
    "Hour":  0.000000000000381674814490892,
    "Hour_Fluctuation":  0.25522678714240854,
    "Day":  0.000000000000411876804491467,
    "Day_Fluctuation":  0.34166675294893911,
    "ThreeDay":  0.000000000000411876804491467,
    "ThreeDay_Fluctuation":  0.34166675294893911,
    "Week":  0.000000000000411876804491467,
    "Week_Fluctuation":  0.34166675294893911,
    "Duration":  "05:25:32.9484596",
    "Updated":  "\/Date(1581326218234)\/",
    "Failed":  0,
    "HashRate_Live":  0,
    "HashRate_Average":  21795516.892374828,
    "BlockRate_Live":  17,
    "BlockRate_Average":  13.897134307103926,
    "Actual24h_Week":  0.000000138856924739867,
    "Estimate24h_Week":  0.00000046459247085237,
    "ErrorRatio":  0.955443747443739
}
