{
    "Live":  0.00000000000272,
    "Minute":  0.00000000000272,
    "Minute_Fluctuation":  1.4849146451219046E-16,
    "Minute_5":  0.00000000000273024291482014,
    "Minute_5_Fluctuation":  0.020442885873325468,
    "Minute_10":  0.00000000000274905039599761,
    "Minute_10_Fluctuation":  0.028807535739559596,
    "Hour":  0.00000000000289761315864013,
    "Hour_Fluctuation":  0.048724851051376687,
    "Day":  0.00000000000269181206966373,
    "Day_Fluctuation":  0.0850200136301054,
    "ThreeDay":  0.00000000000255672008506877,
    "ThreeDay_Fluctuation":  0.08126661436542329,
    "Week":  0.0000000000025320761217075,
    "Week_Fluctuation":  0.0785392571852603,
    "Duration":  "12.21:09:24.0086969",
    "Updated":  "\/Date(1581922663943)\/",
    "Failed":  0,
    "HashRate_Live":  5797747720,
    "HashRate_Average":  5197158951.9861355,
    "BlockRate_Live":  910,
    "BlockRate_Average":  912.9193095629264,
    "Actual24h_Week":  0.00000240275122001959,
    "Estimate24h_Week":  0.0000025662868730007,
    "ErrorRatio":  0.936275381095685
}
