{
    "Live":  0.00000050643453,
    "Minute":  0.00000050643453,
    "Minute_Fluctuation":  0,
    "Minute_5":  0.000000507280309400756,
    "Minute_5_Fluctuation":  0.0067652524484891532,
    "Minute_10":  0.000000507602199204646,
    "Minute_10_Fluctuation":  0.014922397229495159,
    "Hour":  0.000000486353046443234,
    "Hour_Fluctuation":  0.064657917581580543,
    "Day":  0.000000486353046443234,
    "Day_Fluctuation":  0.064657917581580529,
    "ThreeDay":  0.000000486353046443234,
    "ThreeDay_Fluctuation":  0.064657917581580529,
    "Week":  0.000000486353046443234,
    "Week_Fluctuation":  0.064657917581580529,
    "Duration":  "00:59:11.2167865",
    "Updated":  "\/Date(1581326778454)\/",
    "Failed":  0,
    "HashRate_Live":  180,
    "HashRate_Average":  75.7747924094082,
    "BlockRate_Live":  2,
    "BlockRate_Average":  1.5932175139164253,
    "Actual24h_Week":  0.000398327905495699,
    "Estimate24h_Week":  0.000465431851192604,
    "ErrorRatio":  0.998311852259554
}
