{
    "Live":  0.0000000097065,
    "Minute":  0.0000000097065,
    "Minute_Fluctuation":  0,
    "Minute_5":  0.00000000966083996766995,
    "Minute_5_Fluctuation":  0.013440605696914115,
    "Minute_10":  0.00000000953996480190162,
    "Minute_10_Fluctuation":  0.02565575682247136,
    "Hour":  0.00000000944214683142254,
    "Hour_Fluctuation":  0.034985556112294064,
    "Day":  0.00000000954906885723454,
    "Day_Fluctuation":  0.04214930739757726,
    "ThreeDay":  0.00000000954906885723454,
    "ThreeDay_Fluctuation":  0.04214930739757726,
    "Week":  0.00000000954906885723454,
    "Week_Fluctuation":  0.04214930739757726,
    "Duration":  "05:35:22.4853224",
    "Updated":  "\/Date(1581326778530)\/",
    "Failed":  0,
    "HashRate_Live":  94063,
    "HashRate_Average":  84499.061972414071,
    "BlockRate_Live":  0,
    "BlockRate_Average":  0.20066808161275906,
    "Actual24h_Week":  0.00000407666120550261,
    "Estimate24h_Week":  0.00000944761107250182,
    "ErrorRatio":  0.962799962025644
}
