{
    "Live":  0.00000171462,
    "Minute":  0.00000171462,
    "Minute_Fluctuation":  0,
    "Minute_5":  0.00000171500406911447,
    "Minute_5_Fluctuation":  0.0019199324633042331,
    "Minute_10":  0.00000171816657026113,
    "Minute_10_Fluctuation":  0.0064860931599165037,
    "Hour":  0.0000017514961327947,
    "Hour_Fluctuation":  0.019483172548206563,
    "Day":  0.00000170285688164659,
    "Day_Fluctuation":  0.050016793213279745,
    "ThreeDay":  0.00000168053451300951,
    "ThreeDay_Fluctuation":  0.069359929784154339,
    "Week":  0.00000162875862733148,
    "Week_Fluctuation":  0.082080382807008884,
    "Duration":  "12.14:44:09.8565355",
    "Updated":  "\/Date(1581922661313)\/",
    "Failed":  0,
    "HashRate_Live":  12819,
    "HashRate_Average":  16869.912979403009,
    "BlockRate_Live":  23,
    "BlockRate_Average":  21.3568589029518,
    "Actual24h_Week":  0.00166337433859839,
    "Estimate24h_Week":  0.00169820907068822,
    "ErrorRatio":  0.979487371318942
}
