{
    "Live":  0.00000000000002754505,
    "Minute":  0.00000000000002754505,
    "Minute_Fluctuation":  0.24147427722639775,
    "Minute_5":  0.0000000000000347369014953731,
    "Minute_5_Fluctuation":  0.099666785844107209,
    "Minute_10":  0.0000000000000342469165449779,
    "Minute_10_Fluctuation":  0.19114180590191374,
    "Hour":  0.000000000000025296936421313,
    "Hour_Fluctuation":  0.37808129552528008,
    "Day":  0.0000000000000205038960944951,
    "Day_Fluctuation":  0.33246223892826771,
    "ThreeDay":  0.0000000000000205038960944951,
    "ThreeDay_Fluctuation":  0.33246223892826771,
    "Week":  0.0000000000000205038960944951,
    "Week_Fluctuation":  0.33246223892826771,
    "Duration":  "05:20:56.5690581",
    "Updated":  "\/Date(1581326778184)\/",
    "Failed":  0,
    "HashRate_Live":  4284178338,
    "HashRate_Average":  2997836096.03786,
    "BlockRate_Live":  207,
    "BlockRate_Average":  130.10749341731469,
    "Actual24h_Week":  0.00000809011580857737,
    "Estimate24h_Week":  0.0000208061761890944,
    "ErrorRatio":  0.961700955807316
}
