{
    "Live":  0.00000000000000314793,
    "Minute":  0.00000000000000314793,
    "Minute_Fluctuation":  0.036915404531170828,
    "Minute_5":  0.0000000000000029791427051644,
    "Minute_5_Fluctuation":  0.058442746360686353,
    "Minute_10":  0.0000000000000028728061254644,
    "Minute_10_Fluctuation":  0.085985745723683144,
    "Hour":  0.0000000000000027650063343634,
    "Hour_Fluctuation":  0.1644167074866657,
    "Day":  0.0000000000000029457917782052,
    "Day_Fluctuation":  0.23577415229730528,
    "ThreeDay":  0.0000000000000029457917782052,
    "ThreeDay_Fluctuation":  0.23577415229730528,
    "Week":  0.0000000000000029457917782052,
    "Week_Fluctuation":  0.23577415229730528,
    "Duration":  "05:35:22.4853224",
    "Updated":  "\/Date(1581326777843)\/",
    "Failed":  0,
    "HashRate_Live":  81718636207,
    "HashRate_Average":  60697641337.356514,
    "BlockRate_Live":  174,
    "BlockRate_Average":  196.60694177399449,
    "Actual24h_Week":  0.00000275443497080105,
    "Estimate24h_Week":  0.00000291973901408116,
    "ErrorRatio":  0.996295294121889
}
