{
    "Live":  0.00000001783,
    "Minute":  0.00000001783,
    "Minute_Fluctuation":  0,
    "Minute_5":  0.0000000178611979200356,
    "Minute_5_Fluctuation":  0.0044051319252118807,
    "Minute_10":  0.0000000178944887309337,
    "Minute_10_Fluctuation":  0.0093464611354661838,
    "Hour":  0.0000000174527850528628,
    "Hour_Fluctuation":  0.0568903580086095,
    "Day":  0.0000000134757201470189,
    "Day_Fluctuation":  0.18873838514678828,
    "ThreeDay":  0.0000000128590759250599,
    "ThreeDay_Fluctuation":  0.18334677871592359,
    "Week":  0.0000000124676864060519,
    "Week_Fluctuation":  0.17889912134383437,
    "Duration":  "12.21:12:50.8903683",
    "Updated":  "\/Date(1581922660690)\/",
    "Failed":  0,
    "HashRate_Live":  452,
    "HashRate_Average":  109.00960897452329,
    "BlockRate_Live":  0,
    "BlockRate_Average":  2.3236106707186422E-123,
    "Actual24h_Week":  0.0000000000983617278739916,
    "Estimate24h_Week":  0.0000130387039773848,
    "ErrorRatio":  0.00000754382705858703
}
