{
    "Live":  0.00000000000124989,
    "Minute":  0.00000000000124989,
    "Minute_Fluctuation":  0.032318543724602779,
    "Minute_5":  0.00000000000125558828782315,
    "Minute_5_Fluctuation":  0.15406884817767255,
    "Minute_10":  0.00000000000145541488316369,
    "Minute_10_Fluctuation":  0.34063223917684088,
    "Hour":  0.00000000000132337849086447,
    "Hour_Fluctuation":  0.42689250746957091,
    "Day":  0.000000000000972726212405811,
    "Day_Fluctuation":  0.36043547745696281,
    "ThreeDay":  0.000000000000972726212405811,
    "ThreeDay_Fluctuation":  0.36043547745696292,
    "Week":  0.000000000000972726212405811,
    "Week_Fluctuation":  0.36043547745696297,
    "Duration":  "05:35:22.4853224",
    "Updated":  "\/Date(1581326778682)\/",
    "Failed":  0,
    "HashRate_Live":  0,
    "HashRate_Average":  178978005.86942327,
    "BlockRate_Live":  47,
    "BlockRate_Average":  295.30183035705619,
    "Actual24h_Week":  0.000000481260324827,
    "Estimate24h_Week":  0.0000010215150798039,
    "ErrorRatio":  0.965392668992739
}
