{
    "Live":  0.00000000000024421,
    "Minute":  0.00000000000024421,
    "Minute_Fluctuation":  0,
    "Minute_5":  0.000000000000244346095010594,
    "Minute_5_Fluctuation":  0.005924940953239379,
    "Minute_10":  0.000000000000247369404528779,
    "Minute_10_Fluctuation":  0.048963031021668109,
    "Hour":  0.000000000000311921106304708,
    "Hour_Fluctuation":  0.19047517095271441,
    "Day":  0.000000000000200006405141001,
    "Day_Fluctuation":  0.55712101933540814,
    "ThreeDay":  0.000000000000169605538931089,
    "ThreeDay_Fluctuation":  0.48222152539828267,
    "Week":  0.000000000000166108083352389,
    "Week_Fluctuation":  0.45548841688544794,
    "Duration":  "7.16:49:39.0682691",
    "Updated":  "\/Date(1581922290623)\/",
    "Failed":  0,
    "HashRate_Live":  0,
    "HashRate_Average":  7203958.8424873976,
    "BlockRate_Live":  19,
    "BlockRate_Average":  18.464370888035536,
    "Actual24h_Week":  0.000090144343040034,
    "Estimate24h_Week":  0.000151474638515334,
    "ErrorRatio":  0.595111788505168
}
