{
    "Live":  0.00000000000000040647,
    "Minute":  0.00000000000000040647,
    "Minute_Fluctuation":  0.092153753378152028,
    "Minute_5":  0.0000000000000003989141320756,
    "Minute_5_Fluctuation":  0.12128047713078235,
    "Minute_10":  0.0000000000000003702095387575,
    "Minute_10_Fluctuation":  0.15772681896779983,
    "Hour":  0.0000000000000003415109471573,
    "Hour_Fluctuation":  0.13120052687723108,
    "Day":  0.0000000000000003394162066356,
    "Day_Fluctuation":  0.1296229260054165,
    "ThreeDay":  0.0000000000000003394162066356,
    "ThreeDay_Fluctuation":  0.1296229260054165,
    "Week":  0.0000000000000003394162066356,
    "Week_Fluctuation":  0.1296229260054165,
    "Duration":  "01:23:23.0168174",
    "Updated":  "\/Date(1581326776182)\/",
    "Failed":  0,
    "HashRate_Live":  0,
    "HashRate_Average":  0,
    "BlockRate_Live":  0,
    "BlockRate_Average":  0,
    "Actual24h_Week":  0,
    "Estimate24h_Week":  0.000000336680291535812,
    "ErrorRatio":  0.983524061243922
}
