{
    "Live":  0.00000000000250019,
    "Minute":  0.00000000000250019,
    "Minute_Fluctuation":  3.9997120206201958E-06,
    "Minute_5":  0.00000000000242721208964014,
    "Minute_5_Fluctuation":  0.14368765191820895,
    "Minute_10":  0.00000000000213105464598895,
    "Minute_10_Fluctuation":  0.39241483017935186,
    "Hour":  0.0000000000015610385118144,
    "Hour_Fluctuation":  0.36112641803800888,
    "Day":  0.00000000000208253709924864,
    "Day_Fluctuation":  0.51150654167220222,
    "ThreeDay":  0.00000000000208253709924864,
    "ThreeDay_Fluctuation":  0.51150654167220222,
    "Week":  0.00000000000208253709924864,
    "Week_Fluctuation":  0.51150654167220222,
    "Duration":  "05:08:21.9788108",
    "Updated":  "\/Date(1581326775675)\/",
    "Failed":  0,
    "HashRate_Live":  158095957,
    "HashRate_Average":  35795564.126678959,
    "BlockRate_Live":  31,
    "BlockRate_Average":  20.194203779011815,
    "Actual24h_Week":  0.00000151575137459879,
    "Estimate24h_Week":  0.00000197187655323678,
    "ErrorRatio":  0.986063733558122
}
