{
    "Live":  0.00000000718362,
    "Minute":  0.00000000718362,
    "Minute_Fluctuation":  0.0099254606341609222,
    "Minute_5":  0.00000000706883217744867,
    "Minute_5_Fluctuation":  0.017201170339802056,
    "Minute_10":  0.00000000702104448955303,
    "Minute_10_Fluctuation":  0.017976739072349351,
    "Hour":  0.00000000674872947364056,
    "Hour_Fluctuation":  0.06527002733434463,
    "Day":  0.00000000591059414573485,
    "Day_Fluctuation":  0.15123046268990953,
    "ThreeDay":  0.00000000591059414573485,
    "ThreeDay_Fluctuation":  0.15123046268990953,
    "Week":  0.00000000591059414573485,
    "Week_Fluctuation":  0.15123046268990953,
    "Duration":  "05:35:22.4853224",
    "Updated":  "\/Date(1581326778804)\/",
    "Failed":  0,
    "HashRate_Live":  47091840,
    "HashRate_Average":  6226985.68891864,
    "BlockRate_Live":  7,
    "BlockRate_Average":  3.5172510245569715,
    "Actual24h_Week":  0.00000480399407771654,
    "Estimate24h_Week":  0.0000058657419610442,
    "ErrorRatio":  0.988155608857973
}
