{
    "Live":  0.00000000000034826602,
    "Minute":  0.00000000000034826602,
    "Minute_Fluctuation":  0,
    "Minute_5":  0.000000000000341529798132291,
    "Minute_5_Fluctuation":  0.042932013084146209,
    "Minute_10":  0.000000000000353937525191603,
    "Minute_10_Fluctuation":  0.1372616598189921,
    "Hour":  0.000000000000348027326541278,
    "Hour_Fluctuation":  0.27303166127834094,
    "Day":  0.000000000000255539066586559,
    "Day_Fluctuation":  0.4076364087466306,
    "ThreeDay":  0.000000000000255539066586559,
    "ThreeDay_Fluctuation":  0.4076364087466306,
    "Week":  0.000000000000255539066586559,
    "Week_Fluctuation":  0.4076364087466306,
    "Duration":  "05:35:22.4853224",
    "Updated":  "\/Date(1581326531087)\/",
    "Failed":  0,
    "HashRate_Live":  0,
    "HashRate_Average":  273260179.44671851,
    "BlockRate_Live":  0,
    "BlockRate_Average":  142.00545377028411,
    "Actual24h_Week":  0.00016497924794342,
    "Estimate24h_Week":  0.000257793656362711,
    "ErrorRatio":  0.976440966719359
}
