{
    "Live":  0.00000000000000110444,
    "Minute":  0.00000000000000110444,
    "Minute_Fluctuation":  0.077812012057146385,
    "Minute_5":  0.0000000000000011805060806618,
    "Minute_5_Fluctuation":  0.11346132959298173,
    "Minute_10":  0.0000000000000011748674308954,
    "Minute_10_Fluctuation":  0.20523630222218969,
    "Hour":  0.000000000000001340950634862,
    "Hour_Fluctuation":  0.45530105605847038,
    "Day":  0.0000000000000012645746674224,
    "Day_Fluctuation":  0.54154549384078809,
    "ThreeDay":  0.0000000000000012645746674224,
    "ThreeDay_Fluctuation":  0.54154549384078809,
    "Week":  0.0000000000000012645746674224,
    "Week_Fluctuation":  0.54154549384078809,
    "Duration":  "05:35:22.4853224",
    "Updated":  "\/Date(1581326777912)\/",
    "Failed":  0,
    "HashRate_Live":  0,
    "HashRate_Average":  10129131465.2698,
    "BlockRate_Live":  216,
    "BlockRate_Average":  235.88853073271841,
    "Actual24h_Week":  0.000000903297137717003,
    "Estimate24h_Week":  0.00000211435708641467,
    "ErrorRatio":  0.962519826113899
}
