{
    "Live":  0.00000000075544,
    "Minute":  0.00000000075544,
    "Minute_Fluctuation":  0,
    "Minute_5":  0.000000000776697108558194,
    "Minute_5_Fluctuation":  0.07883789188304266,
    "Minute_10":  0.000000000846393598391396,
    "Minute_10_Fluctuation":  0.13967412219712777,
    "Hour":  0.000000000898154363746781,
    "Hour_Fluctuation":  0.15985558535450931,
    "Day":  0.000000000808034826803549,
    "Day_Fluctuation":  0.19022106268796071,
    "ThreeDay":  0.000000000808034826803549,
    "ThreeDay_Fluctuation":  0.19022106268796071,
    "Week":  0.000000000808034826803549,
    "Week_Fluctuation":  0.19022106268796071,
    "Duration":  "04:02:38.0523565",
    "Updated":  "\/Date(1581326778324)\/",
    "Failed":  0,
    "HashRate_Live":  52257,
    "HashRate_Average":  111547.84071422214,
    "BlockRate_Live":  1,
    "BlockRate_Average":  4.2367742734403135,
    "Actual24h_Week":  0.000000810686882505064,
    "Estimate24h_Week":  0.000000799649481430972,
    "ErrorRatio":  1
}
