{
    "Live":  0.00000000000000004386,
    "Minute":  0.00000000000000004386,
    "Minute_Fluctuation":  0.03306878306878306,
    "Minute_5":  0.0000000000000000451007523139,
    "Minute_5_Fluctuation":  0.027074947675991657,
    "Minute_10":  0.0000000000000000468254804562,
    "Minute_10_Fluctuation":  0.076103024216318524,
    "Hour":  0.0000000000000000538531806293,
    "Hour_Fluctuation":  0.12163332982323032,
    "Day":  0.0000000000000000610724332442,
    "Day_Fluctuation":  0.184365123346117,
    "ThreeDay":  0.0000000000000000610724332442,
    "ThreeDay_Fluctuation":  0.184365123346117,
    "Week":  0.0000000000000000610724332442,
    "Week_Fluctuation":  0.184365123346117,
    "Duration":  "05:35:22.4853224",
    "Updated":  "\/Date(1581326777992)\/",
    "Failed":  0,
    "HashRate_Live":  0,
    "HashRate_Average":  0,
    "BlockRate_Live":  3,
    "BlockRate_Average":  5.2942377543767458,
    "Actual24h_Week":  0,
    "Estimate24h_Week":  0.000000061060241580491,
    "ErrorRatio":  0.934564369549707
}
