{
    "Live":  0.00000000183257,
    "Minute":  0.00000000183257,
    "Minute_Fluctuation":  0,
    "Minute_5":  0.00000000186258324482575,
    "Minute_5_Fluctuation":  0.054031682544389746,
    "Minute_10":  0.00000000192974107640858,
    "Minute_10_Fluctuation":  0.10679653993958026,
    "Hour":  0.00000000179072534286463,
    "Hour_Fluctuation":  0.13965809487595732,
    "Day":  0.00000000202619564244307,
    "Day_Fluctuation":  0.2141349912944398,
    "ThreeDay":  0.00000000202619564244307,
    "ThreeDay_Fluctuation":  0.2141349912944398,
    "Week":  0.00000000202619564244307,
    "Week_Fluctuation":  0.2141349912944398,
    "Duration":  "05:35:22.4853224",
    "Updated":  "\/Date(1581326778538)\/",
    "Failed":  0,
    "HashRate_Live":  91406,
    "HashRate_Average":  67714.6016712457,
    "BlockRate_Live":  5,
    "BlockRate_Average":  4.9424872504116824,
    "Actual24h_Week":  0.00000141045479125753,
    "Estimate24h_Week":  0.00000204258182500224,
    "ErrorRatio":  0.979749339550834
}
