{
    "Live":  0.00000000000000001636372251,
    "Minute":  0.00000000000000001636372251,
    "Minute_Fluctuation":  6.1860778650964866E-05,
    "Minute_5":  0.0000000000000000163939487049,
    "Minute_5_Fluctuation":  0.0076275569047770976,
    "Minute_10":  0.0000000000000000165598944384,
    "Minute_10_Fluctuation":  0.022794530551794347,
    "Hour":  0.0000000000000000170939846024,
    "Hour_Fluctuation":  0.03577454033238766,
    "Day":  0.0000000000000000177691745086,
    "Day_Fluctuation":  0.046216147093890964,
    "ThreeDay":  0.0000000000000000177691745086,
    "ThreeDay_Fluctuation":  0.046216147093890964,
    "Week":  0.0000000000000000177691745086,
    "Week_Fluctuation":  0.046216147093890964,
    "Duration":  "05:35:22.4853224",
    "Updated":  "\/Date(1581326775424)\/",
    "Failed":  0,
    "HashRate_Live":  0,
    "HashRate_Average":  14764008640069.742,
    "BlockRate_Live":  0,
    "BlockRate_Average":  0,
    "Actual24h_Week":  0,
    "Estimate24h_Week":  0.0174500136146042,
    "ErrorRatio":  0.934564369549707
}
