{
    "Live":  0.00000000000004843464,
    "Minute":  0.00000000000004843464,
    "Minute_Fluctuation":  0.13322294651386582,
    "Minute_5":  0.00000000000004835505204108,
    "Minute_5_Fluctuation":  0.13337518692347161,
    "Minute_10":  0.000000000000058393984033054,
    "Minute_10_Fluctuation":  0.32170769234421009,
    "Hour":  0.000000000000108432733112871,
    "Hour_Fluctuation":  0.60842666122277789,
    "Day":  0.0000000000000842288837968773,
    "Day_Fluctuation":  0.53301421101002389,
    "ThreeDay":  0.0000000000000842288837968773,
    "ThreeDay_Fluctuation":  0.53301421101002389,
    "Week":  0.0000000000000842288837968773,
    "Week_Fluctuation":  0.53301421101002389,
    "Duration":  "05:35:22.4853224",
    "Updated":  "\/Date(1581326778688)\/",
    "Failed":  0,
    "HashRate_Live":  10174752,
    "HashRate_Average":  19232159.671318166,
    "BlockRate_Live":  0,
    "BlockRate_Average":  0,
    "Actual24h_Week":  0,
    "Estimate24h_Week":  0.0000824090465397579,
    "ErrorRatio":  0.934564369549707
}
