{
    "Live":  0.00000000001678646,
    "Minute":  0.00000000001678646,
    "Minute_Fluctuation":  0.048786674663867755,
    "Minute_5":  0.0000000000165145388755343,
    "Minute_5_Fluctuation":  0.061827568690326934,
    "Minute_10":  0.000000000015988707233331,
    "Minute_10_Fluctuation":  0.10491753363934937,
    "Hour":  0.000000000015311163910854,
    "Hour_Fluctuation":  0.21677373958413937,
    "Day":  0.0000000000148826218090836,
    "Day_Fluctuation":  0.20861262351180224,
    "ThreeDay":  0.0000000000148826218090836,
    "ThreeDay_Fluctuation":  0.20861262351180224,
    "Week":  0.0000000000148826218090836,
    "Week_Fluctuation":  0.20861262351180224,
    "Duration":  "05:35:22.4853224",
    "Updated":  "\/Date(1581326776806)\/",
    "Failed":  0,
    "HashRate_Live":  29527900,
    "HashRate_Average":  2331692.4082255289,
    "BlockRate_Live":  1,
    "BlockRate_Average":  2.6859561017702203,
    "Actual24h_Week":  0.00000206070775056605,
    "Estimate24h_Week":  0.0000143911304027685,
    "ErrorRatio":  0.943934287482363
}
