{
    "Live":  0.00000000056337691,
    "Minute":  0.00000000056337691,
    "Minute_Fluctuation":  0.0317223941230807,
    "Minute_5":  0.000000000562855147217525,
    "Minute_5_Fluctuation":  0.0409253875705865,
    "Minute_10":  0.00000000054264919688662,
    "Minute_10_Fluctuation":  0.087054518010160925,
    "Hour":  0.000000000428638243075883,
    "Hour_Fluctuation":  0.32556332628564633,
    "Day":  0.000000000402551090245623,
    "Day_Fluctuation":  0.21183378085516649,
    "ThreeDay":  0.000000000402551090245623,
    "ThreeDay_Fluctuation":  0.21183378085516649,
    "Week":  0.000000000402551090245623,
    "Week_Fluctuation":  0.21183378085516649,
    "Duration":  "03:36:58.3774380",
    "Updated":  "\/Date(1581326778272)\/",
    "Failed":  0,
    "HashRate_Live":  169897,
    "HashRate_Average":  740403.79006360588,
    "BlockRate_Live":  3,
    "BlockRate_Average":  5.1718391122219076,
    "Actual24h_Week":  0.000422258898350296,
    "Estimate24h_Week":  0.000394653112786587,
    "ErrorRatio":  1
}
