{
    "Live":  0.00000000752252,
    "Minute":  0.00000000752252,
    "Minute_Fluctuation":  0,
    "Minute_5":  0.00000000764590087515032,
    "Minute_5_Fluctuation":  0.077106759280685139,
    "Minute_10":  0.0000000083229419757065,
    "Minute_10_Fluctuation":  0.14550681467178025,
    "Hour":  0.0000000120843029676786,
    "Hour_Fluctuation":  0.30735812243893895,
    "Day":  0.0000000147873136325183,
    "Day_Fluctuation":  0.27580237209545949,
    "ThreeDay":  0.0000000147873136325183,
    "ThreeDay_Fluctuation":  0.27580237209545949,
    "Week":  0.0000000147873136325183,
    "Week_Fluctuation":  0.27580237209545949,
    "Duration":  "05:35:22.4853224",
    "Updated":  "\/Date(1581326530434)\/",
    "Failed":  0,
    "HashRate_Live":  0,
    "HashRate_Average":  889.791884313108,
    "BlockRate_Live":  0,
    "BlockRate_Average":  21.158275621988409,
    "Actual24h_Week":  0.00000763031079711748,
    "Estimate24h_Week":  0.0000175820227619163,
    "ErrorRatio":  0.96296236472365
}
