{
    "Live":  0.00000000003453655,
    "Minute":  0.00000000003453655,
    "Minute_Fluctuation":  0.13166823597148364,
    "Minute_5":  0.000000000042743853924243,
    "Minute_5_Fluctuation":  0.24244836926982344,
    "Minute_10":  0.000000000053762694638766,
    "Minute_10_Fluctuation":  0.41710511491854763,
    "Hour":  0.000000000055106101809654,
    "Hour_Fluctuation":  0.61406445198364068,
    "Day":  0.0000000000633023590931288,
    "Day_Fluctuation":  0.6601505497488972,
    "ThreeDay":  0.0000000000633023590931288,
    "ThreeDay_Fluctuation":  0.6601505497488972,
    "Week":  0.0000000000633023590931288,
    "Week_Fluctuation":  0.6601505497488972,
    "Duration":  "03:53:43.4994380",
    "Updated":  "\/Date(1581326778520)\/",
    "Failed":  0,
    "HashRate_Live":  6520793,
    "HashRate_Average":  6785021.9121937435,
    "BlockRate_Live":  24,
    "BlockRate_Average":  32.238309127958644,
    "Actual24h_Week":  0.0000633575361832506,
    "Estimate24h_Week":  0.0000707176118882059,
    "ErrorRatio":  0.995229488996618
}
