{
    "Live":  0.00000000000840117,
    "Minute":  0.00000000000840117,
    "Minute_Fluctuation":  2.4997143183450588E-05,
    "Minute_5":  0.00000000000675538479167424,
    "Minute_5_Fluctuation":  0.35182078181898868,
    "Minute_10":  0.00000000000666268167070785,
    "Minute_10_Fluctuation":  0.31030845264143442,
    "Hour":  0.00000000000647099004283388,
    "Hour_Fluctuation":  0.28567974227077869,
    "Day":  0.00000000000621027465883754,
    "Day_Fluctuation":  0.27659484592266614,
    "ThreeDay":  0.00000000000621027465883754,
    "ThreeDay_Fluctuation":  0.27659484592266614,
    "Week":  0.00000000000621027465883754,
    "Week_Fluctuation":  0.27659484592266614,
    "Duration":  "05:35:22.4853224",
    "Updated":  "\/Date(1581326775693)\/",
    "Failed":  0,
    "HashRate_Live":  16390900,
    "HashRate_Average":  18439652.617574845,
    "BlockRate_Live":  50,
    "BlockRate_Average":  47.220838819922257,
    "Actual24h_Week":  0.00000559582843682558,
    "Estimate24h_Week":  0.00000622371152010099,
    "ErrorRatio":  0.993398484928084
}
