{
    "Live":  0.00000000000005,
    "Minute":  0.00000000000005,
    "Minute_Fluctuation":  1.2621774483536189E-16,
    "Minute_5":  0.0000000000000572634374842315,
    "Minute_5_Fluctuation":  0.32530073277024929,
    "Minute_10":  0.00000000000019113894630556,
    "Minute_10_Fluctuation":  0.81618418977508389,
    "Hour":  0.000000000000727284263237657,
    "Hour_Fluctuation":  0.78646198317839167,
    "Day":  0.00000000000068298785881338,
    "Day_Fluctuation":  0.73241967044722456,
    "ThreeDay":  0.000000000000803436480035005,
    "ThreeDay_Fluctuation":  0.75737399398316785,
    "Week":  0.00000000000087268686584305,
    "Week_Fluctuation":  0.75317833302967541,
    "Duration":  "12.12:56:33.8219976",
    "Updated":  "\/Date(1581922289183)\/",
    "Failed":  0,
    "HashRate_Live":  0,
    "HashRate_Average":  147571.02066373921,
    "BlockRate_Live":  4,
    "BlockRate_Average":  4.050643050965185,
    "Actual24h_Week":  0.000000864232365319457,
    "Estimate24h_Week":  0.000000820934452464266,
    "ErrorRatio":  1.05274222896264
}
