{
    "Live":  0.00000002507,
    "Minute":  0.00000002507,
    "Minute_Fluctuation":  0,
    "Minute_5":  0.0000000251676801818919,
    "Minute_5_Fluctuation":  0.016354605294273142,
    "Minute_10":  0.0000000257093648600621,
    "Minute_10_Fluctuation":  0.055519121741233482,
    "Hour":  0.000000027127328399664,
    "Hour_Fluctuation":  0.11895174684721806,
    "Day":  0.0000000326620972604509,
    "Day_Fluctuation":  0.1168677273275133,
    "ThreeDay":  0.0000000328484247865802,
    "ThreeDay_Fluctuation":  0.11231644378583226,
    "Week":  0.0000000334315448778516,
    "Week_Fluctuation":  0.11314705608343449,
    "Duration":  "12.21:12:50.8903683",
    "Updated":  "\/Date(1581922660900)\/",
    "Failed":  0,
    "HashRate_Live":  7500,
    "HashRate_Average":  10905.796239237498,
    "BlockRate_Live":  48,
    "BlockRate_Average":  48.796263310991648,
    "Actual24h_Week":  0.0000388570949155474,
    "Estimate24h_Week":  0.0000326814878611332,
    "ErrorRatio":  1.18896346092488
}
