{
    "Live":  0.0000000000009453,
    "Minute":  0.0000000000009453,
    "Minute_Fluctuation":  0.10711249645792018,
    "Minute_5":  0.00000000000109943523027221,
    "Minute_5_Fluctuation":  0.13105100949071782,
    "Minute_10":  0.00000000000120540224108544,
    "Minute_10_Fluctuation":  0.1500977226379378,
    "Hour":  0.00000000000137387090372519,
    "Hour_Fluctuation":  0.155686892122811,
    "Day":  0.00000000000158750535399974,
    "Day_Fluctuation":  0.22693632158880628,
    "ThreeDay":  0.00000000000158750535399974,
    "ThreeDay_Fluctuation":  0.22693632158880628,
    "Week":  0.00000000000158750535399974,
    "Week_Fluctuation":  0.22693632158880628,
    "Duration":  "05:35:22.4853224",
    "Updated":  "\/Date(1581326775596)\/",
    "Failed":  0,
    "HashRate_Live":  15526484301,
    "HashRate_Average":  8417816408.4540854,
    "BlockRate_Live":  515,
    "BlockRate_Average":  270.05738316224091,
    "Actual24h_Week":  0.00000163848892285514,
    "Estimate24h_Week":  0.00000169863980159934,
    "ErrorRatio":  0.997682845610317
}
