{
    "Live":  0.0000000000026,
    "Minute":  0.0000000000026,
    "Minute_Fluctuation":  0,
    "Minute_5":  0.00000000000261118204879401,
    "Minute_5_Fluctuation":  0.010509232690688989,
    "Minute_10":  0.00000000000263981756697493,
    "Minute_10_Fluctuation":  0.019622338865982327,
    "Hour":  0.00000000000277149097179578,
    "Hour_Fluctuation":  0.049372387302837197,
    "Day":  0.0000000000030018960769762,
    "Day_Fluctuation":  0.1294673802065214,
    "ThreeDay":  0.00000000000290180715491467,
    "ThreeDay_Fluctuation":  0.18579101865169889,
    "Week":  0.00000000000277328695270246,
    "Week_Fluctuation":  0.21663619623596361,
    "Duration":  "7.14:00:55.3183118",
    "Updated":  "\/Date(1581922662597)\/",
    "Failed":  0,
    "HashRate_Live":  629067329,
    "HashRate_Average":  545983721.5122335,
    "BlockRate_Live":  117,
    "BlockRate_Average":  115.26716012685043,
    "Actual24h_Week":  0.0000040262833762015,
    "Estimate24h_Week":  0.00000304774196762674,
    "ErrorRatio":  1.32107094989303
}
