{
    "Live":  0.00000000000745011,
    "Minute":  0.00000000000745011,
    "Minute_Fluctuation":  0,
    "Minute_5":  0.00000000000738184571947733,
    "Minute_5_Fluctuation":  0.038658897527042629,
    "Minute_10":  0.00000000000702594987650138,
    "Minute_10_Fluctuation":  0.12912103264171282,
    "Hour":  0.00000000000507324448122812,
    "Hour_Fluctuation":  0.30344633433134832,
    "Day":  0.00000000000371709510444196,
    "Day_Fluctuation":  0.27401238857542137,
    "ThreeDay":  0.00000000000371709510444196,
    "ThreeDay_Fluctuation":  0.27401238857542137,
    "Week":  0.00000000000371709510444196,
    "Week_Fluctuation":  0.27401238857542137,
    "Duration":  "05:35:22.4853224",
    "Updated":  "\/Date(1581326531128)\/",
    "Failed":  0,
    "HashRate_Live":  0,
    "HashRate_Average":  6189244.2330952417,
    "BlockRate_Live":  6,
    "BlockRate_Average":  81.165872015161526,
    "Actual24h_Week":  0.00000197514482562603,
    "Estimate24h_Week":  0.00000362157342202475,
    "ErrorRatio":  0.970251854472549
}
