{
    "Live":  0.00000000000011603,
    "Minute":  0.00000000000011603,
    "Minute_Fluctuation":  2.1756053578447277E-16,
    "Minute_5":  0.000000000000106959532658302,
    "Minute_5_Fluctuation":  0.15584954385625135,
    "Minute_10":  0.000000000000105048700935378,
    "Minute_10_Fluctuation":  0.16945168262379659,
    "Hour":  0.000000000000117590820448182,
    "Hour_Fluctuation":  0.27776449101826106,
    "Day":  0.0000000000000949406081138852,
    "Day_Fluctuation":  0.33436240230841069,
    "ThreeDay":  0.0000000000000898893881201038,
    "ThreeDay_Fluctuation":  0.33125506024010981,
    "Week":  0.0000000000000884226097713976,
    "Week_Fluctuation":  0.335203486994539,
    "Duration":  "7.16:11:38.2317670",
    "Updated":  "\/Date(1581922538423)\/",
    "Failed":  0,
    "HashRate_Live":  142968772450,
    "HashRate_Average":  149432538364.55145,
    "BlockRate_Live":  25,
    "BlockRate_Average":  25.060201067955994,
    "Actual24h_Week":  0.0000841736695548867,
    "Estimate24h_Week":  0.0000892417390192349,
    "ErrorRatio":  0.943209651447336
}
