{
    "Live":  0.00000000000088636,
    "Minute":  0.00000000000088636,
    "Minute_Fluctuation":  0,
    "Minute_5":  0.000000000000709959874431358,
    "Minute_5_Fluctuation":  0.38006358034132215,
    "Minute_10":  0.000000000000640036907322304,
    "Minute_10_Fluctuation":  0.62050896900146968,
    "Hour":  0.000000000000804799133770446,
    "Hour_Fluctuation":  0.72836916188591527,
    "Day":  0.000000000000900913112571459,
    "Day_Fluctuation":  0.6479514235398981,
    "ThreeDay":  0.000000000000900913112571459,
    "ThreeDay_Fluctuation":  0.6479514235398981,
    "Week":  0.000000000000900913112571459,
    "Week_Fluctuation":  0.6479514235398981,
    "Duration":  "04:38:02.5869380",
    "Updated":  "\/Date(1581326776735)\/",
    "Failed":  0,
    "HashRate_Live":  38482907,
    "HashRate_Average":  241411757.64954314,
    "BlockRate_Live":  51,
    "BlockRate_Average":  71.175073051519135,
    "Actual24h_Week":  0.00000148027714350096,
    "Estimate24h_Week":  0.00000717989623363298,
    "ErrorRatio":  0.956810530010475
}
