{
    "Live":  0.00000000288563,
    "Minute":  0.00000000288563,
    "Minute_Fluctuation":  0,
    "Minute_5":  0.00000000317569434427642,
    "Minute_5_Fluctuation":  0.19173369808587787,
    "Minute_10":  0.00000000366859062729564,
    "Minute_10_Fluctuation":  0.28800684742360361,
    "Hour":  0.00000000366284332068981,
    "Hour_Fluctuation":  0.2106834667065387,
    "Day":  0.0000000032473234046779,
    "Day_Fluctuation":  0.1628907361243655,
    "ThreeDay":  0.0000000032473234046779,
    "ThreeDay_Fluctuation":  0.1628907361243655,
    "Week":  0.0000000032473234046779,
    "Week_Fluctuation":  0.1628907361243655,
    "Duration":  "05:35:22.4853224",
    "Updated":  "\/Date(1581326778439)\/",
    "Failed":  0,
    "HashRate_Live":  10357,
    "HashRate_Average":  17731.83099543022,
    "BlockRate_Live":  6,
    "BlockRate_Average":  3.3866807072738303,
    "Actual24h_Week":  0.00000271536086304845,
    "Estimate24h_Week":  0.00000316589446376265,
    "ErrorRatio":  0.990687955476969
}
