{
    "Live":  0.00000000000024920663,
    "Minute":  0.00000000000024920663,
    "Minute_Fluctuation":  0.22682499041158191,
    "Minute_5":  0.000000000000316336941029791,
    "Minute_5_Fluctuation":  0.16823064164478985,
    "Minute_10":  0.000000000000297710373621193,
    "Minute_10_Fluctuation":  0.23369973168082731,
    "Hour":  0.000000000000266221235721115,
    "Hour_Fluctuation":  0.24981033086939924,
    "Day":  0.000000000000259925678395494,
    "Day_Fluctuation":  0.24854526013007541,
    "ThreeDay":  0.000000000000259925678395494,
    "ThreeDay_Fluctuation":  0.24854526013007536,
    "Week":  0.000000000000259925678395494,
    "Week_Fluctuation":  0.24854526013007541,
    "Duration":  "03:34:36.6820773",
    "Updated":  "\/Date(1581326776290)\/",
    "Failed":  0,
    "HashRate_Live":  1742027103,
    "HashRate_Average":  1401965487.3023262,
    "BlockRate_Live":  98,
    "BlockRate_Average":  103.47142386355043,
    "Actual24h_Week":  0.00024389212966203,
    "Estimate24h_Week":  0.00033881438341008,
    "ErrorRatio":  0.988197327301387
}
