{
    "Live":  0.00000000000049579668,
    "Minute":  0.00000000000049579668,
    "Minute_Fluctuation":  0,
    "Minute_5":  0.00000000000065179197202885,
    "Minute_5_Fluctuation":  0.44322865739825296,
    "Minute_10":  0.000000000000816279388536993,
    "Minute_10_Fluctuation":  0.53579731801033625,
    "Hour":  0.00000000000118900726983017,
    "Hour_Fluctuation":  0.62452544157879808,
    "Day":  0.00000000000178630935084093,
    "Day_Fluctuation":  0.34643965355218487,
    "ThreeDay":  0.00000000000178630935084093,
    "ThreeDay_Fluctuation":  0.34643965355218481,
    "Week":  0.00000000000178630935084093,
    "Week_Fluctuation":  0.34643965355218487,
    "Duration":  "05:25:43.7351606",
    "Updated":  "\/Date(1581326778391)\/",
    "Failed":  0,
    "HashRate_Live":  1628926476,
    "HashRate_Average":  777360494.54305959,
    "BlockRate_Live":  1038,
    "BlockRate_Average":  632.82825062024119,
    "Actual24h_Week":  0.00192917330710297,
    "Estimate24h_Week":  0.00210812119375762,
    "ErrorRatio":  0.994602626179747
}
