{
    "Live":  0.00000000000000005458947,
    "Minute":  0.00000000000000005458947,
    "Minute_Fluctuation":  0,
    "Minute_5":  0.0000000000000000528135053553,
    "Minute_5_Fluctuation":  0.095105812893501757,
    "Minute_10":  0.0000000000000000535946789231,
    "Minute_10_Fluctuation":  0.15759360605704964,
    "Hour":  0.0000000000000000463874677778,
    "Hour_Fluctuation":  0.25500467510463948,
    "Day":  0.0000000000000000384598488644,
    "Day_Fluctuation":  0.34463591399119081,
    "ThreeDay":  0.0000000000000000384598488644,
    "ThreeDay_Fluctuation":  0.34463591399119081,
    "Week":  0.0000000000000000384598488644,
    "Week_Fluctuation":  0.34463591399119081,
    "Duration":  "05:35:22.4853224",
    "Updated":  "\/Date(1581326778696)\/",
    "Failed":  0,
    "HashRate_Live":  11597953581007,
    "HashRate_Average":  14397420342604.768,
    "BlockRate_Live":  0,
    "BlockRate_Average":  1.9864121656873523,
    "Actual24h_Week":  0.0000320409645294131,
    "Estimate24h_Week":  0.0000357280626493643,
    "ErrorRatio":  0.99324711243431
}
