{
    "Live":  0.00000000000000078164,
    "Minute":  0.00000000000000078164,
    "Minute_Fluctuation":  0.17816230555890514,
    "Minute_5":  0.0000000000000006897045311806,
    "Minute_5_Fluctuation":  0.14184468017933219,
    "Minute_10":  0.000000000000000712788698171,
    "Minute_10_Fluctuation":  0.24663067350089934,
    "Hour":  0.0000000000000007700248822373,
    "Hour_Fluctuation":  0.33836471657512651,
    "Day":  0.0000000000000010198473388933,
    "Day_Fluctuation":  0.42667727309236708,
    "ThreeDay":  0.0000000000000010198473388933,
    "ThreeDay_Fluctuation":  0.42667727309236708,
    "Week":  0.0000000000000010198473388933,
    "Week_Fluctuation":  0.42667727309236708,
    "Duration":  "05:35:22.4853224",
    "Updated":  "\/Date(1581326777061)\/",
    "Failed":  0,
    "HashRate_Live":  0,
    "HashRate_Average":  979839472.04305685,
    "BlockRate_Live":  3,
    "BlockRate_Average":  5.0555071035744614,
    "Actual24h_Week":  0.000000341281744799224,
    "Estimate24h_Week":  0.0000010006937969433,
    "ErrorRatio":  0.956880872560246
}
