{
    "Live":  0.00000000003437475,
    "Minute":  0.00000000003437475,
    "Minute_Fluctuation":  0,
    "Minute_5":  0.0000000000358653239518486,
    "Minute_5_Fluctuation":  0.082300289356830078,
    "Minute_10":  0.0000000000369738623704883,
    "Minute_10_Fluctuation":  0.11462722333725023,
    "Hour":  0.0000000000359508739891993,
    "Hour_Fluctuation":  0.13889558681785982,
    "Day":  0.0000000000368017724546305,
    "Day_Fluctuation":  0.18525943791619379,
    "ThreeDay":  0.0000000000368017724546305,
    "ThreeDay_Fluctuation":  0.18525943791619379,
    "Week":  0.0000000000368017724546305,
    "Week_Fluctuation":  0.18525943791619379,
    "Duration":  "05:35:22.4853224",
    "Updated":  "\/Date(1581326778315)\/",
    "Failed":  0,
    "HashRate_Live":  344061329,
    "HashRate_Average":  427651300.04162759,
    "BlockRate_Live":  184,
    "BlockRate_Average":  239.73639350820838,
    "Actual24h_Week":  0.0000251163981927955,
    "Estimate24h_Week":  0.0000380698509509571,
    "ErrorRatio":  0.977735207084726
}
