{
    "Live":  0.00000000000429,
    "Minute":  0.00000000000429,
    "Minute_Fluctuation":  0,
    "Minute_5":  0.00000000000480029549122198,
    "Minute_5_Fluctuation":  0.22523560780159788,
    "Minute_10":  0.00000000000554094215959107,
    "Minute_10_Fluctuation":  0.27453801083929535,
    "Hour":  0.00000000000592503347727563,
    "Hour_Fluctuation":  0.274952800690452,
    "Day":  0.00000000000599003352078354,
    "Day_Fluctuation":  0.26453133791735711,
    "ThreeDay":  0.00000000000614879171642084,
    "ThreeDay_Fluctuation":  0.28143763778870895,
    "Week":  0.00000000000627196795112742,
    "Week_Fluctuation":  0.29844844502095491,
    "Duration":  "12.21:09:24.0086969",
    "Updated":  "\/Date(1581922664066)\/",
    "Failed":  0,
    "HashRate_Live":  21692448,
    "HashRate_Average":  20027077.797333404,
    "BlockRate_Live":  35,
    "BlockRate_Average":  35.314414400298169,
    "Actual24h_Week":  0.0000061247253229081,
    "Estimate24h_Week":  0.00000628300246935248,
    "ErrorRatio":  0.974808676708878
}
