{
    "Live":  0.00000000001154839,
    "Minute":  0.00000000001154839,
    "Minute_Fluctuation":  0,
    "Minute_5":  0.0000000000121502976338592,
    "Minute_5_Fluctuation":  0.13722784230082657,
    "Minute_10":  0.0000000000142122309952669,
    "Minute_10_Fluctuation":  0.24127058092658643,
    "Hour":  0.0000000000207937841227141,
    "Hour_Fluctuation":  0.24679702522998712,
    "Day":  0.0000000000212470006123456,
    "Day_Fluctuation":  0.23086074532780837,
    "ThreeDay":  0.0000000000212470006123456,
    "ThreeDay_Fluctuation":  0.23086074532780837,
    "Week":  0.0000000000212470006123456,
    "Week_Fluctuation":  0.23086074532780837,
    "Duration":  "05:35:22.4853224",
    "Updated":  "\/Date(1581326342444)\/",
    "Failed":  0,
    "HashRate_Live":  0,
    "HashRate_Average":  484083.520360572,
    "BlockRate_Live":  11,
    "BlockRate_Average":  19.482956479593152,
    "Actual24h_Week":  0.00000873959518112516,
    "Estimate24h_Week":  0.0000213598379185202,
    "ErrorRatio":  0.961338024047404
}
