{
    "Live":  0.00000000000000051621,
    "Minute":  0.00000000000000051621,
    "Minute_Fluctuation":  0.039984378196425495,
    "Minute_5":  0.0000000000000005419626479107,
    "Minute_5_Fluctuation":  0.061578740083136831,
    "Minute_10":  0.0000000000000005663244838026,
    "Minute_10_Fluctuation":  0.11202737152557135,
    "Hour":  0.000000000000000499355791169,
    "Hour_Fluctuation":  0.1932435043284684,
    "Day":  0.0000000000000004602682487212,
    "Day_Fluctuation":  0.16671938419014545,
    "ThreeDay":  0.0000000000000004602682487212,
    "ThreeDay_Fluctuation":  0.16671938419014545,
    "Week":  0.0000000000000004602682487212,
    "Week_Fluctuation":  0.16671938419014545,
    "Duration":  "05:35:22.4853224",
    "Updated":  "\/Date(1581326778572)\/",
    "Failed":  0,
    "HashRate_Live":  1219496200661,
    "HashRate_Average":  2758262883984.6382,
    "BlockRate_Live":  34,
    "BlockRate_Average":  27.332525988423022,
    "Actual24h_Week":  0.00000025327831141539,
    "Estimate24h_Week":  0.000000457444415109917,
    "ErrorRatio":  0.970794839174895
}
