{
    "Live":  0.00000000000015718712,
    "Minute":  0.00000000000015718712,
    "Minute_Fluctuation":  0.002181581236756441,
    "Minute_5":  0.000000000000159700810434168,
    "Minute_5_Fluctuation":  0.06283800466757547,
    "Minute_10":  0.000000000000171742253018539,
    "Minute_10_Fluctuation":  0.16139093184324077,
    "Hour":  0.000000000000197399049962843,
    "Hour_Fluctuation":  0.35809055771264559,
    "Day":  0.00000000000022406043353917,
    "Day_Fluctuation":  0.45486526839736446,
    "ThreeDay":  0.00000000000022406043353917,
    "ThreeDay_Fluctuation":  0.45486526839736446,
    "Week":  0.00000000000022406043353917,
    "Week_Fluctuation":  0.45486526839736446,
    "Duration":  "05:35:22.4853224",
    "Updated":  "\/Date(1581326776450)\/",
    "Failed":  0,
    "HashRate_Live":  0,
    "HashRate_Average":  80953054.002708942,
    "BlockRate_Live":  16,
    "BlockRate_Average":  18.884131883389518,
    "Actual24h_Week":  0.000188585349608525,
    "Estimate24h_Week":  0.000193911386996784,
    "ErrorRatio":  0.998202722286194
}
