{
    "Live":  0.00000000000428307,
    "Minute":  0.00000000000428307,
    "Minute_Fluctuation":  0.054712346362919946,
    "Minute_5":  0.00000000000483197339503833,
    "Minute_5_Fluctuation":  0.10811993521878424,
    "Minute_10":  0.00000000000498016350632001,
    "Minute_10_Fluctuation":  0.16917300548321687,
    "Hour":  0.00000000000392743413821698,
    "Hour_Fluctuation":  0.31880700891955521,
    "Day":  0.00000000000368217734323451,
    "Day_Fluctuation":  0.22299292391063991,
    "ThreeDay":  0.00000000000368217734323451,
    "ThreeDay_Fluctuation":  0.22299292391063991,
    "Week":  0.00000000000368217734323451,
    "Week_Fluctuation":  0.22299292391063988,
    "Duration":  "05:35:22.4853224",
    "Updated":  "\/Date(1581326776841)\/",
    "Failed":  0,
    "HashRate_Live":  28633115,
    "HashRate_Average":  27473200.758417197,
    "BlockRate_Live":  26,
    "BlockRate_Average":  85.308196278682075,
    "Actual24h_Week":  0.00000341215630777308,
    "Estimate24h_Week":  0.00000363619738028775,
    "ErrorRatio":  0.995968241738957
}
