{
    "Live":  0.00000096292762,
    "Minute":  0.00000096292762,
    "Minute_Fluctuation":  0.0038479456156657551,
    "Minute_5":  0.000000922675462840006,
    "Minute_5_Fluctuation":  0.097196390482303219,
    "Minute_10":  0.000000858422583458748,
    "Minute_10_Fluctuation":  0.1716894272715436,
    "Hour":  0.00000080244666557846,
    "Hour_Fluctuation":  0.12972665017146434,
    "Day":  0.000000766834722496737,
    "Day_Fluctuation":  0.10679830656700967,
    "ThreeDay":  0.000000766834722496737,
    "ThreeDay_Fluctuation":  0.10679830656700967,
    "Week":  0.000000766834722496737,
    "Week_Fluctuation":  0.10679830656700967,
    "Duration":  "05:35:22.4853224",
    "Updated":  "\/Date(1581326775854)\/",
    "Failed":  0,
    "HashRate_Live":  7170,
    "HashRate_Average":  4948.7702692215926,
    "BlockRate_Live":  35,
    "BlockRate_Average":  33.541129404711256,
    "Actual24h_Week":  0.00067564777552326,
    "Estimate24h_Week":  0.000752364275559792,
    "ErrorRatio":  0.993327710114764
}
