{
    "Live":  0.0000000000576,
    "Minute":  0.0000000000576,
    "Minute_Fluctuation":  0,
    "Minute_5":  0.0000000000576246235984922,
    "Minute_5_Fluctuation":  0.0027418078480258476,
    "Minute_10":  0.0000000000583601360065859,
    "Minute_10_Fluctuation":  0.044650074015558552,
    "Hour":  0.000000000088419736409789,
    "Hour_Fluctuation":  0.33186446291994176,
    "Day":  0.0000000000798328213320352,
    "Day_Fluctuation":  0.75713567944352056,
    "ThreeDay":  0.0000000000677286473724281,
    "ThreeDay_Fluctuation":  0.6607859079049192,
    "Week":  0.0000000000642402783005319,
    "Week_Fluctuation":  0.633118124698538,
    "Duration":  "5.18:48:28.9150221",
    "Updated":  "\/Date(1581492802030)\/",
    "Failed":  0,
    "HashRate_Live":  6188732,
    "HashRate_Average":  5840979.7058476517,
    "BlockRate_Live":  31,
    "BlockRate_Average":  30.722401329521105,
    "Actual24h_Week":  0.0000577201483488799,
    "Estimate24h_Week":  0.0000645193147021876,
    "ErrorRatio":  0.897799934071453
}
