{
    "Live":  0.00000000561543,
    "Minute":  0.00000000561543,
    "Minute_Fluctuation":  0.028006501385612274,
    "Minute_5":  0.00000000592941985220042,
    "Minute_5_Fluctuation":  0.070269140026905236,
    "Minute_10":  0.00000000569004126238438,
    "Minute_10_Fluctuation":  0.14181969937918934,
    "Hour":  0.0000000039438486311754,
    "Hour_Fluctuation":  0.44512249278242089,
    "Day":  0.00000000345817633482915,
    "Day_Fluctuation":  0.30427848020576476,
    "ThreeDay":  0.00000000345817633482915,
    "ThreeDay_Fluctuation":  0.30427848020576476,
    "Week":  0.00000000345817633482915,
    "Week_Fluctuation":  0.30427848020576476,
    "Duration":  "05:35:22.4853224",
    "Updated":  "\/Date(1581326776332)\/",
    "Failed":  0,
    "HashRate_Live":  0,
    "HashRate_Average":  1663.5816550844781,
    "BlockRate_Live":  83,
    "BlockRate_Average":  63.995194430291733,
    "Actual24h_Week":  0.00000112207395600918,
    "Estimate24h_Week":  0.00000362549489872594,
    "ErrorRatio":  0.954816395486667
}
