{
    "Live":  0.00000000434981,
    "Minute":  0.00000000434981,
    "Minute_Fluctuation":  2.2989562738238518E-06,
    "Minute_5":  0.00000000577154286017584,
    "Minute_5_Fluctuation":  0.33074304530788323,
    "Minute_10":  0.00000000670649294789172,
    "Minute_10_Fluctuation":  0.3226918744671004,
    "Hour":  0.00000000691641401324701,
    "Hour_Fluctuation":  0.23984258293778679,
    "Day":  0.00000000696834187148084,
    "Day_Fluctuation":  0.22401919655095515,
    "ThreeDay":  0.00000000696834187148084,
    "ThreeDay_Fluctuation":  0.22401919655095515,
    "Week":  0.00000000696834187148084,
    "Week_Fluctuation":  0.22401919655095515,
    "Duration":  "05:35:22.4853224",
    "Updated":  "\/Date(1581326778755)\/",
    "Failed":  0,
    "HashRate_Live":  2070,
    "HashRate_Average":  4992.2190998734777,
    "BlockRate_Live":  5,
    "BlockRate_Average":  7.450690837119641,
    "Actual24h_Week":  0.00000717944192684365,
    "Estimate24h_Week":  0.00000726122273856154,
    "ErrorRatio":  0.999263019581388
}
