{
    "Live":  0.00000000966,
    "Minute":  0.00000000966,
    "Minute_Fluctuation":  0,
    "Minute_5":  0.00000000972015243416686,
    "Minute_5_Fluctuation":  0.0069844779018756265,
    "Minute_10":  0.00000000976329379060016,
    "Minute_10_Fluctuation":  0.0071200207666566456,
    "Hour":  0.0000000098159112579125,
    "Hour_Fluctuation":  0.00730551715864466,
    "Day":  0.00000000991924549187613,
    "Day_Fluctuation":  0.019523647707857125,
    "ThreeDay":  0.00000000996719551423756,
    "ThreeDay_Fluctuation":  0.029730319322419048,
    "Week":  0.00000000996028962321296,
    "Week_Fluctuation":  0.037064633117659923,
    "Duration":  "7.16:49:39.0682691",
    "Updated":  "\/Date(1581922662847)\/",
    "Failed":  0,
    "HashRate_Live":  61251,
    "HashRate_Average":  59440.257086316378,
    "BlockRate_Live":  0,
    "BlockRate_Average":  0,
    "Actual24h_Week":  0,
    "Estimate24h_Week":  0.0000099697976268633,
    "ErrorRatio":  0
}
