{
    "Live":  0.00000000001253072,
    "Minute":  0.00000000001253072,
    "Minute_Fluctuation":  0,
    "Minute_5":  0.0000000000136261637219791,
    "Minute_5_Fluctuation":  0.202205976685371,
    "Minute_10":  0.0000000000174512949017672,
    "Minute_10_Fluctuation":  0.34503726003571455,
    "Hour":  0.0000000000264464510700702,
    "Hour_Fluctuation":  0.31040233108191556,
    "Day":  0.0000000000264306657883727,
    "Day_Fluctuation":  0.27134721771154918,
    "ThreeDay":  0.0000000000264306657883727,
    "ThreeDay_Fluctuation":  0.27134721771154918,
    "Week":  0.0000000000264306657883727,
    "Week_Fluctuation":  0.27134721771154918,
    "Duration":  "05:35:22.4853224",
    "Updated":  "\/Date(1581326777794)\/",
    "Failed":  0,
    "HashRate_Live":  1899181,
    "HashRate_Average":  72577992.6576802,
    "BlockRate_Live":  40,
    "BlockRate_Average":  52.372064514174888,
    "Actual24h_Week":  0.0000326766976732701,
    "Estimate24h_Week":  0.0000269262651402175,
    "ErrorRatio":  1
}
