{
    "Live":  0.00000000000000138,
    "Minute":  0.00000000000000138,
    "Minute_Fluctuation":  1.4290958427916882E-16,
    "Minute_5":  0.0000000000000013194892386677,
    "Minute_5_Fluctuation":  0.10828674915362219,
    "Minute_10":  0.0000000000000012103130111905,
    "Minute_10_Fluctuation":  0.17585776403873354,
    "Hour":  0.0000000000000010673918821666,
    "Hour_Fluctuation":  0.19420598144743154,
    "Day":  0.0000000000000007689449926073,
    "Day_Fluctuation":  0.25331746388523596,
    "ThreeDay":  0.0000000000000007069289346418,
    "ThreeDay_Fluctuation":  0.21089431332852132,
    "Week":  0.0000000000000006785361931411,
    "Week_Fluctuation":  0.19243068335066155,
    "Duration":  "7.16:49:39.0682691",
    "Updated":  "\/Date(1581922662195)\/",
    "Failed":  0,
    "HashRate_Live":  3791913605006,
    "HashRate_Average":  4223518399068.0283,
    "BlockRate_Live":  98,
    "BlockRate_Average":  97.0072575995138,
    "Actual24h_Week":  0.000000684825158235125,
    "Estimate24h_Week":  0.000000694302212547264,
    "ErrorRatio":  0.98635024613076
}
