{
    "Live":  0.00000000000031446,
    "Minute":  0.00000000000031446,
    "Minute_Fluctuation":  0.0815477214101462,
    "Minute_5":  0.000000000000287045768669758,
    "Minute_5_Fluctuation":  0.15871275109100516,
    "Minute_10":  0.000000000000302621480154273,
    "Minute_10_Fluctuation":  0.24900596069522085,
    "Hour":  0.000000000000357303880493457,
    "Hour_Fluctuation":  0.39197315183623982,
    "Day":  0.000000000000398688934019305,
    "Day_Fluctuation":  0.46936638643125644,
    "ThreeDay":  0.000000000000398688934019305,
    "ThreeDay_Fluctuation":  0.46936638643125644,
    "Week":  0.000000000000398688934019305,
    "Week_Fluctuation":  0.46936638643125644,
    "Duration":  "04:53:23.9297734",
    "Updated":  "\/Date(1581326776916)\/",
    "Failed":  0,
    "HashRate_Live":  0,
    "HashRate_Average":  2364265.8987675542,
    "BlockRate_Live":  0,
    "BlockRate_Average":  2.7394184527563441,
    "Actual24h_Week":  0.000000261930882426532,
    "Estimate24h_Week":  0.000000413622818941684,
    "ErrorRatio":  0.978961300452583
}
