{
    "Live":  0.00000000000144,
    "Minute":  0.00000000000144,
    "Minute_Fluctuation":  0,
    "Minute_5":  0.0000000000013207350089931,
    "Minute_5_Fluctuation":  0.13112397597666042,
    "Minute_10":  0.00000000000120621308225147,
    "Minute_10_Fluctuation":  0.2080171136738343,
    "Hour":  0.00000000000132200808721161,
    "Hour_Fluctuation":  0.48944598645892423,
    "Day":  0.00000000000133949003127804,
    "Day_Fluctuation":  0.74242169814138081,
    "ThreeDay":  0.00000000000126214927369515,
    "ThreeDay_Fluctuation":  0.762532929786883,
    "Week":  0.00000000000120265674055724,
    "Week_Fluctuation":  0.75602148829153915,
    "Duration":  "7.16:45:10.8047671",
    "Updated":  "\/Date(1581922662431)\/",
    "Failed":  0,
    "HashRate_Live":  0,
    "HashRate_Average":  8197517.3842559364,
    "BlockRate_Live":  14,
    "BlockRate_Average":  14.017780985127418,
    "Actual24h_Week":  0.000000946206100549087,
    "Estimate24h_Week":  0.00000134278730898687,
    "ErrorRatio":  0.704658209246109
}
