{
    "Live":  0.00000000015054,
    "Minute":  0.00000000015054,
    "Minute_Fluctuation":  0,
    "Minute_5":  0.000000000157937206185694,
    "Minute_5_Fluctuation":  0.048357346047791426,
    "Minute_10":  0.00000000016882381222487,
    "Minute_10_Fluctuation":  0.14680359073030991,
    "Hour":  0.000000000230041120161336,
    "Hour_Fluctuation":  0.37888942897680578,
    "Day":  0.000000000205668788932529,
    "Day_Fluctuation":  0.41131721727246012,
    "ThreeDay":  0.000000000191022272571057,
    "ThreeDay_Fluctuation":  0.43105242753752931,
    "Week":  0.000000000170212553411444,
    "Week_Fluctuation":  0.45823308108257244,
    "Duration":  "12.21:12:50.8903683",
    "Updated":  "\/Date(1581922660064)\/",
    "Failed":  0,
    "HashRate_Live":  3446443,
    "HashRate_Average":  10261942.547699619,
    "BlockRate_Live":  296,
    "BlockRate_Average":  295.8659484184692,
    "Actual24h_Week":  0.000288180961997262,
    "Estimate24h_Week":  0.000204529035178284,
    "ErrorRatio":  1.40899780682024
}
