{
    "Live":  0.00000000000217016,
    "Minute":  0.00000000000217016,
    "Minute_Fluctuation":  1.8611382730911916E-16,
    "Minute_5":  0.00000000000210439443277622,
    "Minute_5_Fluctuation":  0.12166209111931016,
    "Minute_10":  0.0000000000019120598312926,
    "Minute_10_Fluctuation":  0.19038953890323279,
    "Hour":  0.00000000000170971440701922,
    "Hour_Fluctuation":  0.20317686937582288,
    "Day":  0.00000000000154556105509141,
    "Day_Fluctuation":  0.22698202425060557,
    "ThreeDay":  0.00000000000156795059740711,
    "ThreeDay_Fluctuation":  0.222374750861752,
    "Week":  0.00000000000169424678831149,
    "Week_Fluctuation":  0.20546229080366571,
    "Duration":  "12.21:09:24.0086969",
    "Updated":  "\/Date(1581922663903)\/",
    "Failed":  0,
    "HashRate_Live":  1405291461,
    "HashRate_Average":  1248663359.7490065,
    "BlockRate_Live":  208,
    "BlockRate_Average":  205.71986341040213,
    "Actual24h_Week":  0.00152061991687539,
    "Estimate24h_Week":  0.00150502020422808,
    "ErrorRatio":  1.01036511842399
}
