{
    "Live":  0.00000000264834,
    "Minute":  0.00000000264834,
    "Minute_Fluctuation":  0,
    "Minute_5":  0.00000000251994662719917,
    "Minute_5_Fluctuation":  0.11322305145928925,
    "Minute_10":  0.0000000023195378204698,
    "Minute_10_Fluctuation":  0.17956613419738751,
    "Hour":  0.000000001706497412965,
    "Hour_Fluctuation":  0.2543066471359221,
    "Day":  0.00000000153146505893252,
    "Day_Fluctuation":  0.20007748471123288,
    "ThreeDay":  0.00000000153146505893252,
    "ThreeDay_Fluctuation":  0.20007748471123288,
    "Week":  0.00000000153146505893252,
    "Week_Fluctuation":  0.20007748471123288,
    "Duration":  "05:35:22.4853224",
    "Updated":  "\/Date(1581326778549)\/",
    "Failed":  0,
    "HashRate_Live":  4772783,
    "HashRate_Average":  1975142.6278207134,
    "BlockRate_Live":  88,
    "BlockRate_Average":  77.6812927201938,
    "Actual24h_Week":  0.0000014958910702928,
    "Estimate24h_Week":  0.00000143414234156213,
    "ErrorRatio":  1
}
