{
    "Live":  0.00000000288409,
    "Minute":  0.00000000288409,
    "Minute_Fluctuation":  0.063235467602559992,
    "Minute_5":  0.00000000273266936941952,
    "Minute_5_Fluctuation":  0.052835264945569012,
    "Minute_10":  0.00000000279494960155815,
    "Minute_10_Fluctuation":  0.083813434736287454,
    "Hour":  0.0000000032578712230742,
    "Hour_Fluctuation":  0.12187989490334762,
    "Day":  0.00000000366627199221638,
    "Day_Fluctuation":  0.11709506657400982,
    "ThreeDay":  0.00000000366627199221638,
    "ThreeDay_Fluctuation":  0.11709506657400987,
    "Week":  0.00000000366627199221638,
    "Week_Fluctuation":  0.11709506657400982,
    "Duration":  "05:35:22.4853224",
    "Updated":  "\/Date(1581326777590)\/",
    "Failed":  0,
    "HashRate_Live":  535460,
    "HashRate_Average":  506789.67465366353,
    "BlockRate_Live":  227,
    "BlockRate_Average":  244.42140603966632,
    "Actual24h_Week":  0.00000366040778726832,
    "Estimate24h_Week":  0.0000036312138768225,
    "ErrorRatio":  1
}
