{
    "Live":  0.00000000000000000504593603,
    "Minute":  0.00000000000000000504593603,
    "Minute_Fluctuation":  7.0865872165115783E-05,
    "Minute_5":  0.0000000000000000052000039313,
    "Minute_5_Fluctuation":  0.092021006903144673,
    "Minute_10":  0.0000000000000000058033391744,
    "Minute_10_Fluctuation":  0.18319128757208264,
    "Hour":  0.0000000000000000077803198656,
    "Hour_Fluctuation":  0.23605493043474249,
    "Day":  0.0000000000000000110485263144,
    "Day_Fluctuation":  0.23217672678078285,
    "ThreeDay":  0.0000000000000000110485263144,
    "ThreeDay_Fluctuation":  0.23217672678078285,
    "Week":  0.0000000000000000110485263144,
    "Week_Fluctuation":  0.23217672678078285,
    "Duration":  "05:35:22.4853224",
    "Updated":  "\/Date(1581326776603)\/",
    "Failed":  0,
    "HashRate_Live":  0,
    "HashRate_Average":  2218883149553.2993,
    "BlockRate_Live":  0,
    "BlockRate_Average":  1.3064034156603543,
    "Actual24h_Week":  0.00168463408405753,
    "Estimate24h_Week":  0.0152088587166682,
    "ErrorRatio":  0.941812454065578
}
