{
    "Live":  0.0000000007,
    "Minute":  0.0000000007,
    "Minute_Fluctuation":  0,
    "Minute_5":  0.000000000714969663065137,
    "Minute_5_Fluctuation":  0.02313270848754204,
    "Minute_10":  0.000000000728228764217513,
    "Minute_10_Fluctuation":  0.029664442025419985,
    "Hour":  0.000000000786394029336438,
    "Hour_Fluctuation":  0.067959987997831928,
    "Day":  0.000000000891719638435904,
    "Day_Fluctuation":  0.0849370489986625,
    "ThreeDay":  0.000000000897672033722479,
    "ThreeDay_Fluctuation":  0.086444918201583162,
    "Week":  0.000000000916970102538664,
    "Week_Fluctuation":  0.088785036020855385,
    "Duration":  "12.21:12:50.8903683",
    "Updated":  "\/Date(1581922661060)\/",
    "Failed":  0,
    "HashRate_Live":  44732,
    "HashRate_Average":  27611.127727586663,
    "BlockRate_Live":  3,
    "BlockRate_Average":  3.1419767226768918,
    "Actual24h_Week":  0.00000116835463805773,
    "Estimate24h_Week":  0.000000904412072382983,
    "ErrorRatio":  1.29183883512224
}
