{
    "Live":  0.0000000000003553297,
    "Minute":  0.0000000000003553297,
    "Minute_Fluctuation":  0.00097020921627492785,
    "Minute_5":  0.000000000000350509755462697,
    "Minute_5_Fluctuation":  0.046044562452248659,
    "Minute_10":  0.000000000000334673081297996,
    "Minute_10_Fluctuation":  0.10865797990913117,
    "Hour":  0.00000000000030082880116534,
    "Hour_Fluctuation":  0.12493591555430822,
    "Day":  0.000000000000273472457479458,
    "Day_Fluctuation":  0.10565048818313694,
    "ThreeDay":  0.000000000000273472457479458,
    "ThreeDay_Fluctuation":  0.10565048818313694,
    "Week":  0.000000000000273472457479458,
    "Week_Fluctuation":  0.10565048818313694,
    "Duration":  "05:35:22.4853224",
    "Updated":  "\/Date(1581326777759)\/",
    "Failed":  0,
    "HashRate_Live":  2617145033,
    "HashRate_Average":  392156566.84524745,
    "BlockRate_Live":  18,
    "BlockRate_Average":  22.435382607788661,
    "Actual24h_Week":  0.000185045689105329,
    "Estimate24h_Week":  0.000270441273570907,
    "ErrorRatio":  0.979337791774926
}
