{
    "Live":  0.0000000000000575195,
    "Minute":  0.0000000000000575195,
    "Minute_Fluctuation":  0,
    "Minute_5":  0.0000000000000589575662802455,
    "Minute_5_Fluctuation":  0.079875854322027776,
    "Minute_10":  0.0000000000000670729065093663,
    "Minute_10_Fluctuation":  0.22553805521343298,
    "Hour":  0.0000000000000928888987148449,
    "Hour_Fluctuation":  0.22103663070022614,
    "Day":  0.0000000000000922706375641058,
    "Day_Fluctuation":  0.18018213616049517,
    "ThreeDay":  0.0000000000000922706375641058,
    "ThreeDay_Fluctuation":  0.18018213616049514,
    "Week":  0.0000000000000922706375641058,
    "Week_Fluctuation":  0.18018213616049517,
    "Duration":  "05:35:22.4853224",
    "Updated":  "\/Date(1581326403063)\/",
    "Failed":  0,
    "HashRate_Live":  0,
    "HashRate_Average":  156086991.59137443,
    "BlockRate_Live":  0,
    "BlockRate_Average":  1.1167165876989107,
    "Actual24h_Week":  0.0000274036056490286,
    "Estimate24h_Week":  0.0000890763546405134,
    "ErrorRatio":  0.954695101431272
}
