{
    "Live":  0.00000000000000217204,
    "Minute":  0.00000000000000217204,
    "Minute_Fluctuation":  0.1200528044636275,
    "Minute_5":  0.0000000000000021156692092735,
    "Minute_5_Fluctuation":  0.13636576842691386,
    "Minute_10":  0.0000000000000023142211025111,
    "Minute_10_Fluctuation":  0.21802092589248528,
    "Hour":  0.0000000000000027219218374066,
    "Hour_Fluctuation":  0.2786733517173749,
    "Day":  0.0000000000000030916569256885,
    "Day_Fluctuation":  0.34563635229999451,
    "ThreeDay":  0.0000000000000030916569256885,
    "ThreeDay_Fluctuation":  0.34563635229999451,
    "Week":  0.0000000000000030916569256885,
    "Week_Fluctuation":  0.34563635229999451,
    "Duration":  "05:35:22.4853224",
    "Updated":  "\/Date(1581326776459)\/",
    "Failed":  0,
    "HashRate_Live":  26915022366,
    "HashRate_Average":  46188557387.294685,
    "BlockRate_Live":  0,
    "BlockRate_Average":  0.17058073444436755,
    "Actual24h_Week":  0.00000205005305155504,
    "Estimate24h_Week":  0.00000301490631283398,
    "ErrorRatio":  0.979058791586641
}
