{
    "Live":  0.00000000212560696,
    "Minute":  0.00000000212560696,
    "Minute_Fluctuation":  0,
    "Minute_5":  0.00000000211251082764494,
    "Minute_5_Fluctuation":  0.021197019926283572,
    "Minute_10":  0.00000000208935528953445,
    "Minute_10_Fluctuation":  0.042012045768083275,
    "Hour":  0.0000000020064281006949,
    "Hour_Fluctuation":  0.1555992196158868,
    "Day":  0.00000000189167459494361,
    "Day_Fluctuation":  0.1559631565799289,
    "ThreeDay":  0.00000000189167459494361,
    "ThreeDay_Fluctuation":  0.1559631565799289,
    "Week":  0.00000000189167459494361,
    "Week_Fluctuation":  0.1559631565799289,
    "Duration":  "05:04:12.3469486",
    "Updated":  "\/Date(1581326777786)\/",
    "Failed":  0,
    "HashRate_Live":  470015,
    "HashRate_Average":  449366.75554702565,
    "BlockRate_Live":  22,
    "BlockRate_Average":  31.399633019855333,
    "Actual24h_Week":  0.00078571065689544,
    "Estimate24h_Week":  0.00184454167297217,
    "ErrorRatio":  0.965875063882865
}
