{
    "Live":  0.00000000000004009265,
    "Minute":  0.00000000000004009265,
    "Minute_Fluctuation":  0.0045580234297004571,
    "Minute_5":  0.0000000000000402667116070888,
    "Minute_5_Fluctuation":  0.017433779726024386,
    "Minute_10":  0.0000000000000408196343832122,
    "Minute_10_Fluctuation":  0.04464927051634314,
    "Hour":  0.0000000000000381174874083412,
    "Hour_Fluctuation":  0.13510741491803976,
    "Day":  0.0000000000000348057859772516,
    "Day_Fluctuation":  0.16943589346002702,
    "ThreeDay":  0.0000000000000348057859772516,
    "ThreeDay_Fluctuation":  0.16943589346002702,
    "Week":  0.0000000000000348057859772516,
    "Week_Fluctuation":  0.16943589346002702,
    "Duration":  "05:35:22.4853224",
    "Updated":  "\/Date(1581326777803)\/",
    "Failed":  0,
    "HashRate_Live":  644012478971,
    "HashRate_Average":  547625610805.72656,
    "BlockRate_Live":  10,
    "BlockRate_Average":  6.5197639223167405,
    "Actual24h_Week":  0.0000335231038195567,
    "Estimate24h_Week":  0.0000320431561057543,
    "ErrorRatio":  1
}
