{
    "Live":  0.00000000000052322,
    "Minute":  0.00000000000052322,
    "Minute_Fluctuation":  0.0815470161440356,
    "Minute_5":  0.000000000000474831025317867,
    "Minute_5_Fluctuation":  0.15504865431801271,
    "Minute_10":  0.000000000000491915517348139,
    "Minute_10_Fluctuation":  0.23713742894460255,
    "Hour":  0.000000000000607398824261464,
    "Hour_Fluctuation":  0.43271446452398243,
    "Day":  0.00000000000086668816995398,
    "Day_Fluctuation":  0.615219978423994,
    "ThreeDay":  0.00000000000086668816995398,
    "ThreeDay_Fluctuation":  0.615219978423994,
    "Week":  0.00000000000086668816995398,
    "Week_Fluctuation":  0.615219978423994,
    "Duration":  "04:36:26.1577799",
    "Updated":  "\/Date(1581326776887)\/",
    "Failed":  0,
    "HashRate_Live":  0,
    "HashRate_Average":  1490377.2010392065,
    "BlockRate_Live":  5,
    "BlockRate_Average":  4.5170390865368244,
    "Actual24h_Week":  0.000000427034485170623,
    "Estimate24h_Week":  0.000000899209276656667,
    "ErrorRatio":  0.971594023155546
}
