{
    "Live":  0.0000000000017935,
    "Minute":  0.0000000000017935,
    "Minute_Fluctuation":  0.17814374207618683,
    "Minute_5":  0.00000000000151130593186063,
    "Minute_5_Fluctuation":  0.13797280558718747,
    "Minute_10":  0.00000000000145804659356085,
    "Minute_10_Fluctuation":  0.20256941538965859,
    "Hour":  0.00000000000128512230374071,
    "Hour_Fluctuation":  0.40027662569327954,
    "Day":  0.00000000000108335896442071,
    "Day_Fluctuation":  0.5708669485489668,
    "ThreeDay":  0.00000000000108335896442071,
    "ThreeDay_Fluctuation":  0.57086694854896691,
    "Week":  0.00000000000108335896442071,
    "Week_Fluctuation":  0.570866948548967,
    "Duration":  "05:04:12.3469486",
    "Updated":  "\/Date(1581326777308)\/",
    "Failed":  0,
    "HashRate_Live":  5153961,
    "HashRate_Average":  11294881.897024285,
    "BlockRate_Live":  11,
    "BlockRate_Average":  14.427200882585996,
    "Actual24h_Week":  0.000000495735050571547,
    "Estimate24h_Week":  0.0000009399670878372,
    "ErrorRatio":  0.971904879923905
}
