{
    "Live":  0.00000000904539,
    "Minute":  0.00000000904539,
    "Minute_Fluctuation":  0.018740870301689878,
    "Minute_5":  0.00000000909810740031516,
    "Minute_5_Fluctuation":  0.049217425816307663,
    "Minute_10":  0.00000000929531872192339,
    "Minute_10_Fluctuation":  0.085982497920344653,
    "Hour":  0.0000000108904908448919,
    "Hour_Fluctuation":  0.16154345669372289,
    "Day":  0.0000000118112733333789,
    "Day_Fluctuation":  0.13699821261628825,
    "ThreeDay":  0.0000000118112733333789,
    "ThreeDay_Fluctuation":  0.13699821261628825,
    "Week":  0.0000000118112733333789,
    "Week_Fluctuation":  0.13699821261628825,
    "Duration":  "05:35:22.4853224",
    "Updated":  "\/Date(1581326778119)\/",
    "Failed":  0,
    "HashRate_Live":  348069,
    "HashRate_Average":  335029.02454496577,
    "BlockRate_Live":  58,
    "BlockRate_Average":  41.482949644326354,
    "Actual24h_Week":  0.0000121948636918959,
    "Estimate24h_Week":  0.0000122540205456912,
    "ErrorRatio":  0.999684106452318
}
