{
    "Live":  0.00000000000003413766,
    "Minute":  0.00000000000003413766,
    "Minute_Fluctuation":  0.010374062328429485,
    "Minute_5":  0.0000000000000324852982128463,
    "Minute_5_Fluctuation":  0.11659216722213686,
    "Minute_10":  0.000000000000029597965474101,
    "Minute_10_Fluctuation":  0.20661263754771655,
    "Hour":  0.0000000000000250207684291184,
    "Hour_Fluctuation":  0.23897655144817487,
    "Day":  0.000000000000024884652847021,
    "Day_Fluctuation":  0.25718731048912574,
    "ThreeDay":  0.000000000000024884652847021,
    "ThreeDay_Fluctuation":  0.25718731048912574,
    "Week":  0.000000000000024884652847021,
    "Week_Fluctuation":  0.25718731048912574,
    "Duration":  "05:35:22.4853224",
    "Updated":  "\/Date(1581326776587)\/",
    "Failed":  0,
    "HashRate_Live":  0,
    "HashRate_Average":  0,
    "BlockRate_Live":  0,
    "BlockRate_Average":  0.39761806285912932,
    "Actual24h_Week":  0,
    "Estimate24h_Week":  0.0000252174804521891,
    "ErrorRatio":  0.934564369549707
}
