{
    "Live":  0.00000000000000007391,
    "Minute":  0.00000000000000007391,
    "Minute_Fluctuation":  0,
    "Minute_5":  0.0000000000000001086848888252,
    "Minute_5_Fluctuation":  0.51312264609610814,
    "Minute_10":  0.0000000000000002562942526401,
    "Minute_10_Fluctuation":  0.63803951401817671,
    "Hour":  0.0000000000000009038166434597,
    "Hour_Fluctuation":  0.40821705866980246,
    "Day":  0.0000000000000011309345973369,
    "Day_Fluctuation":  0.32484650940330573,
    "ThreeDay":  0.0000000000000011309345973369,
    "ThreeDay_Fluctuation":  0.32484650940330573,
    "Week":  0.0000000000000011309345973369,
    "Week_Fluctuation":  0.32484650940330567,
    "Duration":  "02:54:34.3725615",
    "Updated":  "\/Date(1581326653612)\/",
    "Failed":  0,
    "HashRate_Live":  0,
    "HashRate_Average":  1864005525.2950826,
    "BlockRate_Live":  0,
    "BlockRate_Average":  67.383412372828019,
    "Actual24h_Week":  0.000000543252535499771,
    "Estimate24h_Week":  0.00000127023516100172,
    "ErrorRatio":  0.980347896697474
}
