{
    "Live":  0.00000000000000000000280555,
    "Minute":  0.00000000000000000000280555,
    "Minute_Fluctuation":  0.036476000000000008,
    "Minute_5":  0.0000000000000000000030551731,
    "Minute_5_Fluctuation":  0.026817855596470291,
    "Minute_10":  0.0000000000000000000032882353,
    "Minute_10_Fluctuation":  0.095577542916220087,
    "Hour":  0.0000000000000000000049254097,
    "Hour_Fluctuation":  0.53087161988491727,
    "Day":  0.0000000000000000000096959643,
    "Day_Fluctuation":  0.72267537022885886,
    "ThreeDay":  0.0000000000000000000096959643,
    "ThreeDay_Fluctuation":  0.72267537022885886,
    "Week":  0.0000000000000000000096959643,
    "Week_Fluctuation":  0.72267537022885886,
    "Duration":  "05:35:22.4853224",
    "Updated":  "\/Date(1581326775610)\/",
    "Failed":  0,
    "HashRate_Live":  0,
    "HashRate_Average":  0,
    "BlockRate_Live":  45,
    "BlockRate_Average":  37.601400779147646,
    "Actual24h_Week":  0,
    "Estimate24h_Week":  0.0000106384997137803,
    "ErrorRatio":  0.934564369549707
}
