{
    "Live":  0.00000000000000050479,
    "Minute":  0.00000000000000050479,
    "Minute_Fluctuation":  0,
    "Minute_5":  0.0000000000000005171072908603,
    "Minute_5_Fluctuation":  0.0789306763487452,
    "Minute_10":  0.0000000000000005862020082277,
    "Minute_10_Fluctuation":  0.22877085037080339,
    "Hour":  0.0000000000000009837064667727,
    "Hour_Fluctuation":  0.34712868426282872,
    "Day":  0.000000000000001056873353526,
    "Day_Fluctuation":  0.3516492245886263,
    "ThreeDay":  0.000000000000001056873353526,
    "ThreeDay_Fluctuation":  0.3516492245886263,
    "Week":  0.000000000000001056873353526,
    "Week_Fluctuation":  0.3516492245886263,
    "Duration":  "05:35:22.4853224",
    "Updated":  "\/Date(1581326215929)\/",
    "Failed":  0,
    "HashRate_Live":  0,
    "HashRate_Average":  56965295550.400871,
    "BlockRate_Live":  2,
    "BlockRate_Average":  63.692626250517577,
    "Actual24h_Week":  0.000000546587052786446,
    "Estimate24h_Week":  0.00000118037382508504,
    "ErrorRatio":  0.964865167174114
}
