{
    "Live":  0.00000000000000000210690996,
    "Minute":  0.00000000000000000210690996,
    "Minute_Fluctuation":  0.00016970317632718183,
    "Minute_5":  0.0000000000000000021151468113,
    "Minute_5_Fluctuation":  0.01458713650835868,
    "Minute_10":  0.0000000000000000021425854488,
    "Minute_10_Fluctuation":  0.036045228599637866,
    "Hour":  0.0000000000000000043206842683,
    "Hour_Fluctuation":  0.53091896275338424,
    "Day":  0.0000000000000000104703117757,
    "Day_Fluctuation":  0.32415391710556757,
    "ThreeDay":  0.0000000000000000104703117757,
    "ThreeDay_Fluctuation":  0.32415391710556751,
    "Week":  0.0000000000000000104703117757,
    "Week_Fluctuation":  0.32415391710556757,
    "Duration":  "05:35:22.4853224",
    "Updated":  "\/Date(1581326775845)\/",
    "Failed":  0,
    "HashRate_Live":  0,
    "HashRate_Average":  5087133265985.626,
    "BlockRate_Live":  0,
    "BlockRate_Average":  0.21939513577538938,
    "Actual24h_Week":  0.00935371678984648,
    "Estimate24h_Week":  0.0107104125292099,
    "ErrorRatio":  0.991711221132486
}
