{
    "Live":  0.00000000000068503478,
    "Minute":  0.00000000000068503478,
    "Minute_Fluctuation":  0.081542575272212356,
    "Minute_5":  0.000000000000581930192609458,
    "Minute_5_Fluctuation":  0.2358676276624346,
    "Minute_10":  0.000000000000536605075766476,
    "Minute_10_Fluctuation":  0.27270705808235163,
    "Hour":  0.000000000000456484933159262,
    "Hour_Fluctuation":  0.54207728523318255,
    "Day":  0.00000000000048129212654522,
    "Day_Fluctuation":  0.59323439006495859,
    "ThreeDay":  0.00000000000048129212654522,
    "ThreeDay_Fluctuation":  0.59323439006495859,
    "Week":  0.00000000000048129212654522,
    "Week_Fluctuation":  0.59323439006495859,
    "Duration":  "04:42:34.8111875",
    "Updated":  "\/Date(1581326777034)\/",
    "Failed":  0,
    "HashRate_Live":  0,
    "HashRate_Average":  335746.595816478,
    "BlockRate_Live":  1,
    "BlockRate_Average":  2.4366398758565806,
    "Actual24h_Week":  0.000149853513752053,
    "Estimate24h_Week":  0.000517660656796146,
    "ErrorRatio":  0.960721431326594
}
