{
    "Live":  0.00000038293,
    "Minute":  0.00000038293,
    "Minute_Fluctuation":  1.382486595549938E-16,
    "Minute_5":  0.000000382657337636761,
    "Minute_5_Fluctuation":  0.0027192100101544889,
    "Minute_10":  0.000000381177392687703,
    "Minute_10_Fluctuation":  0.011054635666658456,
    "Hour":  0.000000375018616584882,
    "Hour_Fluctuation":  0.021664535993912434,
    "Day":  0.000000382399651143662,
    "Day_Fluctuation":  0.036324960664878767,
    "ThreeDay":  0.000000391877598626112,
    "ThreeDay_Fluctuation":  0.075874486038255959,
    "Week":  0.000000401303082466927,
    "Week_Fluctuation":  0.098849000126031816,
    "Duration":  "7.16:49:39.0682691",
    "Updated":  "\/Date(1581922662932)\/",
    "Failed":  0,
    "HashRate_Live":  198,
    "HashRate_Average":  209.51620152138378,
    "BlockRate_Live":  3,
    "BlockRate_Average":  2.9732108228918737,
    "Actual24h_Week":  0.000278193766567724,
    "Estimate24h_Week":  0.00038192788774622,
    "ErrorRatio":  0.728393436282861
}
