{
    "Live":  0.00000000000000158554,
    "Minute":  0.00000000000000158554,
    "Minute_Fluctuation":  0.0020856507230257552,
    "Minute_5":  0.0000000000000015511947113588,
    "Minute_5_Fluctuation":  0.081301888176436812,
    "Minute_10":  0.0000000000000014535125870804,
    "Minute_10_Fluctuation":  0.16281074696993811,
    "Hour":  0.0000000000000027379871482003,
    "Hour_Fluctuation":  0.60380348107895421,
    "Day":  0.0000000000000100933198421671,
    "Day_Fluctuation":  0.51968964525749517,
    "ThreeDay":  0.0000000000000100933198421671,
    "ThreeDay_Fluctuation":  0.51968964525749517,
    "Week":  0.0000000000000100933198421671,
    "Week_Fluctuation":  0.51968964525749517,
    "Duration":  "05:08:21.9788108",
    "Updated":  "\/Date(1581326775766)\/",
    "Failed":  0,
    "HashRate_Live":  0,
    "HashRate_Average":  1614615201.9210002,
    "BlockRate_Live":  0,
    "BlockRate_Average":  0.073252562568004539,
    "Actual24h_Week":  0.0000053138693861226,
    "Estimate24h_Week":  0.0000101585562009757,
    "ErrorRatio":  0.971267339782453
}
