{
    "Live":  0.0000000000000008182,
    "Minute":  0.0000000000000008182,
    "Minute_Fluctuation":  0,
    "Minute_5":  0.0000000000000007929556278528,
    "Minute_5_Fluctuation":  0.077398245676182836,
    "Minute_10":  0.0000000000000007353253361472,
    "Minute_10_Fluctuation":  0.18154736283784559,
    "Hour":  0.00000000000000052357078976,
    "Hour_Fluctuation":  0.33271586838020606,
    "Day":  0.0000000000000004824481081478,
    "Day_Fluctuation":  0.31406556369233174,
    "ThreeDay":  0.0000000000000004824481081478,
    "ThreeDay_Fluctuation":  0.3140655636923318,
    "Week":  0.0000000000000004824481081478,
    "Week_Fluctuation":  0.31406556369233174,
    "Duration":  "02:56:31.8008026",
    "Updated":  "\/Date(1581326777458)\/",
    "Failed":  0,
    "HashRate_Live":  4843715224,
    "HashRate_Average":  10084965640.112215,
    "BlockRate_Live":  32,
    "BlockRate_Average":  29.763702487378183,
    "Actual24h_Week":  0.00000142886092756122,
    "Estimate24h_Week":  0.000000515847463046163,
    "ErrorRatio":  1
}
