{
    "Live":  0.00000177442789,
    "Minute":  0.00000177442789,
    "Minute_Fluctuation":  0,
    "Minute_5":  0.00000175545696041391,
    "Minute_5_Fluctuation":  0.043587016667758688,
    "Minute_10":  0.00000171442390160135,
    "Minute_10_Fluctuation":  0.084028131712477971,
    "Hour":  0.00000162122244705842,
    "Hour_Fluctuation":  0.12071776132410784,
    "Day":  0.00000140092686773218,
    "Day_Fluctuation":  0.1206712522113477,
    "ThreeDay":  0.00000140092686773218,
    "ThreeDay_Fluctuation":  0.1206712522113477,
    "Week":  0.00000140092686773218,
    "Week_Fluctuation":  0.1206712522113477,
    "Duration":  "05:35:22.4853224",
    "Updated":  "\/Date(1581326778771)\/",
    "Failed":  0,
    "HashRate_Live":  485,
    "HashRate_Average":  2282.730391902955,
    "BlockRate_Live":  29,
    "BlockRate_Average":  16.210636037061246,
    "Actual24h_Week":  0.0012190663261714,
    "Estimate24h_Week":  0.00138046533623094,
    "ErrorRatio":  0.99234950295374
}
