{
    "Live":  0.00000095371765,
    "Minute":  0.00000095371765,
    "Minute_Fluctuation":  0,
    "Minute_5":  0.000000955923727550303,
    "Minute_5_Fluctuation":  0.0058850367701275934,
    "Minute_10":  0.000000952913557291704,
    "Minute_10_Fluctuation":  0.011653319853301635,
    "Hour":  0.000000892665574416265,
    "Hour_Fluctuation":  0.078157698802826761,
    "Day":  0.000000787955968461205,
    "Day_Fluctuation":  0.10633173435721484,
    "ThreeDay":  0.000000787955968461205,
    "ThreeDay_Fluctuation":  0.10633173435721484,
    "Week":  0.000000787955968461205,
    "Week_Fluctuation":  0.10633173435721484,
    "Duration":  "05:35:22.4853224",
    "Updated":  "\/Date(1581326775866)\/",
    "Failed":  0,
    "HashRate_Live":  99,
    "HashRate_Average":  36.107627461979874,
    "BlockRate_Live":  0,
    "BlockRate_Average":  0,
    "Actual24h_Week":  0,
    "Estimate24h_Week":  0.000781291769876801,
    "ErrorRatio":  0.934564369549707
}
