{
    "Live":  0.00000000000002063,
    "Minute":  0.00000000000002063,
    "Minute_Fluctuation":  1.5295412607290583E-16,
    "Minute_5":  0.0000000000000201828434844722,
    "Minute_5_Fluctuation":  0.047307462194847154,
    "Minute_10":  0.0000000000000209570931570204,
    "Minute_10_Fluctuation":  0.11283072942295672,
    "Hour":  0.0000000000000273792529246858,
    "Hour_Fluctuation":  0.29059479407045963,
    "Day":  0.0000000000000214862696079473,
    "Day_Fluctuation":  0.48745944751043851,
    "ThreeDay":  0.0000000000000207581870037374,
    "ThreeDay_Fluctuation":  0.530781993863885,
    "Week":  0.000000000000020523379827052,
    "Week_Fluctuation":  0.50785904416489736,
    "Duration":  "12.21:12:50.8903683",
    "Updated":  "\/Date(1581922660481)\/",
    "Failed":  0,
    "HashRate_Live":  116642836357,
    "HashRate_Average":  117395925890.60364,
    "BlockRate_Live":  149,
    "BlockRate_Average":  154.95867405092167,
    "Actual24h_Week":  0.0000163517095306115,
    "Estimate24h_Week":  0.0000238027059364222,
    "ErrorRatio":  0.686968514180172
}
