{
    "Live":  0.00000000000005329375,
    "Minute":  0.00000000000005329375,
    "Minute_Fluctuation":  0.19210164765406859,
    "Minute_5":  0.0000000000000671909685756464,
    "Minute_5_Fluctuation":  0.15494673881445126,
    "Minute_10":  0.0000000000000753766100757884,
    "Minute_10_Fluctuation":  0.29710909537242741,
    "Hour":  0.0000000000000821454234139486,
    "Hour_Fluctuation":  0.35021515886994631,
    "Day":  0.000000000000106862884625672,
    "Day_Fluctuation":  0.36151524786921652,
    "ThreeDay":  0.000000000000106862884625672,
    "ThreeDay_Fluctuation":  0.36151524786921652,
    "Week":  0.000000000000106862884625672,
    "Week_Fluctuation":  0.36151524786921652,
    "Duration":  "05:35:22.4853224",
    "Updated":  "\/Date(1581326776479)\/",
    "Failed":  0,
    "HashRate_Live":  114929751428,
    "HashRate_Average":  132247409713.85248,
    "BlockRate_Live":  9,
    "BlockRate_Average":  21.6824135430496,
    "Actual24h_Week":  0.0000954925420646996,
    "Estimate24h_Week":  0.00010449180128939,
    "ErrorRatio":  0.994364417172575
}
