{
    "Live":  0.00000000000113511,
    "Minute":  0.00000000000113511,
    "Minute_Fluctuation":  1.7791085598451166E-16,
    "Minute_5":  0.00000000000104071457984791,
    "Minute_5_Fluctuation":  0.1519229425854457,
    "Minute_10":  0.000000000000917708318624073,
    "Minute_10_Fluctuation":  0.31436057737229745,
    "Hour":  0.000000000000540725038627056,
    "Hour_Fluctuation":  0.68537439437059811,
    "Day":  0.000000000000706367287336951,
    "Day_Fluctuation":  0.78301399367049807,
    "ThreeDay":  0.000000000000693962985502459,
    "ThreeDay_Fluctuation":  0.78683815034657811,
    "Week":  0.000000000000694906381540812,
    "Week_Fluctuation":  0.74741544579091279,
    "Duration":  "10.23:16:27.6485162",
    "Updated":  "\/Date(1581922661167)\/",
    "Failed":  0,
    "HashRate_Live":  0,
    "HashRate_Average":  1555143.2454998277,
    "BlockRate_Live":  9,
    "BlockRate_Average":  9.4357957008158753,
    "Actual24h_Week":  0.000763114102197227,
    "Estimate24h_Week":  0.000776958946714765,
    "ErrorRatio":  0.982180725795001
}
