{
    "Live":  0.00000000000001295,
    "Minute":  0.00000000000001295,
    "Minute_Fluctuation":  1.218318000341331E-16,
    "Minute_5":  0.000000000000011972249056813,
    "Minute_5_Fluctuation":  0.12659452033204779,
    "Minute_10":  0.0000000000000118105454745267,
    "Minute_10_Fluctuation":  0.15293777007761514,
    "Hour":  0.0000000000000233153364838529,
    "Hour_Fluctuation":  0.57366445321531145,
    "Day":  0.0000000000000233273157865225,
    "Day_Fluctuation":  0.573808709581571,
    "ThreeDay":  0.0000000000000233273157865225,
    "ThreeDay_Fluctuation":  0.573808709581571,
    "Week":  0.0000000000000233273157865225,
    "Week_Fluctuation":  0.573808709581571,
    "Duration":  "01:03:25.1088734",
    "Updated":  "\/Date(1581922661640)\/",
    "Failed":  0,
    "HashRate_Live":  83637797,
    "HashRate_Average":  472718325.23104876,
    "BlockRate_Live":  16,
    "BlockRate_Average":  15.933925210028431,
    "Actual24h_Week":  0.000062398785158822,
    "Estimate24h_Week":  0.000182797797917396,
    "ErrorRatio":  0.991738309371614
}
