{
    "Live":  0.00000000000029635,
    "Minute":  0.00000000000029635,
    "Minute_Fluctuation":  0,
    "Minute_5":  0.000000000000301555516607722,
    "Minute_5_Fluctuation":  0.052572343292244875,
    "Minute_10":  0.000000000000322322393117376,
    "Minute_10_Fluctuation":  0.15220954734095427,
    "Hour":  0.000000000000388834320118262,
    "Hour_Fluctuation":  0.26627481371081768,
    "Day":  0.000000000000376092897340543,
    "Day_Fluctuation":  0.17820322742807826,
    "ThreeDay":  0.000000000000384503760706378,
    "ThreeDay_Fluctuation":  0.16335447970384115,
    "Week":  0.000000000000386098072450178,
    "Week_Fluctuation":  0.15601484561757464,
    "Duration":  "7.16:49:39.0682691",
    "Updated":  "\/Date(1581922662887)\/",
    "Failed":  0,
    "HashRate_Live":  209546700380,
    "HashRate_Average":  233352090669.86386,
    "BlockRate_Live":  356,
    "BlockRate_Average":  358.66611213895527,
    "Actual24h_Week":  0.000342332712129366,
    "Estimate24h_Week":  0.0004572700217535,
    "ErrorRatio":  0.748644555391184
}
