{
    "Live":  0.00000000001433479,
    "Minute":  0.00000000001433479,
    "Minute_Fluctuation":  0,
    "Minute_5":  0.0000000000153127767163431,
    "Minute_5_Fluctuation":  0.16519415967923667,
    "Minute_10":  0.0000000000181949622172881,
    "Minute_10_Fluctuation":  0.28177058281566975,
    "Hour":  0.0000000000207099497139501,
    "Hour_Fluctuation":  0.27406427362331115,
    "Day":  0.0000000000223523713859017,
    "Day_Fluctuation":  0.27478684130466952,
    "ThreeDay":  0.0000000000223523713859017,
    "ThreeDay_Fluctuation":  0.27478684130466952,
    "Week":  0.0000000000223523713859017,
    "Week_Fluctuation":  0.27478684130466952,
    "Duration":  "05:35:22.4853224",
    "Updated":  "\/Date(1581326402204)\/",
    "Failed":  0,
    "HashRate_Live":  0,
    "HashRate_Average":  104577.47928505027,
    "BlockRate_Live":  175,
    "BlockRate_Average":  65.001477498343746,
    "Actual24h_Week":  0.00000948895690673764,
    "Estimate24h_Week":  0.0000203538696252167,
    "ErrorRatio":  0.965070405450555
}
