{
    "Live":  0.00000005421,
    "Minute":  0.00000005421,
    "Minute_Fluctuation":  0,
    "Minute_5":  0.0000000543171716190542,
    "Minute_5_Fluctuation":  0.006216096530226551,
    "Minute_10":  0.0000000543596291408069,
    "Minute_10_Fluctuation":  0.00863056779868041,
    "Hour":  0.0000000530921747736253,
    "Hour_Fluctuation":  0.032011672581695814,
    "Day":  0.0000000527337174617461,
    "Day_Fluctuation":  0.070848597068423891,
    "ThreeDay":  0.0000000521956525261604,
    "ThreeDay_Fluctuation":  0.085353431643236666,
    "Week":  0.0000000511664374191517,
    "Week_Fluctuation":  0.092744188166111421,
    "Duration":  "12.21:12:50.8903683",
    "Updated":  "\/Date(1581922660945)\/",
    "Failed":  0,
    "HashRate_Live":  0,
    "HashRate_Average":  90.662456402026876,
    "BlockRate_Live":  0,
    "BlockRate_Average":  1.0007033569762333E-13,
    "Actual24h_Week":  0.000024762729772375,
    "Estimate24h_Week":  0.0000536831765774356,
    "ErrorRatio":  0.461275419062727
}
