{
    "Live":  0.00000000000031385548,
    "Minute":  0.00000000000031385548,
    "Minute_Fluctuation":  0,
    "Minute_5":  0.000000000000313805838622829,
    "Minute_5_Fluctuation":  0.010970457885651382,
    "Minute_10":  0.000000000000307225707511092,
    "Minute_10_Fluctuation":  0.10793198147426945,
    "Hour":  0.000000000000277116076302262,
    "Hour_Fluctuation":  0.21477025179815329,
    "Day":  0.000000000000264063446167158,
    "Day_Fluctuation":  0.27279957342741018,
    "ThreeDay":  0.000000000000264063446167158,
    "ThreeDay_Fluctuation":  0.27279957342741018,
    "Week":  0.000000000000264063446167158,
    "Week_Fluctuation":  0.27279957342741018,
    "Duration":  "05:35:22.4853224",
    "Updated":  "\/Date(1581326218020)\/",
    "Failed":  0,
    "HashRate_Live":  0,
    "HashRate_Average":  358613936.00627053,
    "BlockRate_Live":  0,
    "BlockRate_Average":  166.35449297846372,
    "Actual24h_Week":  0.000217943433401661,
    "Estimate24h_Week":  0.000267394725973225,
    "ErrorRatio":  0.987898502880995
}
