{
    "Live":  0.00000002698639,
    "Minute":  0.00000002698639,
    "Minute_Fluctuation":  0,
    "Minute_5":  0.0000000275373498270713,
    "Minute_5_Fluctuation":  0.055034601572405688,
    "Minute_10":  0.0000000290022992933904,
    "Minute_10_Fluctuation":  0.095784467233889017,
    "Hour":  0.0000000327641901194944,
    "Hour_Fluctuation":  0.099812771624210789,
    "Day":  0.0000000328520197813967,
    "Day_Fluctuation":  0.11835762476202724,
    "ThreeDay":  0.0000000328520197813967,
    "ThreeDay_Fluctuation":  0.11835762476202724,
    "Week":  0.0000000328520197813967,
    "Week_Fluctuation":  0.11835762476202724,
    "Duration":  "05:34:21.0929593",
    "Updated":  "\/Date(1581326778298)\/",
    "Failed":  0,
    "HashRate_Live":  9550,
    "HashRate_Average":  50368.667671736177,
    "BlockRate_Live":  4,
    "BlockRate_Average":  8.94189072363711,
    "Actual24h_Week":  0.0000344736303542137,
    "Estimate24h_Week":  0.0000314831384623972,
    "ErrorRatio":  1
}
