{
    "Live":  0.00000000000000285,
    "Minute":  0.00000000000000285,
    "Minute_Fluctuation":  2.76793300077548E-16,
    "Minute_5":  0.0000000000000031634455251002,
    "Minute_5_Fluctuation":  0.12193048573811605,
    "Minute_10":  0.0000000000000034345168864613,
    "Minute_10_Fluctuation":  0.11803692476948845,
    "Hour":  0.0000000000000035632024034472,
    "Hour_Fluctuation":  0.12715106382546579,
    "Day":  0.0000000000000023937823271331,
    "Day_Fluctuation":  0.25978685277460489,
    "ThreeDay":  0.0000000000000022189319349949,
    "ThreeDay_Fluctuation":  0.21350401926785373,
    "Week":  0.0000000000000022144499062999,
    "Week_Fluctuation":  0.19634496502819698,
    "Duration":  "12.21:12:50.8903683",
    "Updated":  "\/Date(1581922661520)\/",
    "Failed":  0,
    "HashRate_Live":  903974479892,
    "HashRate_Average":  948264683102.82654,
    "BlockRate_Live":  19,
    "BlockRate_Average":  17.272601955168476,
    "Actual24h_Week":  0.00000189086645363626,
    "Estimate24h_Week":  0.00000215140230899291,
    "ErrorRatio":  0.878899518575582
}
