{
    "Live":  0.00000000000001008666,
    "Minute":  0.00000000000001008666,
    "Minute_Fluctuation":  0.0028783888181307853,
    "Minute_5":  0.0000000000000099801427420397,
    "Minute_5_Fluctuation":  0.031593325799919789,
    "Minute_10":  0.0000000000000097161428664988,
    "Minute_10_Fluctuation":  0.065234323314719858,
    "Hour":  0.0000000000000096141500274899,
    "Hour_Fluctuation":  0.085541866559222066,
    "Day":  0.0000000000000096295023529642,
    "Day_Fluctuation":  0.10064509842712073,
    "ThreeDay":  0.0000000000000096295023529642,
    "ThreeDay_Fluctuation":  0.10064509842712073,
    "Week":  0.0000000000000096295023529642,
    "Week_Fluctuation":  0.10064509842712073,
    "Duration":  "03:00:13.8090846",
    "Updated":  "\/Date(1581326775089)\/",
    "Failed":  0,
    "HashRate_Live":  1307009083566,
    "HashRate_Average":  915306940548.18335,
    "BlockRate_Live":  112,
    "BlockRate_Average":  95.205005572433734,
    "Actual24h_Week":  0.00000917997498851857,
    "Estimate24h_Week":  0.00000940642598045369,
    "ErrorRatio":  0.999146808638621
}
