{
    "Live":  0.0000000000046599,
    "Minute":  0.0000000000046599,
    "Minute_Fluctuation":  0.17814667988107022,
    "Minute_5":  0.00000000000420571415388792,
    "Minute_5_Fluctuation":  0.16972379082953776,
    "Minute_10":  0.0000000000053162498416933,
    "Minute_10_Fluctuation":  0.44861814614806028,
    "Hour":  0.00000000000901295195857191,
    "Hour_Fluctuation":  0.71729957371862008,
    "Day":  0.0000000000086380555577497,
    "Day_Fluctuation":  0.60777189183091984,
    "ThreeDay":  0.0000000000086380555577497,
    "ThreeDay_Fluctuation":  0.60777189183091984,
    "Week":  0.0000000000086380555577497,
    "Week_Fluctuation":  0.60777189183091984,
    "Duration":  "05:35:22.4853224",
    "Updated":  "\/Date(1581326777052)\/",
    "Failed":  0,
    "HashRate_Live":  0,
    "HashRate_Average":  412933.12126836315,
    "BlockRate_Live":  6,
    "BlockRate_Average":  5.3147317299590373,
    "Actual24h_Week":  0.00000220519963801157,
    "Estimate24h_Week":  0.00000983497764099123,
    "ErrorRatio":  0.949236352938934
}
