{
    "Live":  0.00000000000000074563,
    "Minute":  0.00000000000000074563,
    "Minute_Fluctuation":  0.077989365648571854,
    "Minute_5":  0.0000000000000008008849862866,
    "Minute_5_Fluctuation":  0.17190684864076389,
    "Minute_10":  0.0000000000000009771731661044,
    "Minute_10_Fluctuation":  0.349541254634366,
    "Hour":  0.0000000000000011875026529128,
    "Hour_Fluctuation":  0.34882781409185504,
    "Day":  0.00000000000000123260097858,
    "Day_Fluctuation":  0.33634767059079751,
    "ThreeDay":  0.00000000000000123260097858,
    "ThreeDay_Fluctuation":  0.33634767059079751,
    "Week":  0.00000000000000123260097858,
    "Week_Fluctuation":  0.33634767059079757,
    "Duration":  "05:35:22.4853224",
    "Updated":  "\/Date(1581326776534)\/",
    "Failed":  0,
    "HashRate_Live":  0,
    "HashRate_Average":  210681228.76322466,
    "BlockRate_Live":  0,
    "BlockRate_Average":  0.020994117351755746,
    "Actual24h_Week":  0.00000808848416914086,
    "Estimate24h_Week":  0.00000120061831922259,
    "ErrorRatio":  1
}
