{
    "Live":  0.00000000021,
    "Minute":  0.00000000021,
    "Minute_Fluctuation":  0,
    "Minute_5":  0.000000000219093208063942,
    "Minute_5_Fluctuation":  0.047348241713519354,
    "Minute_10":  0.000000000229688703191604,
    "Minute_10_Fluctuation":  0.0870026481843122,
    "Hour":  0.000000000288437299887776,
    "Hour_Fluctuation":  0.14374948091041093,
    "Day":  0.000000000364186592039954,
    "Day_Fluctuation":  0.21379808505686851,
    "ThreeDay":  0.000000000427952044149374,
    "ThreeDay_Fluctuation":  0.21849077906886852,
    "Week":  0.000000000455047738358344,
    "Week_Fluctuation":  0.2000206809557846,
    "Duration":  "7.03:49:36.9800099",
    "Updated":  "\/Date(1581410642452)\/",
    "Failed":  0,
    "HashRate_Live":  0,
    "HashRate_Average":  2872.6578697663854,
    "BlockRate_Live":  0,
    "BlockRate_Average":  8.8032964639171462E-13,
    "Actual24h_Week":  0.000000176607604937932,
    "Estimate24h_Week":  0.000000359234985920749,
    "ErrorRatio":  0.491621395074512
}
