{
    "Live":  0.0000000000000021975,
    "Minute":  0.0000000000000021975,
    "Minute_Fluctuation":  0.36081593222857983,
    "Minute_5":  0.0000000000000016427453626317,
    "Minute_5_Fluctuation":  0.26516177111816047,
    "Minute_10":  0.0000000000000012929745129513,
    "Minute_10_Fluctuation":  0.36165295812187415,
    "Hour":  0.0000000000000006922790194318,
    "Hour_Fluctuation":  0.68480896019462911,
    "Day":  0.0000000000000006922790194318,
    "Day_Fluctuation":  0.68480896019462911,
    "ThreeDay":  0.0000000000000006922790194318,
    "ThreeDay_Fluctuation":  0.68480896019462911,
    "Week":  0.0000000000000006922790194318,
    "Week_Fluctuation":  0.68480896019462911,
    "Duration":  "00:44:45.1863777",
    "Updated":  "\/Date(1581326778733)\/",
    "Failed":  0,
    "HashRate_Live":  282184528214,
    "HashRate_Average":  411854521686.91614,
    "BlockRate_Live":  389,
    "BlockRate_Average":  386.07185479075758,
    "Actual24h_Week":  0.000000345664625276209,
    "Estimate24h_Week":  0.000000641427072396503,
    "ErrorRatio":  0.995914706782449
}
