{
    "Live":  0.00000000000055,
    "Minute":  0.00000000000055,
    "Minute_Fluctuation":  0,
    "Minute_5":  0.000000000000559172418358362,
    "Minute_5_Fluctuation":  0.088107686709191418,
    "Minute_10":  0.000000000000605738816538124,
    "Minute_10_Fluctuation":  0.21800223492785342,
    "Hour":  0.000000000000705798556137449,
    "Hour_Fluctuation":  0.30739930027057155,
    "Day":  0.00000000000071324810198303,
    "Day_Fluctuation":  0.2631902910420949,
    "ThreeDay":  0.000000000000704934045102258,
    "ThreeDay_Fluctuation":  0.29230538255743865,
    "Week":  0.000000000000713051897708025,
    "Week_Fluctuation":  0.30868612643367127,
    "Duration":  "12.21:09:24.0086969",
    "Updated":  "\/Date(1581922663859)\/",
    "Failed":  0,
    "HashRate_Live":  107706327,
    "HashRate_Average":  110873143.34840599,
    "BlockRate_Live":  54,
    "BlockRate_Average":  54.390191775285984,
    "Actual24h_Week":  0.000000757802417843093,
    "Estimate24h_Week":  0.000000686606914366602,
    "ErrorRatio":  1.10369179509672
}
