{
    "Live":  0.0000000000000266,
    "Minute":  0.0000000000000266,
    "Minute_Fluctuation":  2.3725140006646972E-16,
    "Minute_5":  0.0000000000000266858883402976,
    "Minute_5_Fluctuation":  0.017637380588133224,
    "Minute_10":  0.000000000000026620751705944,
    "Minute_10_Fluctuation":  0.031031515174291448,
    "Hour":  0.0000000000000224734655855071,
    "Hour_Fluctuation":  0.19810857921649017,
    "Day":  0.0000000000000198765058688774,
    "Day_Fluctuation":  0.16990387553903449,
    "ThreeDay":  0.0000000000000203257590380537,
    "ThreeDay_Fluctuation":  0.16982165794353124,
    "Week":  0.0000000000000204466993926347,
    "Week_Fluctuation":  0.16587418151771061,
    "Duration":  "7.16:49:39.0682691",
    "Updated":  "\/Date(1581922663072)\/",
    "Failed":  0,
    "HashRate_Live":  29654561609,
    "HashRate_Average":  32515960668.025486,
    "BlockRate_Live":  81,
    "BlockRate_Average":  83.274804321865361,
    "Actual24h_Week":  0.0000195609926206865,
    "Estimate24h_Week":  0.0000202082461565935,
    "ErrorRatio":  0.967970820877209
}
