{
    "Live":  0.00000000000000113539,
    "Minute":  0.00000000000000113539,
    "Minute_Fluctuation":  1.7369822378676308E-16,
    "Minute_5":  0.000000000000001097917199143,
    "Minute_5_Fluctuation":  0.079468981706002334,
    "Minute_10":  0.0000000000000011273758207653,
    "Minute_10_Fluctuation":  0.11833822604162952,
    "Hour":  0.0000000000000014107479850875,
    "Hour_Fluctuation":  0.18660834835888035,
    "Day":  0.0000000000000016890312885888,
    "Day_Fluctuation":  0.18935713387382772,
    "ThreeDay":  0.0000000000000016847417244566,
    "ThreeDay_Fluctuation":  0.19944132705263251,
    "Week":  0.0000000000000017343306974698,
    "Week_Fluctuation":  0.20600956699131218,
    "Duration":  "12.21:12:50.8903683",
    "Updated":  "\/Date(1581922661925)\/",
    "Failed":  0,
    "HashRate_Live":  53348075115,
    "HashRate_Average":  84219776478.8813,
    "BlockRate_Live":  0,
    "BlockRate_Average":  0.012773538595701071,
    "Actual24h_Week":  0.000907109984651171,
    "Estimate24h_Week":  0.00166849430596869,
    "ErrorRatio":  0.543669811401917
}
