{
    "Live":  0.00000000000280282818,
    "Minute":  0.00000000000280282818,
    "Minute_Fluctuation":  0,
    "Minute_5":  0.00000000000289711032050083,
    "Minute_5_Fluctuation":  0.089000418916765744,
    "Minute_10":  0.00000000000304685469258832,
    "Minute_10_Fluctuation":  0.18035727335519555,
    "Hour":  0.00000000000263265301497886,
    "Hour_Fluctuation":  0.43348459134032979,
    "Day":  0.00000000000215870450628297,
    "Day_Fluctuation":  0.57664330020662291,
    "ThreeDay":  0.00000000000215870450628297,
    "ThreeDay_Fluctuation":  0.57664330020662291,
    "Week":  0.00000000000215870450628297,
    "Week_Fluctuation":  0.57664330020662291,
    "Duration":  "04:44:50.6178235",
    "Updated":  "\/Date(1581326531048)\/",
    "Failed":  0,
    "HashRate_Live":  0,
    "HashRate_Average":  7028129.9256737074,
    "BlockRate_Live":  70,
    "BlockRate_Average":  79.9615844859345,
    "Actual24h_Week":  0.00167581144712917,
    "Estimate24h_Week":  0.00235505542687925,
    "ErrorRatio":  0.983929822735499
}
