{
    "Live":  0.00000000000002081436,
    "Minute":  0.00000000000002081436,
    "Minute_Fluctuation":  0.17814842466269043,
    "Minute_5":  0.0000000000000178564333855619,
    "Minute_5_Fluctuation":  0.14072040325020629,
    "Minute_10":  0.0000000000000180982731553282,
    "Minute_10_Fluctuation":  0.19352260236452273,
    "Hour":  0.0000000000000212262098295966,
    "Hour_Fluctuation":  0.5692267640227513,
    "Day":  0.0000000000000203605809296866,
    "Day_Fluctuation":  0.63630941988824674,
    "ThreeDay":  0.0000000000000203605809296866,
    "ThreeDay_Fluctuation":  0.63630941988824674,
    "Week":  0.0000000000000203605809296866,
    "Week_Fluctuation":  0.63630941988824674,
    "Duration":  "02:44:19.4077066",
    "Updated":  "\/Date(1581326777189)\/",
    "Failed":  0,
    "HashRate_Live":  244046014,
    "HashRate_Average":  2002897506.2105305,
    "BlockRate_Live":  20,
    "BlockRate_Average":  20.67449778537021,
    "Actual24h_Week":  0.0000197329141202267,
    "Estimate24h_Week":  0.0000164505702795272,
    "ErrorRatio":  1
}
