{
    "Live":  0.00000000002417066,
    "Minute":  0.00000000002417066,
    "Minute_Fluctuation":  0,
    "Minute_5":  0.0000000000250035788367875,
    "Minute_5_Fluctuation":  0.080214396649301342,
    "Minute_10":  0.0000000000251936445637397,
    "Minute_10_Fluctuation":  0.10350242215563504,
    "Hour":  0.0000000000208197456641777,
    "Hour_Fluctuation":  0.42281768366380446,
    "Day":  0.0000000000194235397603667,
    "Day_Fluctuation":  0.34577084368716865,
    "ThreeDay":  0.0000000000194235397603667,
    "ThreeDay_Fluctuation":  0.34577084368716865,
    "Week":  0.0000000000194235397603667,
    "Week_Fluctuation":  0.34577084368716871,
    "Duration":  "05:35:22.4853224",
    "Updated":  "\/Date(1581326777688)\/",
    "Failed":  0,
    "HashRate_Live":  746251,
    "HashRate_Average":  692920.05447064154,
    "BlockRate_Live":  31,
    "BlockRate_Average":  57.7194956018389,
    "Actual24h_Week":  0.00000739512615343556,
    "Estimate24h_Week":  0.0000192096618335446,
    "ErrorRatio":  0.95975506506026
}
