{
    "Live":  0.00000000705,
    "Minute":  0.00000000705,
    "Minute_Fluctuation":  0,
    "Minute_5":  0.00000000708535497940155,
    "Minute_5_Fluctuation":  0.038689770494384879,
    "Minute_10":  0.0000000073594419343855,
    "Minute_10_Fluctuation":  0.089494480123610151,
    "Hour":  0.00000000695336035236728,
    "Hour_Fluctuation":  0.20526001947365174,
    "Day":  0.00000000626218109824337,
    "Day_Fluctuation":  0.19132586656628411,
    "ThreeDay":  0.00000000626585614756418,
    "ThreeDay_Fluctuation":  0.20152109921245751,
    "Week":  0.00000000614518923979239,
    "Week_Fluctuation":  0.20818232546781704,
    "Duration":  "12.21:09:24.0086969",
    "Updated":  "\/Date(1581922664158)\/",
    "Failed":  0,
    "HashRate_Live":  14968,
    "HashRate_Average":  15832.574296171671,
    "BlockRate_Live":  497,
    "BlockRate_Average":  501.6032137210297,
    "Actual24h_Week":  0.00000645168153393896,
    "Estimate24h_Week":  0.00000635832116656466,
    "ErrorRatio":  1.01468317892862
}
