{
    "Live":  0.0000000000000000000003447,
    "Minute":  0.0000000000000000000003447,
    "Minute_Fluctuation":  0,
    "Minute_5":  0.0000000000000000000003438895,
    "Minute_5_Fluctuation":  0.0010711224665498381,
    "Minute_10":  0.0000000000000000000003519487,
    "Minute_10_Fluctuation":  0.0041750096132154666,
    "Hour":  0.0000000000000000000004232486,
    "Hour_Fluctuation":  0.011169367488077104,
    "Day":  0.0000000000000000000004047968,
    "Day_Fluctuation":  0.0078681991289138772,
    "ThreeDay":  0.0000000000000000000004047968,
    "ThreeDay_Fluctuation":  0.0078681991289138772,
    "Week":  0.0000000000000000000004047968,
    "Week_Fluctuation":  0.0078681991289138772,
    "Duration":  "05:35:22.4853224",
    "Updated":  "\/Date(1581326404023)\/",
    "Failed":  0,
    "HashRate_Live":  0,
    "HashRate_Average":  0,
    "BlockRate_Live":  0,
    "BlockRate_Average":  0.007585901873599212,
    "Actual24h_Week":  0,
    "Estimate24h_Week":  0.000000377284325738823,
    "ErrorRatio":  0.934564369549707
}
