{
    "Live":  0.00000000000112449,
    "Minute":  0.00000000000112449,
    "Minute_Fluctuation":  0,
    "Minute_5":  0.00000000000111548741576886,
    "Minute_5_Fluctuation":  0.030380744642088869,
    "Minute_10":  0.00000000000106649148320377,
    "Minute_10_Fluctuation":  0.16057781470236551,
    "Hour":  0.000000000000810309420798462,
    "Hour_Fluctuation":  0.35221080868978311,
    "Day":  0.000000000000761993807165516,
    "Day_Fluctuation":  0.23156559480009195,
    "ThreeDay":  0.000000000000761993807165516,
    "ThreeDay_Fluctuation":  0.23156559480009206,
    "Week":  0.000000000000761993807165516,
    "Week_Fluctuation":  0.23156559480009203,
    "Duration":  "05:35:22.4853224",
    "Updated":  "\/Date(1581326403598)\/",
    "Failed":  0,
    "HashRate_Live":  0,
    "HashRate_Average":  91109024.753564045,
    "BlockRate_Live":  6,
    "BlockRate_Average":  17.591921828348383,
    "Actual24h_Week":  0.000000195890626099916,
    "Estimate24h_Week":  0.000000743926420719625,
    "ErrorRatio":  0.951794872810703
}
