{
    "Live":  0.00000000000008218125,
    "Minute":  0.00000000000008218125,
    "Minute_Fluctuation":  0,
    "Minute_5":  0.0000000000000805460841214204,
    "Minute_5_Fluctuation":  0.12369548342518003,
    "Minute_10":  0.0000000000000756449199212752,
    "Minute_10_Fluctuation":  0.24018651163806637,
    "Hour":  0.0000000000000787224319816168,
    "Hour_Fluctuation":  0.37927555389780404,
    "Day":  0.000000000000087268915397186,
    "Day_Fluctuation":  0.36261469608224633,
    "ThreeDay":  0.000000000000087268915397186,
    "ThreeDay_Fluctuation":  0.36261469608224633,
    "Week":  0.000000000000087268915397186,
    "Week_Fluctuation":  0.36261469608224633,
    "Duration":  "05:35:22.4853224",
    "Updated":  "\/Date(1581326778109)\/",
    "Failed":  0,
    "HashRate_Live":  4874518580,
    "HashRate_Average":  10948769448.786627,
    "BlockRate_Live":  787,
    "BlockRate_Average":  701.83976586893459,
    "Actual24h_Week":  0.0000828144751724369,
    "Estimate24h_Week":  0.0000924648775409517,
    "ErrorRatio":  0.993170594285348
}
