{
    "Live":  0.00000000000032767868,
    "Minute":  0.00000000000032767868,
    "Minute_Fluctuation":  0.0010521660319893424,
    "Minute_5":  0.000000000000326616549335902,
    "Minute_5_Fluctuation":  0.0158686852367663,
    "Minute_10":  0.000000000000325691445459612,
    "Minute_10_Fluctuation":  0.025087029962000178,
    "Hour":  0.000000000000325647245221227,
    "Hour_Fluctuation":  0.025519144939544026,
    "Day":  0.000000000000325647245221227,
    "Day_Fluctuation":  0.025519144939544037,
    "ThreeDay":  0.000000000000325647245221227,
    "ThreeDay_Fluctuation":  0.025519144939544026,
    "Week":  0.000000000000325647245221227,
    "Week_Fluctuation":  0.025519144939544033,
    "Duration":  "00:12:41.6143551",
    "Updated":  "\/Date(1581326777489)\/",
    "Failed":  0,
    "HashRate_Live":  19728664,
    "HashRate_Average":  310273137.99790424,
    "BlockRate_Live":  12,
    "BlockRate_Average":  12,
    "Actual24h_Week":  0.000502905707263612,
    "Estimate24h_Week":  0.0223574440427912,
    "ErrorRatio":  0.997539636459989
}
