{
    "Live":  0.00000000000211594,
    "Minute":  0.00000000000211594,
    "Minute_Fluctuation":  0,
    "Minute_5":  0.00000000000207148403407745,
    "Minute_5_Fluctuation":  0.075262016821911443,
    "Minute_10":  0.00000000000200013977253114,
    "Minute_10_Fluctuation":  0.11256088865113249,
    "Hour":  0.00000000000180063376057608,
    "Hour_Fluctuation":  0.19314188732908807,
    "Day":  0.00000000000165207317717853,
    "Day_Fluctuation":  0.18881733045083565,
    "ThreeDay":  0.00000000000165207317717853,
    "ThreeDay_Fluctuation":  0.18881733045083565,
    "Week":  0.00000000000165207317717853,
    "Week_Fluctuation":  0.18881733045083565,
    "Duration":  "05:35:22.4853224",
    "Updated":  "\/Date(1581326776856)\/",
    "Failed":  0,
    "HashRate_Live":  528521496,
    "HashRate_Average":  1052141777.9693708,
    "BlockRate_Live":  193,
    "BlockRate_Average":  231.02623419868883,
    "Actual24h_Week":  0.00000161259802463774,
    "Estimate24h_Week":  0.00000660302203922619,
    "ErrorRatio":  0.950545138321673
}
