{
    "Live":  0.00000000000013513574,
    "Minute":  0.00000000000013513574,
    "Minute_Fluctuation":  0.13126210019393797,
    "Minute_5":  0.000000000000121587668104921,
    "Minute_5_Fluctuation":  0.12332817051439904,
    "Minute_10":  0.000000000000121689609428078,
    "Minute_10_Fluctuation":  0.17957253395421524,
    "Hour":  0.000000000000108280621808825,
    "Hour_Fluctuation":  0.313247571578727,
    "Day":  0.00000000000011628784794894,
    "Day_Fluctuation":  0.45080049264384975,
    "ThreeDay":  0.00000000000011628784794894,
    "ThreeDay_Fluctuation":  0.45080049264384958,
    "Week":  0.00000000000011628784794894,
    "Week_Fluctuation":  0.45080049264384975,
    "Duration":  "05:35:22.4853224",
    "Updated":  "\/Date(1581326777142)\/",
    "Failed":  0,
    "HashRate_Live":  0,
    "HashRate_Average":  12710330.839504303,
    "BlockRate_Live":  3,
    "BlockRate_Average":  5.9980346215431375,
    "Actual24h_Week":  0.000033467583636272,
    "Estimate24h_Week":  0.000123454101154414,
    "ErrorRatio":  0.952303532642784
}
