{
    "Live":  0.00000000028546403,
    "Minute":  0.00000000028546403,
    "Minute_Fluctuation":  0.13799835110967215,
    "Minute_5":  0.000000000254667000320604,
    "Minute_5_Fluctuation":  0.14486961667635773,
    "Minute_10":  0.000000000212457044951646,
    "Minute_10_Fluctuation":  0.59186252206659817,
    "Hour":  0.000000000124204574669996,
    "Hour_Fluctuation":  0.50231723029228426,
    "Day":  0.000000000126795307948298,
    "Day_Fluctuation":  0.41397949957948765,
    "ThreeDay":  0.000000000126795307948298,
    "ThreeDay_Fluctuation":  0.4139794995794876,
    "Week":  0.000000000126795307948298,
    "Week_Fluctuation":  0.4139794995794876,
    "Duration":  "05:35:22.4853224",
    "Updated":  "\/Date(1581326776641)\/",
    "Failed":  0,
    "HashRate_Live":  4060623,
    "HashRate_Average":  3089711.3673211522,
    "BlockRate_Live":  239,
    "BlockRate_Average":  204.73779252007327,
    "Actual24h_Week":  0.000190135947265564,
    "Estimate24h_Week":  0.000137352028933269,
    "ErrorRatio":  1
}
