{
    "Live":  0.00000000000003983,
    "Minute":  0.00000000000003983,
    "Minute_Fluctuation":  0,
    "Minute_5":  0.0000000000000398520585790798,
    "Minute_5_Fluctuation":  0.0024586799858542729,
    "Minute_10":  0.0000000000000397868815337949,
    "Minute_10_Fluctuation":  0.0070914722449093148,
    "Hour":  0.000000000000038650227408395,
    "Hour_Fluctuation":  0.029789373655779657,
    "Day":  0.0000000000000386366485271514,
    "Day_Fluctuation":  0.11037764097988219,
    "ThreeDay":  0.0000000000000376899938030908,
    "ThreeDay_Fluctuation":  0.14371891776644269,
    "Week":  0.0000000000000372236982520772,
    "Week_Fluctuation":  0.16121972734547182,
    "Duration":  "7.16:49:39.0682691",
    "Updated":  "\/Date(1581922539072)\/",
    "Failed":  0,
    "HashRate_Live":  155573565253,
    "HashRate_Average":  170720802124.12189,
    "BlockRate_Live":  108,
    "BlockRate_Average":  106.67275886629832,
    "Actual24h_Week":  0.0000401110010999074,
    "Estimate24h_Week":  0.0000389105352162577,
    "ErrorRatio":  1.03085194991479
}
