{
    "Live":  0.00000000000000183,
    "Minute":  0.00000000000000183,
    "Minute_Fluctuation":  2.1553576645382834E-16,
    "Minute_5":  0.0000000000000019227506779466,
    "Minute_5_Fluctuation":  0.089235534411189643,
    "Minute_10":  0.0000000000000020171691755692,
    "Minute_10_Fluctuation":  0.093880691044033793,
    "Hour":  0.0000000000000021501877645529,
    "Hour_Fluctuation":  0.103016470847085,
    "Day":  0.0000000000000021333904247793,
    "Day_Fluctuation":  0.195544838274453,
    "ThreeDay":  0.0000000000000021369552283153,
    "ThreeDay_Fluctuation":  0.18357804520632964,
    "Week":  0.0000000000000021349957509475,
    "Week_Fluctuation":  0.172315390781209,
    "Duration":  "7.16:49:39.0682691",
    "Updated":  "\/Date(1581922662283)\/",
    "Failed":  0,
    "HashRate_Live":  419896160571,
    "HashRate_Average":  130500280743.71669,
    "BlockRate_Live":  26,
    "BlockRate_Average":  26.656782918867755,
    "Actual24h_Week":  0.00000191972321225514,
    "Estimate24h_Week":  0.00000219205833026672,
    "ErrorRatio":  0.875762832470594
}
