{
    "Live":  0.00000000000004819566,
    "Minute":  0.00000000000004819566,
    "Minute_Fluctuation":  0,
    "Minute_5":  0.0000000000000448280316597462,
    "Minute_5_Fluctuation":  0.16243756729320408,
    "Minute_10":  0.0000000000000418950831115538,
    "Minute_10_Fluctuation":  0.19661571561548047,
    "Hour":  0.0000000000000337880569082766,
    "Hour_Fluctuation":  0.52284647896365732,
    "Day":  0.0000000000000291232364381874,
    "Day_Fluctuation":  0.54376716624430577,
    "ThreeDay":  0.0000000000000291232364381874,
    "ThreeDay_Fluctuation":  0.54376716624430566,
    "Week":  0.0000000000000291232364381874,
    "Week_Fluctuation":  0.54376716624430577,
    "Duration":  "03:48:33.7348228",
    "Updated":  "\/Date(1581326778498)\/",
    "Failed":  0,
    "HashRate_Live":  126374315968,
    "HashRate_Average":  99583004785.141815,
    "BlockRate_Live":  327,
    "BlockRate_Average":  168.88985320952415,
    "Actual24h_Week":  0.000016631836892378,
    "Estimate24h_Week":  0.0000254219997779961,
    "ErrorRatio":  0.984497231113004
}
