{
    "Live":  0.00000002005,
    "Minute":  0.00000002005,
    "Minute_Fluctuation":  0,
    "Minute_5":  0.000000020044563793514,
    "Minute_5_Fluctuation":  0.01387826947521368,
    "Minute_10":  0.0000000202050170207071,
    "Minute_10_Fluctuation":  0.031073106866329497,
    "Hour":  0.000000018644989229847,
    "Hour_Fluctuation":  0.092265322709184208,
    "Day":  0.0000000158604978940107,
    "Day_Fluctuation":  0.17443152755288377,
    "ThreeDay":  0.0000000143960426974939,
    "ThreeDay_Fluctuation":  0.2204491544810947,
    "Week":  0.0000000142680460415802,
    "Week_Fluctuation":  0.18425649082066986,
    "Duration":  "12.21:12:50.8903683",
    "Updated":  "\/Date(1581922536771)\/",
    "Failed":  0,
    "HashRate_Live":  36505,
    "HashRate_Average":  29616.588096233685,
    "BlockRate_Live":  179,
    "BlockRate_Average":  176.4766174033567,
    "Actual24h_Week":  0.0000147052044662955,
    "Estimate24h_Week":  0.0000149860824749632,
    "ErrorRatio":  0.981257409390548
}
