{
    "Live":  0.00000000000163036,
    "Minute":  0.00000000000163036,
    "Minute_Fluctuation":  0.0077174018891809715,
    "Minute_5":  0.00000000000166227943486555,
    "Minute_5_Fluctuation":  0.069824627127448677,
    "Minute_10":  0.0000000000018309353358595,
    "Minute_10_Fluctuation":  0.17173165209240931,
    "Hour":  0.00000000000216401193388122,
    "Hour_Fluctuation":  0.19432283163182051,
    "Day":  0.00000000000251043462168038,
    "Day_Fluctuation":  0.23850765221335318,
    "ThreeDay":  0.00000000000251043462168038,
    "ThreeDay_Fluctuation":  0.23850765221335318,
    "Week":  0.00000000000251043462168038,
    "Week_Fluctuation":  0.23850765221335318,
    "Duration":  "05:35:22.4853224",
    "Updated":  "\/Date(1581326777942)\/",
    "Failed":  0,
    "HashRate_Live":  1088172914,
    "HashRate_Average":  4381094289.073595,
    "BlockRate_Live":  15,
    "BlockRate_Average":  32.609721383088072,
    "Actual24h_Week":  0.00000247589592439525,
    "Estimate24h_Week":  0.00000245189509811694,
    "ErrorRatio":  1
}
