{
    "Live":  0.0000000000000217137,
    "Minute":  0.0000000000000217137,
    "Minute_Fluctuation":  0,
    "Minute_5":  0.0000000000000212335604390236,
    "Minute_5_Fluctuation":  0.1054410708763289,
    "Minute_10":  0.0000000000000205528523692163,
    "Minute_10_Fluctuation":  0.1736740616085688,
    "Hour":  0.000000000000022229612698586,
    "Hour_Fluctuation":  0.25976452859480936,
    "Day":  0.0000000000000211594919531381,
    "Day_Fluctuation":  0.32362268672763345,
    "ThreeDay":  0.0000000000000211594919531381,
    "ThreeDay_Fluctuation":  0.32362268672763345,
    "Week":  0.0000000000000211594919531381,
    "Week_Fluctuation":  0.32362268672763345,
    "Duration":  "05:35:22.4853224",
    "Updated":  "\/Date(1581326218307)\/",
    "Failed":  0,
    "HashRate_Live":  0,
    "HashRate_Average":  684219993.0001241,
    "BlockRate_Live":  8,
    "BlockRate_Average":  10.672383107703304,
    "Actual24h_Week":  0.0000107565703892386,
    "Estimate24h_Week":  0.0000208317919954627,
    "ErrorRatio":  0.968352291638027
}
