{
    "Live":  0.00000000000003352612,
    "Minute":  0.00000000000003352612,
    "Minute_Fluctuation":  0.032452242543493423,
    "Minute_5":  0.0000000000000343407272132182,
    "Minute_5_Fluctuation":  0.025707588484826745,
    "Minute_10":  0.0000000000000332812720870681,
    "Minute_10_Fluctuation":  0.098934192797015222,
    "Hour":  0.000000000000026961272995579,
    "Hour_Fluctuation":  0.22889578470023514,
    "Day":  0.000000000000032122268456407,
    "Day_Fluctuation":  0.35875492434714384,
    "ThreeDay":  0.000000000000032122268456407,
    "ThreeDay_Fluctuation":  0.35875492434714384,
    "Week":  0.000000000000032122268456407,
    "Week_Fluctuation":  0.35875492434714384,
    "Duration":  "05:35:22.4853224",
    "Updated":  "\/Date(1581326777985)\/",
    "Failed":  0,
    "HashRate_Live":  1087628436,
    "HashRate_Average":  1027152671.8290604,
    "BlockRate_Live":  30,
    "BlockRate_Average":  37.848397836775391,
    "Actual24h_Week":  0.0000139063733045427,
    "Estimate24h_Week":  0.0000311631873927375,
    "ErrorRatio":  0.963764601637389
}
