{
    "Live":  0.00000003196458,
    "Minute":  0.00000003196458,
    "Minute_Fluctuation":  0.022543599829429838,
    "Minute_5":  0.0000000317346017906883,
    "Minute_5_Fluctuation":  0.018791845067823821,
    "Minute_10":  0.0000000319151737461376,
    "Minute_10_Fluctuation":  0.030592045106298666,
    "Hour":  0.0000000324884272924045,
    "Hour_Fluctuation":  0.095251888732730924,
    "Day":  0.0000000323102934187553,
    "Day_Fluctuation":  0.10881539946022434,
    "ThreeDay":  0.0000000323102934187553,
    "ThreeDay_Fluctuation":  0.10881539946022434,
    "Week":  0.0000000323102934187553,
    "Week_Fluctuation":  0.10881539946022434,
    "Duration":  "05:35:22.4853224",
    "Updated":  "\/Date(1581326777854)\/",
    "Failed":  0,
    "HashRate_Live":  188,
    "HashRate_Average":  6890.7287801929524,
    "BlockRate_Live":  17,
    "BlockRate_Average":  24.27809537092724,
    "Actual24h_Week":  0.0000322816949817706,
    "Estimate24h_Week":  0.0000309493792235527,
    "ErrorRatio":  1
}
