{
    "Live":  0.00000000659,
    "Minute":  0.00000000659,
    "Minute_Fluctuation":  0,
    "Minute_5":  0.00000000658707529234382,
    "Minute_5_Fluctuation":  0.0016068638180673338,
    "Minute_10":  0.00000000659417902523179,
    "Minute_10_Fluctuation":  0.0052876651178024514,
    "Hour":  0.00000000680740257081426,
    "Hour_Fluctuation":  0.039964767181066577,
    "Day":  0.00000000717579026005106,
    "Day_Fluctuation":  0.064158506012182231,
    "ThreeDay":  0.00000000735805553455374,
    "ThreeDay_Fluctuation":  0.065843664929107509,
    "Week":  0.0000000073943690439587,
    "Week_Fluctuation":  0.065746782686540758,
    "Duration":  "12.21:12:50.8903683",
    "Updated":  "\/Date(1581922661228)\/",
    "Failed":  0,
    "HashRate_Live":  13626783,
    "HashRate_Average":  11605350.611978127,
    "BlockRate_Live":  238,
    "BlockRate_Average":  240.22092626422389,
    "Actual24h_Week":  0.00000677737362491908,
    "Estimate24h_Week":  0.00000730318530888061,
    "ErrorRatio":  0.928002417887145
}
