{
    "Live":  0.0000000000124823,
    "Minute":  0.0000000000124823,
    "Minute_Fluctuation":  0.065559019137538088,
    "Minute_5":  0.0000000000142733174309623,
    "Minute_5_Fluctuation":  0.11592702896730941,
    "Minute_10":  0.0000000000151281298390136,
    "Minute_10_Fluctuation":  0.15349274803482343,
    "Hour":  0.0000000000142831742432631,
    "Hour_Fluctuation":  0.24764911473583215,
    "Day":  0.0000000000134023597924126,
    "Day_Fluctuation":  0.213292096425475,
    "ThreeDay":  0.0000000000134023597924126,
    "ThreeDay_Fluctuation":  0.213292096425475,
    "Week":  0.0000000000134023597924126,
    "Week_Fluctuation":  0.213292096425475,
    "Duration":  "05:35:22.4853224",
    "Updated":  "\/Date(1581326776766)\/",
    "Failed":  0,
    "HashRate_Live":  0,
    "HashRate_Average":  3635034.3023261447,
    "BlockRate_Live":  0,
    "BlockRate_Average":  1.4030264906864234,
    "Actual24h_Week":  0.00000220633317536167,
    "Estimate24h_Week":  0.0000126179033432158,
    "ErrorRatio":  0.946006270663239
}
