{
    "Live":  0.00000000000030650462,
    "Minute":  0.00000000000030650462,
    "Minute_Fluctuation":  0.0011175765964252812,
    "Minute_5":  0.000000000000304656267071543,
    "Minute_5_Fluctuation":  0.014784256281924906,
    "Minute_10":  0.000000000000299576163243749,
    "Minute_10_Fluctuation":  0.063894242679252158,
    "Hour":  0.000000000000270746841059781,
    "Hour_Fluctuation":  0.31310363258355722,
    "Day":  0.00000000000032113995226953,
    "Day_Fluctuation":  0.37778621267304924,
    "ThreeDay":  0.00000000000032113995226953,
    "ThreeDay_Fluctuation":  0.37778621267304924,
    "Week":  0.00000000000032113995226953,
    "Week_Fluctuation":  0.37778621267304924,
    "Duration":  "04:19:55.1260756",
    "Updated":  "\/Date(1581326775128)\/",
    "Failed":  0,
    "HashRate_Live":  0,
    "HashRate_Average":  139810543.61980376,
    "BlockRate_Live":  3,
    "BlockRate_Average":  22.319772208141938,
    "Actual24h_Week":  0.000178833075244505,
    "Estimate24h_Week":  0.000364595070647744,
    "ErrorRatio":  0.974063133928861
}
