{
    "Live":  0.0000000000026,
    "Minute":  0.0000000000026,
    "Minute_Fluctuation":  0,
    "Minute_5":  0.00000000000259388982875539,
    "Minute_5_Fluctuation":  0.013062083670992757,
    "Minute_10":  0.00000000000252865263746449,
    "Minute_10_Fluctuation":  0.073051594274554238,
    "Hour":  0.00000000000241132873965346,
    "Hour_Fluctuation":  0.15723176482700776,
    "Day":  0.00000000000284318020620068,
    "Day_Fluctuation":  0.27937613351962404,
    "ThreeDay":  0.00000000000303954366458974,
    "ThreeDay_Fluctuation":  0.34109951253781418,
    "Week":  0.00000000000301362898430408,
    "Week_Fluctuation":  0.380606387574618,
    "Duration":  "12.21:12:50.8903683",
    "Updated":  "\/Date(1581922661603)\/",
    "Failed":  0,
    "HashRate_Live":  62169652,
    "HashRate_Average":  74273083.983046681,
    "BlockRate_Live":  17,
    "BlockRate_Average":  18.43023877443661,
    "Actual24h_Week":  0.00000135334926461417,
    "Estimate24h_Week":  0.0000448324385157082,
    "ErrorRatio":  0.0301868314421485
}
