{
    "Live":  0.00000000000002600979,
    "Minute":  0.00000000000002600979,
    "Minute_Fluctuation":  0.23194004415316358,
    "Minute_5":  0.0000000000000223126792615725,
    "Minute_5_Fluctuation":  0.07513587371422667,
    "Minute_10":  0.0000000000000222383793270336,
    "Minute_10_Fluctuation":  0.086111502831244177,
    "Hour":  0.0000000000000210677684701115,
    "Hour_Fluctuation":  0.18495664349756943,
    "Day":  0.000000000000022000801968677,
    "Day_Fluctuation":  0.19694733231541414,
    "ThreeDay":  0.000000000000022000801968677,
    "ThreeDay_Fluctuation":  0.19694733231541414,
    "Week":  0.000000000000022000801968677,
    "Week_Fluctuation":  0.19694733231541414,
    "Duration":  "05:35:22.4853224",
    "Updated":  "\/Date(1581326778136)\/",
    "Failed":  0,
    "HashRate_Live":  28247186726,
    "HashRate_Average":  26502836217.262356,
    "BlockRate_Live":  81,
    "BlockRate_Average":  68.78990213318491,
    "Actual24h_Week":  0.0000224804794126916,
    "Estimate24h_Week":  0.0000226514766479824,
    "ErrorRatio":  0.999506022849177
}
