{
    "Live":  0.00000000000012340492,
    "Minute":  0.00000000000012340492,
    "Minute_Fluctuation":  0.0028253518443937735,
    "Minute_5":  0.000000000000123486794970046,
    "Minute_5_Fluctuation":  0.029415442474946554,
    "Minute_10":  0.00000000000012648232472719,
    "Minute_10_Fluctuation":  0.074140377028015514,
    "Hour":  0.0000000000001589844848066,
    "Hour_Fluctuation":  0.32716815302756053,
    "Day":  0.00000000000019018210328736,
    "Day_Fluctuation":  0.43746272667702857,
    "ThreeDay":  0.00000000000019018210328736,
    "ThreeDay_Fluctuation":  0.43746272667702857,
    "Week":  0.00000000000019018210328736,
    "Week_Fluctuation":  0.4374627266770284,
    "Duration":  "05:35:22.4853224",
    "Updated":  "\/Date(1581326778019)\/",
    "Failed":  0,
    "HashRate_Live":  0,
    "HashRate_Average":  16398411.970114989,
    "BlockRate_Live":  0,
    "BlockRate_Average":  3.700446451455135,
    "Actual24h_Week":  0.0000943859547866789,
    "Estimate24h_Week":  0.000250424615389262,
    "ErrorRatio":  0.959227298341746
}
