{
    "Live":  0.00000000000004658,
    "Minute":  0.00000000000004658,
    "Minute_Fluctuation":  0.1783455603339234,
    "Minute_5":  0.0000000000000431435146192218,
    "Minute_5_Fluctuation":  0.21953390375214765,
    "Minute_10":  0.000000000000110096988133388,
    "Minute_10_Fluctuation":  0.76370207498957321,
    "Hour":  0.000000000000564159053663802,
    "Hour_Fluctuation":  0.88060284325532123,
    "Day":  0.00000000000108660784009054,
    "Day_Fluctuation":  0.67016140872759744,
    "ThreeDay":  0.00000000000108660784009054,
    "ThreeDay_Fluctuation":  0.67016140872759744,
    "Week":  0.00000000000108660784009054,
    "Week_Fluctuation":  0.67016140872759744,
    "Duration":  "05:35:22.4853224",
    "Updated":  "\/Date(1581326777070)\/",
    "Failed":  0,
    "HashRate_Live":  95291008,
    "HashRate_Average":  66978918.619369231,
    "BlockRate_Live":  23,
    "BlockRate_Average":  22.171687974965238,
    "Actual24h_Week":  0.000000801774853328298,
    "Estimate24h_Week":  0.000000902648684005978,
    "ErrorRatio":  0.992687362399914
}
