{
    "Live":  0.00000001513396,
    "Minute":  0.00000001513396,
    "Minute_Fluctuation":  0,
    "Minute_5":  0.0000000138689292918719,
    "Minute_5_Fluctuation":  0.17824675355404418,
    "Minute_10":  0.000000012263359174669,
    "Minute_10_Fluctuation":  0.24003314070600751,
    "Hour":  0.00000000979315929548629,
    "Hour_Fluctuation":  0.19231035362912668,
    "Day":  0.0000000112233350034899,
    "Day_Fluctuation":  0.30746643378660915,
    "ThreeDay":  0.0000000112233350034899,
    "ThreeDay_Fluctuation":  0.30746643378660915,
    "Week":  0.0000000112233350034899,
    "Week_Fluctuation":  0.30746643378660915,
    "Duration":  "05:35:22.4853224",
    "Updated":  "\/Date(1581326778349)\/",
    "Failed":  0,
    "HashRate_Live":  2179,
    "HashRate_Average":  864.16064852676652,
    "BlockRate_Live":  5,
    "BlockRate_Average":  23.919777148198641,
    "Actual24h_Week":  0.0000111370521073355,
    "Estimate24h_Week":  0.0000109440296970957,
    "ErrorRatio":  1
}
