{
    "Live":  0.00000000000000038095,
    "Minute":  0.00000000000000038095,
    "Minute_Fluctuation":  0.081537631661130663,
    "Minute_5":  0.0000000000000003342935995686,
    "Minute_5_Fluctuation":  0.15635517127767257,
    "Minute_10":  0.0000000000000003254977647778,
    "Minute_10_Fluctuation":  0.21557270019847663,
    "Hour":  0.0000000000000002727468962468,
    "Hour_Fluctuation":  0.3899990106677772,
    "Day":  0.0000000000000002647589673929,
    "Day_Fluctuation":  0.49532227415010266,
    "ThreeDay":  0.0000000000000002647589673929,
    "ThreeDay_Fluctuation":  0.49532227415010266,
    "Week":  0.0000000000000002647589673929,
    "Week_Fluctuation":  0.49532227415010277,
    "Duration":  "05:35:22.4853224",
    "Updated":  "\/Date(1581326777043)\/",
    "Failed":  0,
    "HashRate_Live":  0,
    "HashRate_Average":  40056745112.088173,
    "BlockRate_Live":  11,
    "BlockRate_Average":  12.295285450059859,
    "Actual24h_Week":  0.0000000754057227124306,
    "Estimate24h_Week":  0.000000231556764509368,
    "ErrorRatio":  0.955873274153304
}
