{
    "Live":  0.00000000000236189,
    "Minute":  0.00000000000236189,
    "Minute_Fluctuation":  0,
    "Minute_5":  0.00000000000242843582130169,
    "Minute_5_Fluctuation":  0.059885140947427078,
    "Minute_10":  0.00000000000233878606152978,
    "Minute_10_Fluctuation":  0.13233965754461424,
    "Hour":  0.00000000000214969872793458,
    "Hour_Fluctuation":  0.15000441833436329,
    "Day":  0.0000000000022583209976361,
    "Day_Fluctuation":  0.1264389166927278,
    "ThreeDay":  0.0000000000022583209976361,
    "ThreeDay_Fluctuation":  0.12643891669272783,
    "Week":  0.0000000000022583209976361,
    "Week_Fluctuation":  0.1264389166927278,
    "Duration":  "05:35:22.4853224",
    "Updated":  "\/Date(1581326775458)\/",
    "Failed":  0,
    "HashRate_Live":  75972552,
    "HashRate_Average":  296405169.83025956,
    "BlockRate_Live":  32,
    "BlockRate_Average":  47.086613105568581,
    "Actual24h_Week":  0.00000298409818113804,
    "Estimate24h_Week":  0.00000230550810324002,
    "ErrorRatio":  1
}
