{
    "Live":  0.00000000266,
    "Minute":  0.00000000266,
    "Minute_Fluctuation":  0,
    "Minute_5":  0.00000000263412673250507,
    "Minute_5_Fluctuation":  0.041668802840184829,
    "Minute_10":  0.00000000253324483299465,
    "Minute_10_Fluctuation":  0.07756945358748861,
    "Hour":  0.0000000025047559940344,
    "Hour_Fluctuation":  0.1044743497513051,
    "Day":  0.00000000312379947850349,
    "Day_Fluctuation":  0.11501547993437379,
    "ThreeDay":  0.00000000316604676316946,
    "ThreeDay_Fluctuation":  0.11646383072519864,
    "Week":  0.00000000320173493396357,
    "Week_Fluctuation":  0.11386500072944891,
    "Duration":  "12.20:58:49.9265851",
    "Updated":  "\/Date(1581922664233)\/",
    "Failed":  0,
    "HashRate_Live":  469705,
    "HashRate_Average":  470457.00703548524,
    "BlockRate_Live":  214,
    "BlockRate_Average":  214.50710104746935,
    "Actual24h_Week":  0.00000320474884514019,
    "Estimate24h_Week":  0.00000320578485130202,
    "ErrorRatio":  0.999676832286044
}
