{
    "Live":  0.00000000000226295,
    "Minute":  0.00000000000226295,
    "Minute_Fluctuation":  0.003205185040696612,
    "Minute_5":  0.00000000000232222557921698,
    "Minute_5_Fluctuation":  0.083778348519444448,
    "Minute_10":  0.00000000000250606013991162,
    "Minute_10_Fluctuation":  0.14844148810845897,
    "Hour":  0.0000000000026207405198985,
    "Hour_Fluctuation":  0.12307438316627438,
    "Day":  0.00000000000266636420468576,
    "Day_Fluctuation":  0.14672275162173756,
    "ThreeDay":  0.00000000000266636420468576,
    "ThreeDay_Fluctuation":  0.14672275162173756,
    "Week":  0.00000000000266636420468576,
    "Week_Fluctuation":  0.14672275162173756,
    "Duration":  "05:35:22.4853224",
    "Updated":  "\/Date(1581326778281)\/",
    "Failed":  0,
    "HashRate_Live":  833269469,
    "HashRate_Average":  649565163.58027112,
    "BlockRate_Live":  458,
    "BlockRate_Average":  411.64074510080479,
    "Actual24h_Week":  0.00000234137035535297,
    "Estimate24h_Week":  0.00000250857654375792,
    "ErrorRatio":  0.995638465814132
}
