{
    "Live":  0.00000002112177,
    "Minute":  0.00000002112177,
    "Minute_Fluctuation":  0.0019774499825644105,
    "Minute_5":  0.0000000207039599246102,
    "Minute_5_Fluctuation":  0.064383440179963169,
    "Minute_10":  0.000000020383008660206,
    "Minute_10_Fluctuation":  0.098103644788246555,
    "Hour":  0.0000000230775624551141,
    "Hour_Fluctuation":  0.15962352249911255,
    "Day":  0.0000000237033749663537,
    "Day_Fluctuation":  0.14549243223979677,
    "ThreeDay":  0.0000000237033749663537,
    "ThreeDay_Fluctuation":  0.14549243223979677,
    "Week":  0.0000000237033749663537,
    "Week_Fluctuation":  0.14549243223979677,
    "Duration":  "05:35:22.4853224",
    "Updated":  "\/Date(1581326777742)\/",
    "Failed":  0,
    "HashRate_Live":  119005,
    "HashRate_Average":  123433.71583744336,
    "BlockRate_Live":  145,
    "BlockRate_Average":  133.08301301314486,
    "Actual24h_Week":  0.0000251476741618296,
    "Estimate24h_Week":  0.0000245527144888294,
    "ErrorRatio":  1
}
