{
    "Live":  0.00000000000003421,
    "Minute":  0.00000000000003421,
    "Minute_Fluctuation":  1.8447492668132402E-16,
    "Minute_5":  0.0000000000000332601185104616,
    "Minute_5_Fluctuation":  0.040442552671901062,
    "Minute_10":  0.0000000000000325504739774591,
    "Minute_10_Fluctuation":  0.037297088312233953,
    "Hour":  0.0000000000000318956534708599,
    "Hour_Fluctuation":  0.025230778835590491,
    "Day":  0.0000000000000329451782074505,
    "Day_Fluctuation":  0.052797648600889993,
    "ThreeDay":  0.0000000000000333577118638089,
    "ThreeDay_Fluctuation":  0.1073121795273639,
    "Week":  0.0000000000000312198111978814,
    "Week_Fluctuation":  0.1849901617940215,
    "Duration":  "12.21:09:24.0086969",
    "Updated":  "\/Date(1581922663455)\/",
    "Failed":  0,
    "HashRate_Live":  42898142790,
    "HashRate_Average":  43653319952.1675,
    "BlockRate_Live":  27,
    "BlockRate_Average":  26.968959990466956,
    "Actual24h_Week":  0.0000303044808315572,
    "Estimate24h_Week":  0.0000336106900844314,
    "ErrorRatio":  0.901632211520534
}
