{
    "Live":  0.00000000000000323,
    "Minute":  0.00000000000000323,
    "Minute_Fluctuation":  1.2211469121068295E-16,
    "Minute_5":  0.0000000000000031672209146911,
    "Minute_5_Fluctuation":  0.026356201142609208,
    "Minute_10":  0.0000000000000030983704526805,
    "Minute_10_Fluctuation":  0.045764738252459088,
    "Hour":  0.0000000000000029947474329011,
    "Hour_Fluctuation":  0.072436273586327912,
    "Day":  0.0000000000000028484264145273,
    "Day_Fluctuation":  0.13795980516339959,
    "ThreeDay":  0.0000000000000028316799303933,
    "ThreeDay_Fluctuation":  0.13519095176931162,
    "Week":  0.0000000000000028706252442479,
    "Week_Fluctuation":  0.13804519906341053,
    "Duration":  "7.16:49:39.0682691",
    "Updated":  "\/Date(1581922662641)\/",
    "Failed":  0,
    "HashRate_Live":  312349263219,
    "HashRate_Average":  339862810007.68652,
    "BlockRate_Live":  631,
    "BlockRate_Average":  631.57014060692381,
    "Actual24h_Week":  0.00000271256044314065,
    "Estimate24h_Week":  0.00000272467889283958,
    "ErrorRatio":  0.995552338394525
}
