{
    "Live":  0.00000000000021391,
    "Minute":  0.00000000000021391,
    "Minute_Fluctuation":  1.1801013962447935E-16,
    "Minute_5":  0.000000000000201486000169926,
    "Minute_5_Fluctuation":  0.11279600740060595,
    "Minute_10":  0.000000000000233704977254964,
    "Minute_10_Fluctuation":  0.33136191838943296,
    "Hour":  0.000000000000405089294757924,
    "Hour_Fluctuation":  0.61397618832312217,
    "Day":  0.000000000000442061196859895,
    "Day_Fluctuation":  0.69885638561986185,
    "ThreeDay":  0.000000000000452249501981177,
    "ThreeDay_Fluctuation":  0.73029361209023758,
    "Week":  0.000000000000458881384986317,
    "Week_Fluctuation":  0.74630102404082665,
    "Duration":  "7.16:49:39.0682691",
    "Updated":  "\/Date(1581922662476)\/",
    "Failed":  0,
    "HashRate_Live":  0,
    "HashRate_Average":  4621537.7703015218,
    "BlockRate_Live":  4,
    "BlockRate_Average":  4.014307973737882,
    "Actual24h_Week":  0.000252822725947882,
    "Estimate24h_Week":  0.000477208119448132,
    "ErrorRatio":  0.529795524519278
}
