{
    "Live":  0.00000000000000119,
    "Minute":  0.00000000000000119,
    "Minute_Fluctuation":  1.65727080928784E-16,
    "Minute_5":  0.0000000000000011844467326499,
    "Minute_5_Fluctuation":  0.025118347431126949,
    "Minute_10":  0.0000000000000011738395172061,
    "Minute_10_Fluctuation":  0.048371585451378853,
    "Hour":  0.0000000000000014441946449165,
    "Hour_Fluctuation":  0.36766429098995995,
    "Day":  0.0000000000000017822341156749,
    "Day_Fluctuation":  0.391482462464622,
    "ThreeDay":  0.0000000000000020544885299065,
    "ThreeDay_Fluctuation":  0.31858502025321433,
    "Week":  0.0000000000000022090335388281,
    "Week_Fluctuation":  0.28556631326355086,
    "Duration":  "7.16:49:39.0682691",
    "Updated":  "\/Date(1581922663113)\/",
    "Failed":  0,
    "HashRate_Live":  75444089851,
    "HashRate_Average":  75298423240.207031,
    "BlockRate_Live":  33,
    "BlockRate_Average":  30.697492411806905,
    "Actual24h_Week":  0.00000191100213274571,
    "Estimate24h_Week":  0.00000189594460214216,
    "ErrorRatio":  1.00794196760103
}
