{
    "Live":  0.00000000000001814509,
    "Minute":  0.00000000000001814509,
    "Minute_Fluctuation":  0,
    "Minute_5":  0.0000000000000228696146683713,
    "Minute_5_Fluctuation":  0.19384654255513536,
    "Minute_10":  0.0000000000000258967108060323,
    "Minute_10_Fluctuation":  0.21584231612586924,
    "Hour":  0.0000000000000237303194738566,
    "Hour_Fluctuation":  0.33549203131847477,
    "Day":  0.0000000000000325747691356234,
    "Day_Fluctuation":  0.33648031006932105,
    "ThreeDay":  0.0000000000000325747691356234,
    "ThreeDay_Fluctuation":  0.33648031006932105,
    "Week":  0.0000000000000325747691356234,
    "Week_Fluctuation":  0.33648031006932105,
    "Duration":  "05:35:22.4853224",
    "Updated":  "\/Date(1581326653278)\/",
    "Failed":  0,
    "HashRate_Live":  0,
    "HashRate_Average":  902028531.70765412,
    "BlockRate_Live":  10,
    "BlockRate_Average":  33.251029093827349,
    "Actual24h_Week":  0.00000899270620150342,
    "Estimate24h_Week":  0.0000313894233045601,
    "ErrorRatio":  0.953310919750396
}
