{
    "Live":  0.00000000000033070359,
    "Minute":  0.00000000000033070359,
    "Minute_Fluctuation":  0.0010427743628069065,
    "Minute_5":  0.000000000000339511089178196,
    "Minute_5_Fluctuation":  0.055115074308376387,
    "Minute_10":  0.000000000000347231909699699,
    "Minute_10_Fluctuation":  0.063295887335715464,
    "Hour":  0.000000000000379582359369128,
    "Hour_Fluctuation":  0.261896996355004,
    "Day":  0.000000000000352401847995744,
    "Day_Fluctuation":  0.23685426918190117,
    "ThreeDay":  0.000000000000352401847995744,
    "ThreeDay_Fluctuation":  0.23685426918190117,
    "Week":  0.000000000000352401847995744,
    "Week_Fluctuation":  0.23685426918190117,
    "Duration":  "05:35:22.4853224",
    "Updated":  "\/Date(1581326776752)\/",
    "Failed":  0,
    "HashRate_Live":  335131377,
    "HashRate_Average":  9249253852.3500652,
    "BlockRate_Live":  132,
    "BlockRate_Average":  195.33555229339109,
    "Actual24h_Week":  0.000298836330143665,
    "Estimate24h_Week":  0.000313309754814381,
    "ErrorRatio":  0.996977184228866
}
