{
    "Live":  0.00000000000248322573,
    "Minute":  0.00000000000248322573,
    "Minute_Fluctuation":  0.0151794284065944,
    "Minute_5":  0.00000000000231481160270554,
    "Minute_5_Fluctuation":  0.21732286539582807,
    "Minute_10":  0.00000000000190111518324402,
    "Minute_10_Fluctuation":  0.72266656955451392,
    "Hour":  0.00000000000111421681450547,
    "Hour_Fluctuation":  0.70329172156150155,
    "Day":  0.000000000000954187520967705,
    "Day_Fluctuation":  0.69669725174274433,
    "ThreeDay":  0.000000000000954187520967705,
    "ThreeDay_Fluctuation":  0.69669725174274433,
    "Week":  0.000000000000954187520967705,
    "Week_Fluctuation":  0.69669725174274433,
    "Duration":  "05:01:14.7310098",
    "Updated":  "\/Date(1581326775649)\/",
    "Failed":  0,
    "HashRate_Live":  0,
    "HashRate_Average":  769793699.02900791,
    "BlockRate_Live":  0,
    "BlockRate_Average":  64.747813976263629,
    "Actual24h_Week":  0.000429831188402871,
    "Estimate24h_Week":  0.000409826013867143,
    "ErrorRatio":  1
}
