{
    "Live":  0.00000000000015510779,
    "Minute":  0.00000000000015510779,
    "Minute_Fluctuation":  0.17814745730797168,
    "Minute_5":  0.000000000000130774761495177,
    "Minute_5_Fluctuation":  0.10540570391800616,
    "Minute_10":  0.000000000000127359052801393,
    "Minute_10_Fluctuation":  0.091150347870329884,
    "Hour":  0.000000000000127359052801393,
    "Hour_Fluctuation":  0.0911503478703299,
    "Day":  0.000000000000127359052801393,
    "Day_Fluctuation":  0.091150347870329884,
    "ThreeDay":  0.000000000000127359052801393,
    "ThreeDay_Fluctuation":  0.091150347870329884,
    "Week":  0.000000000000127359052801393,
    "Week_Fluctuation":  0.091150347870329884,
    "Duration":  "00:09:17.9785952",
    "Updated":  "\/Date(1581326777104)\/",
    "Failed":  0,
    "HashRate_Live":  0,
    "HashRate_Average":  0,
    "BlockRate_Live":  8,
    "BlockRate_Average":  8,
    "Actual24h_Week":  0.000236160483249106,
    "Estimate24h_Week":  0.000514055720661435,
    "ErrorRatio":  0.999002974474939
}
