{
    "Live":  0.00000000917,
    "Minute":  0.00000000917,
    "Minute_Fluctuation":  0,
    "Minute_5":  0.00000000923671889474191,
    "Minute_5_Fluctuation":  0.016277957887978513,
    "Minute_10":  0.00000000923340190497358,
    "Minute_10_Fluctuation":  0.01661993336761379,
    "Hour":  0.00000000895432695505844,
    "Hour_Fluctuation":  0.049729044081289225,
    "Day":  0.00000000982683168456227,
    "Day_Fluctuation":  0.11376732564076884,
    "ThreeDay":  0.0000000105931300548533,
    "ThreeDay_Fluctuation":  0.15969087221867953,
    "Week":  0.0000000109062181973288,
    "Week_Fluctuation":  0.17099432443284243,
    "Duration":  "12.19:45:55.7233652",
    "Updated":  "\/Date(1581922662112)\/",
    "Failed":  0,
    "HashRate_Live":  54502,
    "HashRate_Average":  54251.347355870574,
    "BlockRate_Live":  186,
    "BlockRate_Average":  189.49956211105484,
    "Actual24h_Week":  0.0000100291499333936,
    "Estimate24h_Week":  0.0000106252270406014,
    "ErrorRatio":  0.943899823982112
}
