{
    "Live":  0.0000000000003381432,
    "Minute":  0.0000000000003381432,
    "Minute_Fluctuation":  0.0012027161216004922,
    "Minute_5":  0.000000000000338888114608863,
    "Minute_5_Fluctuation":  0.0072315571902841552,
    "Minute_10":  0.000000000000340647767777472,
    "Minute_10_Fluctuation":  0.016212602430438795,
    "Hour":  0.000000000000349040144410867,
    "Hour_Fluctuation":  0.050258854064238433,
    "Day":  0.000000000000326013904322186,
    "Day_Fluctuation":  0.063684929073957189,
    "ThreeDay":  0.000000000000326013904322186,
    "ThreeDay_Fluctuation":  0.063684929073957189,
    "Week":  0.000000000000326013904322186,
    "Week_Fluctuation":  0.063684929073957189,
    "Duration":  "05:35:22.4853224",
    "Updated":  "\/Date(1581326777669)\/",
    "Failed":  0,
    "HashRate_Live":  0,
    "HashRate_Average":  608936599.019407,
    "BlockRate_Live":  0,
    "BlockRate_Average":  0,
    "Actual24h_Week":  0.0000656853068696706,
    "Estimate24h_Week":  0.000324197936631723,
    "ErrorRatio":  0.947822194417422
}
