{
    "Live":  0.00000147927639,
    "Minute":  0.00000147927639,
    "Minute_Fluctuation":  0.0063771435850433905,
    "Minute_5":  0.00000147127057270315,
    "Minute_5_Fluctuation":  0.014010787232246961,
    "Minute_10":  0.00000148558806442883,
    "Minute_10_Fluctuation":  0.026087374939967885,
    "Hour":  0.00000149087568742887,
    "Hour_Fluctuation":  0.062812705268613572,
    "Day":  0.00000138294381631791,
    "Day_Fluctuation":  0.10321261524582916,
    "ThreeDay":  0.00000138294381631791,
    "ThreeDay_Fluctuation":  0.10321261524582916,
    "Week":  0.00000138294381631791,
    "Week_Fluctuation":  0.10321261524582916,
    "Duration":  "05:35:22.4853224",
    "Updated":  "\/Date(1581326778796)\/",
    "Failed":  0,
    "HashRate_Live":  8264,
    "HashRate_Average":  6065.0974739013427,
    "BlockRate_Live":  26,
    "BlockRate_Average":  16.396134118351494,
    "Actual24h_Week":  0.00120971348956826,
    "Estimate24h_Week":  0.00136308391711415,
    "ErrorRatio":  0.992637364073561
}
