{
    "Live":  0.00000000000000013162,
    "Minute":  0.00000000000000013162,
    "Minute_Fluctuation":  0,
    "Minute_5":  0.0000000000000001317489223752,
    "Minute_5_Fluctuation":  0.0044310956171940939,
    "Minute_10":  0.0000000000000001325182949784,
    "Minute_10_Fluctuation":  0.020145746220371397,
    "Hour":  0.0000000000000001258334232498,
    "Hour_Fluctuation":  0.12142246507260956,
    "Day":  0.000000000000000123412465095,
    "Day_Fluctuation":  0.158206885261343,
    "ThreeDay":  0.000000000000000123412465095,
    "ThreeDay_Fluctuation":  0.158206885261343,
    "Week":  0.000000000000000123412465095,
    "Week_Fluctuation":  0.158206885261343,
    "Duration":  "05:35:22.4853224",
    "Updated":  "\/Date(1581326219011)\/",
    "Failed":  0,
    "HashRate_Live":  0,
    "HashRate_Average":  0,
    "BlockRate_Live":  0,
    "BlockRate_Average":  0.19309922977345545,
    "Actual24h_Week":  0,
    "Estimate24h_Week":  0.00000013231849828076,
    "ErrorRatio":  0.934564369549707
}
