{
    "Live":  0.00000001382406,
    "Minute":  0.00000001382406,
    "Minute_Fluctuation":  0.011856385271405784,
    "Minute_5":  0.0000000140324561871996,
    "Minute_5_Fluctuation":  0.038467542697909314,
    "Minute_10":  0.0000000137834279363122,
    "Minute_10_Fluctuation":  0.070684147722123156,
    "Hour":  0.0000000125989193453212,
    "Hour_Fluctuation":  0.12283254818644342,
    "Day":  0.0000000133578468330381,
    "Day_Fluctuation":  0.15509604603984603,
    "ThreeDay":  0.0000000133578468330381,
    "ThreeDay_Fluctuation":  0.15509604603984603,
    "Week":  0.0000000133578468330381,
    "Week_Fluctuation":  0.15509604603984603,
    "Duration":  "05:35:22.4853224",
    "Updated":  "\/Date(1581326776168)\/",
    "Failed":  0,
    "HashRate_Live":  0,
    "HashRate_Average":  4571.4035562460249,
    "BlockRate_Live":  0,
    "BlockRate_Average":  0.7559394924358851,
    "Actual24h_Week":  0.0000105066865400111,
    "Estimate24h_Week":  0.0000125681313270549,
    "ErrorRatio":  0.989267144353568
}
