{
    "Live":  0.00000000172,
    "Minute":  0.00000000172,
    "Minute_Fluctuation":  0,
    "Minute_5":  0.00000000173394529598458,
    "Minute_5_Fluctuation":  0.021214419170176288,
    "Minute_10":  0.00000000177747584664958,
    "Minute_10_Fluctuation":  0.048846476590701016,
    "Hour":  0.00000000211722067840189,
    "Hour_Fluctuation":  0.12522627686331247,
    "Day":  0.00000000206024611205967,
    "Day_Fluctuation":  0.16765301938521193,
    "ThreeDay":  0.00000000210103256478328,
    "ThreeDay_Fluctuation":  0.17724151383258405,
    "Week":  0.0000000020889147284638,
    "Week_Fluctuation":  0.18292099234783066,
    "Duration":  "12.21:09:24.0086969",
    "Updated":  "\/Date(1581922664115)\/",
    "Failed":  0,
    "HashRate_Live":  118776,
    "HashRate_Average":  118784.20585075399,
    "BlockRate_Live":  3,
    "BlockRate_Average":  3.001061038618638,
    "Actual24h_Week":  0.00000164557068592083,
    "Estimate24h_Week":  0.00000206873715967688,
    "ErrorRatio":  0.795446960588196
}
