{
    "Live":  0.000000000003,
    "Minute":  0.000000000003,
    "Minute_Fluctuation":  0,
    "Minute_5":  0.00000000000316954042991074,
    "Minute_5_Fluctuation":  0.17433426442010239,
    "Minute_10":  0.00000000000384820261481662,
    "Minute_10_Fluctuation":  0.38146378746712434,
    "Hour":  0.00000000000419941244276004,
    "Hour_Fluctuation":  0.40943662451362223,
    "Day":  0.00000000000372089869285402,
    "Day_Fluctuation":  0.41938079857747812,
    "ThreeDay":  0.0000000000040309439429712,
    "ThreeDay_Fluctuation":  0.44281611404665039,
    "Week":  0.00000000000440610196000228,
    "Week_Fluctuation":  0.4543339270322248,
    "Duration":  "12.21:09:24.0086969",
    "Updated":  "\/Date(1581922664028)\/",
    "Failed":  0,
    "HashRate_Live":  11618154,
    "HashRate_Average":  8325570.7509756768,
    "BlockRate_Live":  5,
    "BlockRate_Average":  4.2265382285455342,
    "Actual24h_Week":  0.00000543528809297372,
    "Estimate24h_Week":  0.00000369576176768781,
    "ErrorRatio":  1.47068140065051
}
