{
    "Live":  0.00000000000003070776,
    "Minute":  0.00000000000003070776,
    "Minute_Fluctuation":  0,
    "Minute_5":  0.000000000000008051898500986,
    "Minute_5_Fluctuation":  0,
    "Minute_10":  0.0000000000000058743223505284,
    "Minute_10_Fluctuation":  0,
    "Hour":  0.0000000000000050722324475528,
    "Hour_Fluctuation":  0,
    "Day":  0.0000000000000050722324475528,
    "Day_Fluctuation":  0,
    "ThreeDay":  0.0000000000000050722324475528,
    "ThreeDay_Fluctuation":  0,
    "Week":  0.0000000000000050722324475528,
    "Week_Fluctuation":  0,
    "Duration":  "00:15:48.7097475",
    "Updated":  "\/Date(1581326778201)\/",
    "Failed":  0,
    "HashRate_Live":  6221769798,
    "HashRate_Average":  124371964750.53809,
    "BlockRate_Live":  592,
    "BlockRate_Average":  859.62744023559787,
    "Actual24h_Week":  0.00000183334593961601,
    "Estimate24h_Week":  0.0169871120448285,
    "ErrorRatio":  0.996865531254842
}
