{
    "Live":  0.0000015458378,
    "Minute":  0.0000015458378,
    "Minute_Fluctuation":  0.0070999461535888363,
    "Minute_5":  0.00000151730591973711,
    "Minute_5_Fluctuation":  0.039418746795716907,
    "Minute_10":  0.00000146815823239202,
    "Minute_10_Fluctuation":  0.077979536676086411,
    "Hour":  0.00000129664782636341,
    "Hour_Fluctuation":  0.13501561366263873,
    "Day":  0.00000133706603371078,
    "Day_Fluctuation":  0.15026974051343608,
    "ThreeDay":  0.00000133706603371078,
    "ThreeDay_Fluctuation":  0.15026974051343608,
    "Week":  0.00000133706603371078,
    "Week_Fluctuation":  0.15026974051343608,
    "Duration":  "04:48:02.8019564",
    "Updated":  "\/Date(1580837503678)\/",
    "Failed":  0,
    "HashRate_Live":  0,
    "HashRate_Average":  0.84167113029453444,
    "BlockRate_Live":  2,
    "BlockRate_Average":  1.2276922936543804,
    "Actual24h_Week":  0.000727293014350438,
    "Estimate24h_Week":  0.00125573802222532,
    "ErrorRatio":  0.976292642330719
}
