{
    "Live":  0.00000000000000138,
    "Minute":  0.00000000000000138,
    "Minute_Fluctuation":  1.4290958427916882E-16,
    "Minute_5":  0.0000000000000016558151506785,
    "Minute_5_Fluctuation":  0.37711620853183558,
    "Minute_10":  0.0000000000000030151038225562,
    "Minute_10_Fluctuation":  0.58149244845992987,
    "Hour":  0.0000000000000106467981406404,
    "Hour_Fluctuation":  0.61315109882349894,
    "Day":  0.0000000000000120354240336793,
    "Day_Fluctuation":  0.77820457002928,
    "ThreeDay":  0.0000000000000118978527119615,
    "ThreeDay_Fluctuation":  0.7557712103221913,
    "Week":  0.0000000000000126997104439719,
    "Week_Fluctuation":  0.69962243547637915,
    "Duration":  "12.04:46:30.4912504",
    "Updated":  "\/Date(1581922663627)\/",
    "Failed":  0,
    "HashRate_Live":  0,
    "HashRate_Average":  5101505.8521128064,
    "BlockRate_Live":  3,
    "BlockRate_Average":  3.4530794660197146,
    "Actual24h_Week":  0.0000272499949951053,
    "Estimate24h_Week":  0.0000119474703799077,
    "ErrorRatio":  2.28081712099762
}
