{
    "Live":  0.00000000000001155641,
    "Minute":  0.00000000000001155641,
    "Minute_Fluctuation":  0.039723290109033783,
    "Minute_5":  0.0000000000000128260848639457,
    "Minute_5_Fluctuation":  0.19491319562360163,
    "Minute_10":  0.000000000000014283282236229,
    "Minute_10_Fluctuation":  0.29596419616581293,
    "Hour":  0.0000000000000121697378929922,
    "Hour_Fluctuation":  0.39052144433781449,
    "Day":  0.0000000000000120739202039977,
    "Day_Fluctuation":  0.36409885373883344,
    "ThreeDay":  0.0000000000000120739202039977,
    "ThreeDay_Fluctuation":  0.36409885373883344,
    "Week":  0.0000000000000120739202039977,
    "Week_Fluctuation":  0.36409885373883344,
    "Duration":  "05:35:22.4853224",
    "Updated":  "\/Date(1581326775072)\/",
    "Failed":  0,
    "HashRate_Live":  0,
    "HashRate_Average":  79900348.125803173,
    "BlockRate_Live":  9,
    "BlockRate_Average":  9.5084521987702519,
    "Actual24h_Week":  0.00000350113494106561,
    "Estimate24h_Week":  0.0000137243196099168,
    "ErrorRatio":  0.951257289757907
}
