{
    "Live":  0.00000000000000049415921,
    "Minute":  0.00000000000000049415921,
    "Minute_Fluctuation":  0.0011763927816647946,
    "Minute_5":  0.0000000000000004931511330067,
    "Minute_5_Fluctuation":  0.010500253113773327,
    "Minute_10":  0.0000000000000004900191590377,
    "Minute_10_Fluctuation":  0.024516398387092915,
    "Hour":  0.0000000000000005153493590026,
    "Hour_Fluctuation":  0.12676732703004831,
    "Day":  0.0000000000000004987442423212,
    "Day_Fluctuation":  0.15289902424358279,
    "ThreeDay":  0.0000000000000004987442423212,
    "ThreeDay_Fluctuation":  0.15289902424358279,
    "Week":  0.0000000000000004987442423212,
    "Week_Fluctuation":  0.15289902424358279,
    "Duration":  "05:35:22.4853224",
    "Updated":  "\/Date(1581326778153)\/",
    "Failed":  0,
    "HashRate_Live":  847350959594,
    "HashRate_Average":  960233234211.21216,
    "BlockRate_Live":  36,
    "BlockRate_Average":  49.813288376718219,
    "Actual24h_Week":  0.000438507702912506,
    "Estimate24h_Week":  0.000468861646119771,
    "ErrorRatio":  0.995763719581549
}
