{
    "Live":  0.00000000706488,
    "Minute":  0.00000000706488,
    "Minute_Fluctuation":  0.0037425508572331936,
    "Minute_5":  0.00000000706254964189887,
    "Minute_5_Fluctuation":  0.019492377058862038,
    "Minute_10":  0.00000000720090922126165,
    "Minute_10_Fluctuation":  0.04944198893721416,
    "Hour":  0.00000000724317171284955,
    "Hour_Fluctuation":  0.10259527426558442,
    "Day":  0.00000000702072876355151,
    "Day_Fluctuation":  0.10486183793505106,
    "ThreeDay":  0.00000000702072876355151,
    "ThreeDay_Fluctuation":  0.10486183793505106,
    "Week":  0.00000000702072876355151,
    "Week_Fluctuation":  0.10486183793505106,
    "Duration":  "05:35:22.4853224",
    "Updated":  "\/Date(1581326777835)\/",
    "Failed":  0,
    "HashRate_Live":  2112,
    "HashRate_Average":  1210.4129351869951,
    "BlockRate_Live":  0,
    "BlockRate_Average":  0.45887225117445968,
    "Actual24h_Week":  0.00000640058611030424,
    "Estimate24h_Week":  0.00000691296138342179,
    "ErrorRatio":  0.995150038143712
}
