{
    "Live":  0.00000000893,
    "Minute":  0.00000000893,
    "Minute_Fluctuation":  0,
    "Minute_5":  0.00000000872643877060677,
    "Minute_5_Fluctuation":  0.10194328305038991,
    "Minute_10":  0.00000000794191785955313,
    "Minute_10_Fluctuation":  0.23722487721170524,
    "Hour":  0.0000000071754078066638,
    "Hour_Fluctuation":  0.24456822696697419,
    "Day":  0.00000000733049190332318,
    "Day_Fluctuation":  0.26955984348488626,
    "ThreeDay":  0.00000000689717650494623,
    "ThreeDay_Fluctuation":  0.27054795270588611,
    "Week":  0.00000000673256974368587,
    "Week_Fluctuation":  0.25794367391253004,
    "Duration":  "12.21:09:24.0086969",
    "Updated":  "\/Date(1581922664313)\/",
    "Failed":  0,
    "HashRate_Live":  2976,
    "HashRate_Average":  3200.3952574329505,
    "BlockRate_Live":  3,
    "BlockRate_Average":  2.9969085798556381,
    "Actual24h_Week":  0.00000612836959436155,
    "Estimate24h_Week":  0.00000707591813852557,
    "ErrorRatio":  0.866088255175679
}
