{
    "Live":  0.00000000000000069884,
    "Minute":  0.00000000000000069884,
    "Minute_Fluctuation":  0,
    "Minute_5":  0.0000000000000007287880057295,
    "Minute_5_Fluctuation":  0.1981409795430874,
    "Minute_10":  0.0000000000000007394951206274,
    "Minute_10_Fluctuation":  0.25386575486279894,
    "Hour":  0.0000000000000010171794747179,
    "Hour_Fluctuation":  0.35893726621605254,
    "Day":  0.0000000000000010173155743704,
    "Day_Fluctuation":  0.3589553168658865,
    "ThreeDay":  0.0000000000000010173155743704,
    "ThreeDay_Fluctuation":  0.3589553168658865,
    "Week":  0.0000000000000010173155743704,
    "Week_Fluctuation":  0.3589553168658865,
    "Duration":  "01:02:17.7125270",
    "Updated":  "\/Date(1581326403475)\/",
    "Failed":  0,
    "HashRate_Live":  0,
    "HashRate_Average":  1964482570.0325921,
    "BlockRate_Live":  23,
    "BlockRate_Average":  34.956042129526764,
    "Actual24h_Week":  0.000000216601020270334,
    "Estimate24h_Week":  0.00000221888499807986,
    "ErrorRatio":  0.988880867064745
}
