{
    "Live":  0.00000000000000165929,
    "Minute":  0.00000000000000165929,
    "Minute_Fluctuation":  0,
    "Minute_5":  0.0000000000000017284744252977,
    "Minute_5_Fluctuation":  0.066534602161778991,
    "Minute_10":  0.0000000000000017173641629193,
    "Minute_10_Fluctuation":  0.077523487453732054,
    "Hour":  0.000000000000001799099280727,
    "Hour_Fluctuation":  0.1871059770730204,
    "Day":  0.0000000000000016330464243778,
    "Day_Fluctuation":  0.31746083796103758,
    "ThreeDay":  0.0000000000000016330464243778,
    "ThreeDay_Fluctuation":  0.31746083796103758,
    "Week":  0.0000000000000016330464243778,
    "Week_Fluctuation":  0.31746083796103758,
    "Duration":  "05:35:22.4853224",
    "Updated":  "\/Date(1581326775231)\/",
    "Failed":  0,
    "HashRate_Live":  10189734272523,
    "HashRate_Average":  7449238768277.0029,
    "BlockRate_Live":  147,
    "BlockRate_Average":  110.19257399293704,
    "Actual24h_Week":  0.00000158258986812958,
    "Estimate24h_Week":  0.00000154667086637068,
    "ErrorRatio":  1
}
