{
    "Live":  0.00000000000061625,
    "Minute":  0.00000000000061625,
    "Minute_Fluctuation":  1.6385265049621016E-16,
    "Minute_5":  0.000000000000609099740297496,
    "Minute_5_Fluctuation":  0.043088803129326766,
    "Minute_10":  0.000000000000585566608193696,
    "Minute_10_Fluctuation":  0.078089743372004333,
    "Hour":  0.000000000000525616426058046,
    "Hour_Fluctuation":  0.10342539703880017,
    "Day":  0.000000000000473331641309974,
    "Day_Fluctuation":  0.28923834335980519,
    "ThreeDay":  0.000000000000458000753359044,
    "ThreeDay_Fluctuation":  0.32019184453127286,
    "Week":  0.000000000000456658665687874,
    "Week_Fluctuation":  0.32929471636421531,
    "Duration":  "8.10:49:36.4485409",
    "Updated":  "\/Date(1581922663274)\/",
    "Failed":  0,
    "HashRate_Live":  1820035363,
    "HashRate_Average":  1709186525.1919286,
    "BlockRate_Live":  5,
    "BlockRate_Average":  18.354436656708117,
    "Actual24h_Week":  0.000227951695605792,
    "Estimate24h_Week":  0.000437748832986642,
    "ErrorRatio":  0.520736272557344
}
