{
    "Live":  0.00000000000011585651,
    "Minute":  0.00000000000011585651,
    "Minute_Fluctuation":  0.0029815924046052555,
    "Minute_5":  0.000000000000150589780989877,
    "Minute_5_Fluctuation":  0.421733090963203,
    "Minute_10":  0.00000000000017392227244006,
    "Minute_10_Fluctuation":  0.45106452324894264,
    "Hour":  0.000000000000225955318091738,
    "Hour_Fluctuation":  0.3407929380251693,
    "Day":  0.000000000000219243339930638,
    "Day_Fluctuation":  0.23000533291735339,
    "ThreeDay":  0.000000000000219243339930638,
    "ThreeDay_Fluctuation":  0.23000533291735334,
    "Week":  0.000000000000219243339930638,
    "Week_Fluctuation":  0.23000533291735339,
    "Duration":  "05:35:22.4853224",
    "Updated":  "\/Date(1581326777892)\/",
    "Failed":  0,
    "HashRate_Live":  0,
    "HashRate_Average":  701088237.7588284,
    "BlockRate_Live":  195,
    "BlockRate_Average":  188.35272274252668,
    "Actual24h_Week":  0.000188343470934134,
    "Estimate24h_Week":  0.000226031526877578,
    "ErrorRatio":  0.989089390603282
}
