{
    "Live":  0.00000000000006713,
    "Minute":  0.00000000000006713,
    "Minute_Fluctuation":  1.8801987909334409E-16,
    "Minute_5":  0.0000000000000675351065464752,
    "Minute_5_Fluctuation":  0.017410216970136266,
    "Minute_10":  0.0000000000000686666547030329,
    "Minute_10_Fluctuation":  0.03787286992213134,
    "Hour":  0.0000000000000703659807645559,
    "Hour_Fluctuation":  0.086109446628743314,
    "Day":  0.0000000000000577337642633336,
    "Day_Fluctuation":  0.23490117195479152,
    "ThreeDay":  0.0000000000000525388167697162,
    "ThreeDay_Fluctuation":  0.25274522918738568,
    "Week":  0.0000000000000485739971550248,
    "Week_Fluctuation":  0.26449898621264317,
    "Duration":  "12.21:12:50.8903683",
    "Updated":  "\/Date(1581922661970)\/",
    "Failed":  0,
    "HashRate_Live":  701199682186,
    "HashRate_Average":  1088431170378.515,
    "BlockRate_Live":  187,
    "BlockRate_Average":  186.78876501964584,
    "Actual24h_Week":  0.0000503969896159824,
    "Estimate24h_Week":  0.0000528977487379783,
    "ErrorRatio":  0.952724658767936
}
