{
    "Live":  0.00000000000003178847,
    "Minute":  0.00000000000003178847,
    "Minute_Fluctuation":  0.072652687429687127,
    "Minute_5":  0.0000000000000303959300855173,
    "Minute_5_Fluctuation":  0.045520781800365652,
    "Minute_10":  0.0000000000000303118517997179,
    "Minute_10_Fluctuation":  0.081947917518003066,
    "Hour":  0.0000000000000278196681758201,
    "Hour_Fluctuation":  0.24661461280460953,
    "Day":  0.0000000000000418060586668281,
    "Day_Fluctuation":  0.34282380109527244,
    "ThreeDay":  0.0000000000000418060586668281,
    "ThreeDay_Fluctuation":  0.34282380109527244,
    "Week":  0.0000000000000418060586668281,
    "Week_Fluctuation":  0.34282380109527238,
    "Duration":  "05:35:22.4853224",
    "Updated":  "\/Date(1581326778333)\/",
    "Failed":  0,
    "HashRate_Live":  13803726280,
    "HashRate_Average":  17092322596.011887,
    "BlockRate_Live":  193,
    "BlockRate_Average":  264.25622412671828,
    "Actual24h_Week":  0.0000398869761865776,
    "Estimate24h_Week":  0.0000415361090268422,
    "ErrorRatio":  0.997401970246436
}
