{
    "Live":  0.00000000000000236351,
    "Minute":  0.00000000000000236351,
    "Minute_Fluctuation":  0.069113230078888449,
    "Minute_5":  0.0000000000000022009195122549,
    "Minute_5_Fluctuation":  0.078531520751290676,
    "Minute_10":  0.0000000000000022272610528576,
    "Minute_10_Fluctuation":  0.079534314696716971,
    "Hour":  0.0000000000000022911873056681,
    "Hour_Fluctuation":  0.15742487834238364,
    "Day":  0.0000000000000024924251516332,
    "Day_Fluctuation":  0.23492539459865944,
    "ThreeDay":  0.0000000000000024924251516332,
    "ThreeDay_Fluctuation":  0.23492539459865944,
    "Week":  0.0000000000000024924251516332,
    "Week_Fluctuation":  0.23492539459865944,
    "Duration":  "05:35:22.4853224",
    "Updated":  "\/Date(1581326777407)\/",
    "Failed":  0,
    "HashRate_Live":  1163916277288,
    "HashRate_Average":  1089934108477.8262,
    "BlockRate_Live":  14,
    "BlockRate_Average":  24.96737907823681,
    "Actual24h_Week":  0.00000275666326889213,
    "Estimate24h_Week":  0.00000259374043642624,
    "ErrorRatio":  1
}
