{
    "Live":  0.00000000000001787687,
    "Minute":  0.00000000000001787687,
    "Minute_Fluctuation":  0.1365670555279701,
    "Minute_5":  0.0000000000000163241153329107,
    "Minute_5_Fluctuation":  0.062064387817085148,
    "Minute_10":  0.0000000000000163825260684932,
    "Minute_10_Fluctuation":  0.096150591716534548,
    "Hour":  0.0000000000000140002585479871,
    "Hour_Fluctuation":  0.20144834323394195,
    "Day":  0.0000000000000135692364432043,
    "Day_Fluctuation":  0.16444205542357881,
    "ThreeDay":  0.0000000000000135692364432043,
    "ThreeDay_Fluctuation":  0.16444205542357881,
    "Week":  0.0000000000000135692364432043,
    "Week_Fluctuation":  0.16444205542357881,
    "Duration":  "05:35:22.4853224",
    "Updated":  "\/Date(1581326778241)\/",
    "Failed":  0,
    "HashRate_Live":  4398046511,
    "HashRate_Average":  5181544954.66552,
    "BlockRate_Live":  83,
    "BlockRate_Average":  34.139563120057872,
    "Actual24h_Week":  0.0000140366491853701,
    "Estimate24h_Week":  0.0000134087504137037,
    "ErrorRatio":  1
}
