{
    "Live":  0.00000000002600665,
    "Minute":  0.00000000002600665,
    "Minute_Fluctuation":  0,
    "Minute_5":  0.0000000000281582781475794,
    "Minute_5_Fluctuation":  0.12060381770195232,
    "Minute_10":  0.0000000000290378240787565,
    "Minute_10_Fluctuation":  0.11918607966738708,
    "Hour":  0.000000000025468922130003,
    "Hour_Fluctuation":  0.22136979577846133,
    "Day":  0.0000000000219884520066583,
    "Day_Fluctuation":  0.27492277289441236,
    "ThreeDay":  0.0000000000219884520066583,
    "ThreeDay_Fluctuation":  0.2749227728944123,
    "Week":  0.0000000000219884520066583,
    "Week_Fluctuation":  0.2749227728944123,
    "Duration":  "05:35:22.4853224",
    "Updated":  "\/Date(1581326777535)\/",
    "Failed":  0,
    "HashRate_Live":  15840913,
    "HashRate_Average":  5877087.4601145722,
    "BlockRate_Live":  13,
    "BlockRate_Average":  18.655654052513178,
    "Actual24h_Week":  0.00000833077075443088,
    "Estimate24h_Week":  0.0000220996389999937,
    "ErrorRatio":  0.959231253766829
}
