{
    "Live":  0.0000000000000219502,
    "Minute":  0.0000000000000219502,
    "Minute_Fluctuation":  0,
    "Minute_5":  0.0000000000000219569651749494,
    "Minute_5_Fluctuation":  0.0077205899550696162,
    "Minute_10":  0.0000000000000219834537221147,
    "Minute_10_Fluctuation":  0.03489515400177412,
    "Hour":  0.000000000000021225227512804,
    "Hour_Fluctuation":  0.22828742652626305,
    "Day":  0.0000000000000209202019970819,
    "Day_Fluctuation":  0.31608827323060668,
    "ThreeDay":  0.0000000000000209202019970819,
    "ThreeDay_Fluctuation":  0.31608827323060662,
    "Week":  0.0000000000000209202019970819,
    "Week_Fluctuation":  0.31608827323060662,
    "Duration":  "05:35:22.4853224",
    "Updated":  "\/Date(1581326653832)\/",
    "Failed":  0,
    "HashRate_Live":  0,
    "HashRate_Average":  74093267.10105364,
    "BlockRate_Live":  36,
    "BlockRate_Average":  42.615652089748245,
    "Actual24h_Week":  0.00000966959424027891,
    "Estimate24h_Week":  0.0000280835292500774,
    "ErrorRatio":  0.957094870957732
}
