{
    "Live":  0.00000000000289550813,
    "Minute":  0.00000000000289550813,
    "Minute_Fluctuation":  0.16961187248816537,
    "Minute_5":  0.00000000000343111763624958,
    "Minute_5_Fluctuation":  0.15530462974469844,
    "Minute_10":  0.00000000000321725974901015,
    "Minute_10_Fluctuation":  0.23490907399476166,
    "Hour":  0.0000000000023176332656167,
    "Hour_Fluctuation":  0.3103320633851378,
    "Day":  0.0000000000018316821914474,
    "Day_Fluctuation":  0.3307828822769982,
    "ThreeDay":  0.0000000000018316821914474,
    "ThreeDay_Fluctuation":  0.3307828822769982,
    "Week":  0.0000000000018316821914474,
    "Week_Fluctuation":  0.3307828822769982,
    "Duration":  "04:02:38.0523565",
    "Updated":  "\/Date(1581326777768)\/",
    "Failed":  0,
    "HashRate_Live":  2525454229,
    "HashRate_Average":  1744800947.5918307,
    "BlockRate_Live":  324,
    "BlockRate_Average":  282.012635466473,
    "Actual24h_Week":  0.00168495389488627,
    "Estimate24h_Week":  0.00168824966169284,
    "ErrorRatio":  0.99990714983798
}
