{
    "Live":  0.00000001380694,
    "Minute":  0.00000001380694,
    "Minute_Fluctuation":  0.048659150496571525,
    "Minute_5":  0.0000000140631346639322,
    "Minute_5_Fluctuation":  0.16555317586194776,
    "Minute_10":  0.0000000141384886396691,
    "Minute_10_Fluctuation":  0.21665396046929591,
    "Hour":  0.0000000176381080061663,
    "Hour_Fluctuation":  0.24807574597685195,
    "Day":  0.000000022231258366417,
    "Day_Fluctuation":  0.23971458360944717,
    "ThreeDay":  0.000000022231258366417,
    "ThreeDay_Fluctuation":  0.23971458360944717,
    "Week":  0.000000022231258366417,
    "Week_Fluctuation":  0.23971458360944717,
    "Duration":  "05:35:22.4853224",
    "Updated":  "\/Date(1581326776369)\/",
    "Failed":  0,
    "HashRate_Live":  4376,
    "HashRate_Average":  41637.023539416172,
    "BlockRate_Live":  219,
    "BlockRate_Average":  435.52650251105166,
    "Actual24h_Week":  0.0000212911743925754,
    "Estimate24h_Week":  0.0000203446318980163,
    "ErrorRatio":  1
}
