{
    "Live":  0.00000000000001419569,
    "Minute":  0.00000000000001419569,
    "Minute_Fluctuation":  0,
    "Minute_5":  0.0000000000000148423595452556,
    "Minute_5_Fluctuation":  0.13405652507515273,
    "Minute_10":  0.0000000000000202164978840542,
    "Minute_10_Fluctuation":  0.45082065310507929,
    "Hour":  0.0000000000000761959862757333,
    "Hour_Fluctuation":  0.39507414848690342,
    "Day":  0.0000000000000840986517716968,
    "Day_Fluctuation":  0.74258328626417769,
    "ThreeDay":  0.0000000000000840986517716968,
    "ThreeDay_Fluctuation":  0.74258328626417769,
    "Week":  0.0000000000000840986517716968,
    "Week_Fluctuation":  0.74258328626417769,
    "Duration":  "05:35:22.4853224",
    "Updated":  "\/Date(1581326776012)\/",
    "Failed":  0,
    "HashRate_Live":  1172812,
    "HashRate_Average":  743150379.84677625,
    "BlockRate_Live":  152,
    "BlockRate_Average":  268.38535317472207,
    "Actual24h_Week":  0.0000732475389289346,
    "Estimate24h_Week":  0.0000893286581917155,
    "ErrorRatio":  0.988220150189114
}
