{
    "Live":  0.00000154306063,
    "Minute":  0.00000154306063,
    "Minute_Fluctuation":  0.0078441352366309582,
    "Minute_5":  0.00000152010242296703,
    "Minute_5_Fluctuation":  0.021560161931369681,
    "Minute_10":  0.00000150976671901124,
    "Minute_10_Fluctuation":  0.03470535302622612,
    "Hour":  0.00000147249252405895,
    "Hour_Fluctuation":  0.093658783672331727,
    "Day":  0.00000135512726304313,
    "Day_Fluctuation":  0.12494266711903068,
    "ThreeDay":  0.00000135512726304313,
    "ThreeDay_Fluctuation":  0.12494266711903074,
    "Week":  0.00000135512726304313,
    "Week_Fluctuation":  0.12494266711903068,
    "Duration":  "05:35:22.4853224",
    "Updated":  "\/Date(1581326778066)\/",
    "Failed":  0,
    "HashRate_Live":  0,
    "HashRate_Average":  130.33049032247288,
    "BlockRate_Live":  4,
    "BlockRate_Average":  19.656548245730431,
    "Actual24h_Week":  0.00075725962221662,
    "Estimate24h_Week":  0.00134613136071349,
    "ErrorRatio":  0.971374863859884
}
