{
    "Live":  0.00000001591209,
    "Minute":  0.00000001591209,
    "Minute_Fluctuation":  0.0024620409109551524,
    "Minute_5":  0.0000000156830295555655,
    "Minute_5_Fluctuation":  0.063009142276876443,
    "Minute_10":  0.0000000148561215068889,
    "Minute_10_Fluctuation":  0.12959239172821826,
    "Hour":  0.0000000145766557235665,
    "Hour_Fluctuation":  0.13777824999951493,
    "Day":  0.0000000185542477510546,
    "Day_Fluctuation":  0.18984847474281494,
    "ThreeDay":  0.0000000185542477510546,
    "ThreeDay_Fluctuation":  0.18984847474281494,
    "Week":  0.0000000185542477510546,
    "Week_Fluctuation":  0.18984847474281494,
    "Duration":  "05:35:22.4853224",
    "Updated":  "\/Date(1581326776342)\/",
    "Failed":  0,
    "HashRate_Live":  28286,
    "HashRate_Average":  27605.031206835745,
    "BlockRate_Live":  207,
    "BlockRate_Average":  183.53290243303559,
    "Actual24h_Week":  0.0000192849386308678,
    "Estimate24h_Week":  0.0000187059743889091,
    "ErrorRatio":  1
}
