{
    "Live":  0.00000000000042249994,
    "Minute":  0.00000000000042249994,
    "Minute_Fluctuation":  0.28589035380311789,
    "Minute_5":  0.000000000000345258922968964,
    "Minute_5_Fluctuation":  0.10342410672482297,
    "Minute_10":  0.000000000000332407925988786,
    "Minute_10_Fluctuation":  0.098935863085387793,
    "Hour":  0.000000000000341756060805805,
    "Hour_Fluctuation":  0.12687372299107849,
    "Day":  0.000000000000334229264550551,
    "Day_Fluctuation":  0.12868075433399578,
    "ThreeDay":  0.000000000000334229264550551,
    "ThreeDay_Fluctuation":  0.12868075433399578,
    "Week":  0.000000000000334229264550551,
    "Week_Fluctuation":  0.12868075433399578,
    "Duration":  "05:35:22.4853224",
    "Updated":  "\/Date(1581326776489)\/",
    "Failed":  0,
    "HashRate_Live":  36322272672,
    "HashRate_Average":  92969105710.383987,
    "BlockRate_Live":  53,
    "BlockRate_Average":  68.035106898086809,
    "Actual24h_Week":  0.000309387816412306,
    "Estimate24h_Week":  0.000329691473317536,
    "ErrorRatio":  0.995970224596132
}
