{
    "Live":  0.00000000002375,
    "Minute":  0.00000000002375,
    "Minute_Fluctuation":  0,
    "Minute_5":  0.0000000000236741168553659,
    "Minute_5_Fluctuation":  0.0061966814969391616,
    "Minute_10":  0.0000000000235612923952452,
    "Minute_10_Fluctuation":  0.0076705729096363806,
    "Hour":  0.0000000000232460645460695,
    "Hour_Fluctuation":  0.0093787876963660841,
    "Day":  0.0000000000256225770878105,
    "Day_Fluctuation":  0.073990753141789711,
    "ThreeDay":  0.0000000000273957523843317,
    "ThreeDay_Fluctuation":  0.058993634071259037,
    "Week":  0.0000000000281268717557818,
    "Week_Fluctuation":  0.043385218560002936,
    "Duration":  "7.16:49:39.0682691",
    "Updated":  "\/Date(1581922662151)\/",
    "Failed":  0,
    "HashRate_Live":  627858802,
    "HashRate_Average":  677676786.64629817,
    "BlockRate_Live":  1,
    "BlockRate_Average":  1.0000023285498254,
    "Actual24h_Week":  0.0000180003455585416,
    "Estimate24h_Week":  0.0000268924786689096,
    "ErrorRatio":  0.669344978577665
}
