{
    "Live":  0.00000000054827,
    "Minute":  0.00000000054827,
    "Minute_Fluctuation":  0,
    "Minute_5":  0.000000000533018015869671,
    "Minute_5_Fluctuation":  0.043945025903087062,
    "Minute_10":  0.000000000525266647260128,
    "Minute_10_Fluctuation":  0.047559548595186782,
    "Hour":  0.00000000050107575927013,
    "Hour_Fluctuation":  0.055688648641075852,
    "Day":  0.000000000497347704274369,
    "Day_Fluctuation":  0.1377034700054264,
    "ThreeDay":  0.000000000474149100078966,
    "ThreeDay_Fluctuation":  0.23383646235468697,
    "Week":  0.000000000437590998494581,
    "Week_Fluctuation":  0.33707618401553141,
    "Duration":  "12.07:26:55.1504614",
    "Updated":  "\/Date(1581922660585)\/",
    "Failed":  0,
    "HashRate_Live":  329380,
    "HashRate_Average":  165191.15308234957,
    "BlockRate_Live":  1,
    "BlockRate_Average":  0.99999997319050582,
    "Actual24h_Week":  0.000228945429963013,
    "Estimate24h_Week":  0.000495294787453068,
    "ErrorRatio":  0.462240741802087
}
