{
    "Live":  0.00000000000024474,
    "Minute":  0.00000000000024474,
    "Minute_Fluctuation":  0,
    "Minute_5":  0.000000000000227848614264731,
    "Minute_5_Fluctuation":  0.10752432116419094,
    "Minute_10":  0.00000000000025149682247596,
    "Minute_10_Fluctuation":  0.27457062233285007,
    "Hour":  0.00000000000040228247047319,
    "Hour_Fluctuation":  0.63392725415154627,
    "Day":  0.000000000000275034401253203,
    "Day_Fluctuation":  0.84650724375440911,
    "ThreeDay":  0.000000000000244482475321685,
    "ThreeDay_Fluctuation":  0.78358281344541114,
    "Week":  0.000000000000238481979390279,
    "Week_Fluctuation":  0.74111917569739094,
    "Duration":  "8.10:02:30.5584920",
    "Updated":  "\/Date(1581922660527)\/",
    "Failed":  0,
    "HashRate_Live":  0,
    "HashRate_Average":  38723490.439693019,
    "BlockRate_Live":  6,
    "BlockRate_Average":  5.9095260615110305,
    "Actual24h_Week":  0.000372535367298446,
    "Estimate24h_Week":  0.00024418146976207,
    "ErrorRatio":  1.52564962305061
}
