{
    "Live":  0.00000000000030043307,
    "Minute":  0.00000000000030043307,
    "Minute_Fluctuation":  0.0038227604519726118,
    "Minute_5":  0.000000000000297224120131764,
    "Minute_5_Fluctuation":  0.019598207407090618,
    "Minute_10":  0.000000000000295087726335953,
    "Minute_10_Fluctuation":  0.024940644109833626,
    "Hour":  0.000000000000282259770033116,
    "Hour_Fluctuation":  0.11538353368437508,
    "Day":  0.000000000000234442190218796,
    "Day_Fluctuation":  0.28896541497433964,
    "ThreeDay":  0.000000000000234442190218796,
    "ThreeDay_Fluctuation":  0.28896541497433964,
    "Week":  0.000000000000234442190218796,
    "Week_Fluctuation":  0.2889654149743397,
    "Duration":  "05:35:22.4853224",
    "Updated":  "\/Date(1581326778618)\/",
    "Failed":  0,
    "HashRate_Live":  415294704,
    "HashRate_Average":  170918381.4445461,
    "BlockRate_Live":  140,
    "BlockRate_Average":  57.872506387483071,
    "Actual24h_Week":  0.000143025948462988,
    "Estimate24h_Week":  0.000229862304542511,
    "ErrorRatio":  0.975280019412584
}
