{
    "Live":  0.00000000000106332717,
    "Minute":  0.00000000000106332717,
    "Minute_Fluctuation":  0.047689161217931951,
    "Minute_5":  0.00000000000111987887340093,
    "Minute_5_Fluctuation":  0.07491250656798118,
    "Minute_10":  0.00000000000107457967271076,
    "Minute_10_Fluctuation":  0.13408295903376491,
    "Hour":  0.00000000000103126039481752,
    "Hour_Fluctuation":  0.20938761576688397,
    "Day":  0.000000000000839693463227952,
    "Day_Fluctuation":  0.33567072202550668,
    "ThreeDay":  0.000000000000839693463227952,
    "ThreeDay_Fluctuation":  0.33567072202550668,
    "Week":  0.000000000000839693463227952,
    "Week_Fluctuation":  0.33567072202550668,
    "Duration":  "05:35:22.4853224",
    "Updated":  "\/Date(1581326778673)\/",
    "Failed":  0,
    "HashRate_Live":  869255577,
    "HashRate_Average":  257576863.90091333,
    "BlockRate_Live":  167,
    "BlockRate_Average":  139.94311958103444,
    "Actual24h_Week":  0.000431658765309338,
    "Estimate24h_Week":  0.000870693893624241,
    "ErrorRatio":  0.967005005293503
}
