{
    "Live":  0.00000000000000054643,
    "Minute":  0.00000000000000054643,
    "Minute_Fluctuation":  0,
    "Minute_5":  0.0000000000000005476532410952,
    "Minute_5_Fluctuation":  0.01149093089814718,
    "Minute_10":  0.0000000000000005514057632918,
    "Minute_10_Fluctuation":  0.027048544742636793,
    "Hour":  0.0000000000000006140362213974,
    "Hour_Fluctuation":  0.18053378058895894,
    "Day":  0.0000000000000007802784831628,
    "Day_Fluctuation":  0.20792045525427744,
    "ThreeDay":  0.0000000000000007802784831628,
    "ThreeDay_Fluctuation":  0.20792045525427744,
    "Week":  0.0000000000000007802784831628,
    "Week_Fluctuation":  0.20792045525427744,
    "Duration":  "05:35:22.4853224",
    "Updated":  "\/Date(1581326531282)\/",
    "Failed":  0,
    "HashRate_Live":  0,
    "HashRate_Average":  6115131585.7026691,
    "BlockRate_Live":  0,
    "BlockRate_Average":  3.7312765250559816,
    "Actual24h_Week":  0.000000250826200279785,
    "Estimate24h_Week":  0.000000763283194945586,
    "ErrorRatio":  0.956067490091918
}
