{
    "Live":  0.00000004036,
    "Minute":  0.00000004036,
    "Minute_Fluctuation":  0,
    "Minute_5":  0.0000000400025677573028,
    "Minute_5_Fluctuation":  0.015954379136828088,
    "Minute_10":  0.0000000396999640861732,
    "Minute_10_Fluctuation":  0.028086366449346853,
    "Hour":  0.0000000367548481707931,
    "Hour_Fluctuation":  0.13869852912773944,
    "Day":  0.000000044908298593909,
    "Day_Fluctuation":  0.13557260754139308,
    "ThreeDay":  0.0000000493262341788665,
    "ThreeDay_Fluctuation":  0.15917114970027108,
    "Week":  0.0000000513465031386366,
    "Week_Fluctuation":  0.16331302878485546,
    "Duration":  "12.14:33:07.6331669",
    "Updated":  "\/Date(1581922664196)\/",
    "Failed":  0,
    "HashRate_Live":  78456,
    "HashRate_Average":  71378.92157959711,
    "BlockRate_Live":  142,
    "BlockRate_Average":  142.56394770868519,
    "Actual24h_Week":  0.000045356562999848,
    "Estimate24h_Week":  0.0000469963803822034,
    "ErrorRatio":  0.965107581285636
}
