{
    "Live":  0.00000000000027096923,
    "Minute":  0.00000000000027096923,
    "Minute_Fluctuation":  0.081541525752611879,
    "Minute_5":  0.000000000000246020512390645,
    "Minute_5_Fluctuation":  0.15553812234267536,
    "Minute_10":  0.00000000000026416406305164,
    "Minute_10_Fluctuation":  0.25582211429655721,
    "Hour":  0.00000000000038639078955633,
    "Hour_Fluctuation":  0.6158814843869157,
    "Day":  0.00000000000039040462410646,
    "Day_Fluctuation":  0.62180495013863391,
    "ThreeDay":  0.00000000000039040462410646,
    "ThreeDay_Fluctuation":  0.62180495013863391,
    "Week":  0.00000000000039040462410646,
    "Week_Fluctuation":  0.62180495013863391,
    "Duration":  "01:15:42.7708517",
    "Updated":  "\/Date(1581326776925)\/",
    "Failed":  0,
    "HashRate_Live":  18210661,
    "HashRate_Average":  91808478.2074079,
    "BlockRate_Live":  13,
    "BlockRate_Average":  10.826963744539496,
    "Actual24h_Week":  0.000253077361728294,
    "Estimate24h_Week":  0.000331129235250441,
    "ErrorRatio":  0.996472307319808
}
