{
    "Live":  0.00000000000414,
    "Minute":  0.00000000000414,
    "Minute_Fluctuation":  0,
    "Minute_5":  0.00000000000406961808294973,
    "Minute_5_Fluctuation":  0.038400042435235482,
    "Minute_10":  0.00000000000399530325464291,
    "Minute_10_Fluctuation":  0.065942852573322622,
    "Hour":  0.0000000000038345577219033,
    "Hour_Fluctuation":  0.13252070152905721,
    "Day":  0.0000000000037016248036026,
    "Day_Fluctuation":  0.22240078487786832,
    "ThreeDay":  0.00000000000358753520981288,
    "ThreeDay_Fluctuation":  0.25159383408388852,
    "Week":  0.00000000000351800870461543,
    "Week_Fluctuation":  0.25704855658227155,
    "Duration":  "7.16:49:39.0682691",
    "Updated":  "\/Date(1581922662513)\/",
    "Failed":  0,
    "HashRate_Live":  22333830,
    "HashRate_Average":  27742891.928254575,
    "BlockRate_Live":  41,
    "BlockRate_Average":  39.484318373907684,
    "Actual24h_Week":  0.00000327779443104409,
    "Estimate24h_Week":  0.00000378406879829645,
    "ErrorRatio":  0.866208995068936
}
