{
    "Live":  0.00000000000006147815,
    "Minute":  0.00000000000006147815,
    "Minute_Fluctuation":  0.005646215839633404,
    "Minute_5":  0.0000000000000597659098246883,
    "Minute_5_Fluctuation":  0.0555460853898286,
    "Minute_10":  0.0000000000000570475736259426,
    "Minute_10_Fluctuation":  0.09049237011043032,
    "Hour":  0.0000000000000546849453091595,
    "Hour_Fluctuation":  0.12663664182516363,
    "Day":  0.0000000000000640189406842346,
    "Day_Fluctuation":  0.15017993564541549,
    "ThreeDay":  0.0000000000000640189406842346,
    "ThreeDay_Fluctuation":  0.15017993564541549,
    "Week":  0.0000000000000640189406842346,
    "Week_Fluctuation":  0.15017993564541549,
    "Duration":  "05:35:22.4853224",
    "Updated":  "\/Date(1581326778412)\/",
    "Failed":  0,
    "HashRate_Live":  0,
    "HashRate_Average":  0,
    "BlockRate_Live":  0,
    "BlockRate_Average":  4.0945507464430051,
    "Actual24h_Week":  0.0000014169094614457,
    "Estimate24h_Week":  0.000064473447599672,
    "ErrorRatio":  0.936002424553006
}
