{
    "Live":  0.00000000000025414948,
    "Minute":  0.00000000000025414948,
    "Minute_Fluctuation":  0.0013573019190834786,
    "Minute_5":  0.000000000000254861530632966,
    "Minute_5_Fluctuation":  0.01850889185052923,
    "Minute_10":  0.000000000000260316079255767,
    "Minute_10_Fluctuation":  0.043325449361061218,
    "Hour":  0.000000000000249456524654596,
    "Hour_Fluctuation":  0.13959382589631847,
    "Day":  0.000000000000210286839636096,
    "Day_Fluctuation":  0.18378574137383838,
    "ThreeDay":  0.000000000000210286839636096,
    "ThreeDay_Fluctuation":  0.18378574137383838,
    "Week":  0.000000000000210286839636096,
    "Week_Fluctuation":  0.18378574137383838,
    "Duration":  "05:35:22.4853224",
    "Updated":  "\/Date(1581326776595)\/",
    "Failed":  0,
    "HashRate_Live":  0,
    "HashRate_Average":  2929065584.1361933,
    "BlockRate_Live":  0,
    "BlockRate_Average":  2.914977227514846,
    "Actual24h_Week":  0.0000145243399731512,
    "Estimate24h_Week":  0.000201928239859831,
    "ErrorRatio":  0.939271038333019
}
