{
    "Live":  0.00000069173609,
    "Minute":  0.00000069173609,
    "Minute_Fluctuation":  0.015234295029657915,
    "Minute_5":  0.000000680889829701738,
    "Minute_5_Fluctuation":  0.011284608547482006,
    "Minute_10":  0.000000680615025285247,
    "Minute_10_Fluctuation":  0.021544683061279074,
    "Hour":  0.00000071543762017231,
    "Hour_Fluctuation":  0.10427747521567811,
    "Day":  0.000000642372451824967,
    "Day_Fluctuation":  0.14174848652944894,
    "ThreeDay":  0.000000642372451824967,
    "ThreeDay_Fluctuation":  0.14174848652944894,
    "Week":  0.000000642372451824967,
    "Week_Fluctuation":  0.14174848652944894,
    "Duration":  "05:35:22.4853224",
    "Updated":  "\/Date(1581326778610)\/",
    "Failed":  0,
    "HashRate_Live":  62,
    "HashRate_Average":  1411.4510685925586,
    "BlockRate_Live":  66,
    "BlockRate_Average":  86.147046394496968,
    "Actual24h_Week":  0.00041400328005882,
    "Estimate24h_Week":  0.000643477879293179,
    "ErrorRatio":  0.976664597872855
}
