{
    "Live":  0.00000000000150336,
    "Minute":  0.00000000000150336,
    "Minute_Fluctuation":  0,
    "Minute_5":  0.00000000000146195415421408,
    "Minute_5_Fluctuation":  0.12707706153667681,
    "Minute_10":  0.00000000000132235711048545,
    "Minute_10_Fluctuation":  0.25360792641647473,
    "Hour":  0.00000000000104561371709231,
    "Hour_Fluctuation":  0.254411976175158,
    "Day":  0.000000000000987778084752416,
    "Day_Fluctuation":  0.29451136479189205,
    "ThreeDay":  0.000000000000987778084752416,
    "ThreeDay_Fluctuation":  0.29451136479189205,
    "Week":  0.000000000000987778084752416,
    "Week_Fluctuation":  0.29451136479189205,
    "Duration":  "04:34:08.0131682",
    "Updated":  "\/Date(1581326216227)\/",
    "Failed":  0,
    "HashRate_Live":  0,
    "HashRate_Average":  273131.16903863091,
    "BlockRate_Live":  11,
    "BlockRate_Average":  6.5192328163340623,
    "Actual24h_Week":  0.000000401626751708012,
    "Estimate24h_Week":  0.00000105027424701812,
    "ErrorRatio":  0.966864641200599
}
