{
    "Live":  0.00000002528703,
    "Minute":  0.00000002528703,
    "Minute_Fluctuation":  0.01186873699725997,
    "Minute_5":  0.0000000256684456779884,
    "Minute_5_Fluctuation":  0.03733774541483928,
    "Minute_10":  0.0000000271050411767571,
    "Minute_10_Fluctuation":  0.10495874124043977,
    "Hour":  0.0000000314066265797159,
    "Hour_Fluctuation":  0.14069646165136576,
    "Day":  0.0000000310618705545023,
    "Day_Fluctuation":  0.14659554515526729,
    "ThreeDay":  0.0000000310618705545023,
    "ThreeDay_Fluctuation":  0.14659554515526729,
    "Week":  0.0000000310618705545023,
    "Week_Fluctuation":  0.14659554515526729,
    "Duration":  "05:35:22.4853224",
    "Updated":  "\/Date(1581326778057)\/",
    "Failed":  0,
    "HashRate_Live":  20230,
    "HashRate_Average":  58378.095094758537,
    "BlockRate_Live":  10,
    "BlockRate_Average":  12.023759890733666,
    "Actual24h_Week":  0.0000315029217427247,
    "Estimate24h_Week":  0.000035562629700293,
    "ErrorRatio":  0.992530092631329
}
