{
    "Live":  0.00000000000000001489174694,
    "Minute":  0.00000000000000001489174694,
    "Minute_Fluctuation":  0.0020308253844851963,
    "Minute_5":  0.0000000000000000159475268939,
    "Minute_5_Fluctuation":  0.065919574091760233,
    "Minute_10":  0.0000000000000000161955923041,
    "Minute_10_Fluctuation":  0.05580073844305164,
    "Hour":  0.000000000000000016650416895,
    "Hour_Fluctuation":  0.061784695477648116,
    "Day":  0.0000000000000000174727939862,
    "Day_Fluctuation":  0.071307960825380545,
    "ThreeDay":  0.0000000000000000174727939862,
    "ThreeDay_Fluctuation":  0.071307960825380545,
    "Week":  0.0000000000000000174727939862,
    "Week_Fluctuation":  0.071307960825380545,
    "Duration":  "05:35:22.4853224",
    "Updated":  "\/Date(1581326776624)\/",
    "Failed":  0,
    "HashRate_Live":  405519679533090,
    "HashRate_Average":  123743690254480.23,
    "BlockRate_Live":  74,
    "BlockRate_Average":  35.5621861018112,
    "Actual24h_Week":  0.0161931011992252,
    "Estimate24h_Week":  0.0169348585704508,
    "ErrorRatio":  0.997133878560286
}
