{
    "Live":  0.00000000000038359,
    "Minute":  0.00000000000038359,
    "Minute_Fluctuation":  1.3161734647447734E-16,
    "Minute_5":  0.000000000000383660028343441,
    "Minute_5_Fluctuation":  0.00068442379985769817,
    "Minute_10":  0.00000000000038405618592978,
    "Minute_10_Fluctuation":  0.0041456495384791375,
    "Hour":  0.000000000000375578210528958,
    "Hour_Fluctuation":  0.054098273379796,
    "Day":  0.000000000000365032964392002,
    "Day_Fluctuation":  0.20240233527929605,
    "ThreeDay":  0.000000000000347212430334855,
    "ThreeDay_Fluctuation":  0.34012507917567991,
    "Week":  0.000000000000335602807753073,
    "Week_Fluctuation":  0.51095192330411887,
    "Duration":  "12.21:12:50.8903683",
    "Updated":  "\/Date(1581922660261)\/",
    "Failed":  0,
    "HashRate_Live":  25082609,
    "HashRate_Average":  29674004.305395886,
    "BlockRate_Live":  2,
    "BlockRate_Average":  2.4897027575380997,
    "Actual24h_Week":  0.000134700682769741,
    "Estimate24h_Week":  0.000375115265057374,
    "ErrorRatio":  0.359091445529785
}
