{
    "Live":  0.000000000000013,
    "Minute":  0.000000000000013,
    "Minute_Fluctuation":  2.4272643237569594E-16,
    "Minute_5":  0.000000000000012998996356772,
    "Minute_5_Fluctuation":  0.0017786499406551829,
    "Minute_10":  0.0000000000000129663771578603,
    "Minute_10_Fluctuation":  0.0056499439940464052,
    "Hour":  0.0000000000000128018618285302,
    "Hour_Fluctuation":  0.0085449913610976189,
    "Day":  0.0000000000000116774899983317,
    "Day_Fluctuation":  0.059275895701260482,
    "ThreeDay":  0.0000000000000108406280864236,
    "ThreeDay_Fluctuation":  0.10881069343752142,
    "Week":  0.000000000000010222342224699,
    "Week_Fluctuation":  0.12070461098606822,
    "Duration":  "12.21:12:50.8903683",
    "Updated":  "\/Date(1581922661775)\/",
    "Failed":  0,
    "HashRate_Live":  1290416987643,
    "HashRate_Average":  1355739417183.5811,
    "BlockRate_Live":  145,
    "BlockRate_Average":  139.19296910358736,
    "Actual24h_Week":  0.0000108753605195319,
    "Estimate24h_Week":  0.0000112324036723163,
    "ErrorRatio":  0.96821311242006
}
