{
    "Live":  0.00000000000204583,
    "Minute":  0.00000000000204583,
    "Minute_Fluctuation":  0.17814774716668194,
    "Minute_5":  0.00000000000168124868377319,
    "Minute_5_Fluctuation":  0.2691362323491478,
    "Minute_10":  0.00000000000146727169319742,
    "Minute_10_Fluctuation":  0.50653677838064359,
    "Hour":  0.000000000000975959533822235,
    "Hour_Fluctuation":  0.82860808269545028,
    "Day":  0.000000000000743884048059304,
    "Day_Fluctuation":  0.672696847516689,
    "ThreeDay":  0.000000000000743884048059304,
    "ThreeDay_Fluctuation":  0.672696847516689,
    "Week":  0.000000000000743884048059304,
    "Week_Fluctuation":  0.672696847516689,
    "Duration":  "05:24:49.2759138",
    "Updated":  "\/Date(1581326777279)\/",
    "Failed":  0,
    "HashRate_Live":  0,
    "HashRate_Average":  238874706.97096005,
    "BlockRate_Live":  21,
    "BlockRate_Average":  22.39513554067997,
    "Actual24h_Week":  0.000000308426109960496,
    "Estimate24h_Week":  0.000000625607922455434,
    "ErrorRatio":  0.96785114244655
}
