{
    "Live":  0.00000000000001105952,
    "Minute":  0.00000000000001105952,
    "Minute_Fluctuation":  0,
    "Minute_5":  0.0000000000000122667796637464,
    "Minute_5_Fluctuation":  0.24036970950106382,
    "Minute_10":  0.0000000000000155474955636236,
    "Minute_10_Fluctuation":  0.40633830361987255,
    "Hour":  0.0000000000000184215249795359,
    "Hour_Fluctuation":  0.44170247202239388,
    "Day":  0.0000000000000164892261975439,
    "Day_Fluctuation":  0.33268600904559725,
    "ThreeDay":  0.0000000000000164892261975439,
    "ThreeDay_Fluctuation":  0.33268600904559725,
    "Week":  0.0000000000000164892261975439,
    "Week_Fluctuation":  0.33268600904559725,
    "Duration":  "05:35:22.4853224",
    "Updated":  "\/Date(1581326216700)\/",
    "Failed":  0,
    "HashRate_Live":  0,
    "HashRate_Average":  126626875.17900492,
    "BlockRate_Live":  11,
    "BlockRate_Average":  9.56378443538637,
    "Actual24h_Week":  0.00000454184239306017,
    "Estimate24h_Week":  0.0000163818935429965,
    "ErrorRatio":  0.952706247936093
}
