{
    "Live":  0.00000000268,
    "Minute":  0.00000000268,
    "Minute_Fluctuation":  1.5432474114795292E-16,
    "Minute_5":  0.00000000268815577319327,
    "Minute_5_Fluctuation":  0.0095375919920777236,
    "Minute_10":  0.00000000266955816441301,
    "Minute_10_Fluctuation":  0.021967697983953833,
    "Hour":  0.000000002418099106288,
    "Hour_Fluctuation":  0.11573202089321057,
    "Day":  0.00000000242369222807588,
    "Day_Fluctuation":  0.13164971650168866,
    "ThreeDay":  0.00000000310439465561338,
    "ThreeDay_Fluctuation":  0.40319907058072096,
    "Week":  0.00000000590180467064722,
    "Week_Fluctuation":  0.66407138637916419,
    "Duration":  "12.21:12:50.8903683",
    "Updated":  "\/Date(1581922536986)\/",
    "Failed":  0,
    "HashRate_Live":  0,
    "HashRate_Average":  168.16381751243222,
    "BlockRate_Live":  3,
    "BlockRate_Average":  3.0537894957856677,
    "Actual24h_Week":  0.00000293069251558684,
    "Estimate24h_Week":  0.0000025518713262444,
    "ErrorRatio":  1.14844838979399
}
