{
    "Live":  0.00000000000000083617,
    "Minute":  0.00000000000000083617,
    "Minute_Fluctuation":  0,
    "Minute_5":  0.0000000000000010208347818758,
    "Minute_5_Fluctuation":  0.39315061609317137,
    "Minute_10":  0.0000000000000014534652128569,
    "Minute_10_Fluctuation":  0.59746575402678737,
    "Hour":  0.0000000000000014857063672809,
    "Hour_Fluctuation":  0.56652272128328141,
    "Day":  0.0000000000000011617418118347,
    "Day_Fluctuation":  0.50500929759050006,
    "ThreeDay":  0.0000000000000011617418118347,
    "ThreeDay_Fluctuation":  0.5050092975905,
    "Week":  0.0000000000000011617418118347,
    "Week_Fluctuation":  0.50500929759050006,
    "Duration":  "05:35:22.4853224",
    "Updated":  "\/Date(1581326529099)\/",
    "Failed":  0,
    "HashRate_Live":  0,
    "HashRate_Average":  128560153700.73268,
    "BlockRate_Live":  32,
    "BlockRate_Average":  35.951014724042572,
    "Actual24h_Week":  0.000000475006594450375,
    "Estimate24h_Week":  0.000000958097438566443,
    "ErrorRatio":  0.96700611787795
}
