{
    "Live":  0.00000000000038059,
    "Minute":  0.00000000000038059,
    "Minute_Fluctuation":  0.081559578277302619,
    "Minute_5":  0.000000000000387131751316587,
    "Minute_5_Fluctuation":  0.28558446997754483,
    "Minute_10":  0.000000000000516414077522491,
    "Minute_10_Fluctuation":  0.55819334224964556,
    "Hour":  0.000000000000553555460662664,
    "Hour_Fluctuation":  0.60295583711788858,
    "Day":  0.000000000000553555460662664,
    "Day_Fluctuation":  0.60295583711788858,
    "ThreeDay":  0.000000000000553555460662664,
    "ThreeDay_Fluctuation":  0.60295583711788858,
    "Week":  0.000000000000553555460662664,
    "Week_Fluctuation":  0.60295583711788858,
    "Duration":  "00:17:49.1752682",
    "Updated":  "\/Date(1581326776986)\/",
    "Failed":  0,
    "HashRate_Live":  0,
    "HashRate_Average":  190349150.54431704,
    "BlockRate_Live":  12,
    "BlockRate_Average":  13.701272198890722,
    "Actual24h_Week":  0.000000546493791332532,
    "Estimate24h_Week":  0.00000103284805528016,
    "ErrorRatio":  0.998336589789929
}
