{
    "Live":  0.00000000000023146,
    "Minute":  0.00000000000023146,
    "Minute_Fluctuation":  2.1812450502957209E-16,
    "Minute_5":  0.000000000000231665954684774,
    "Minute_5_Fluctuation":  0.001287459410052934,
    "Minute_10":  0.000000000000231555581509813,
    "Minute_10_Fluctuation":  0.0069061331228043249,
    "Hour":  0.000000000000223646749743486,
    "Hour_Fluctuation":  0.10366044911982757,
    "Day":  0.000000000000239997068065915,
    "Day_Fluctuation":  0.092275192195014774,
    "ThreeDay":  0.000000000000239565730615747,
    "ThreeDay_Fluctuation":  0.11286736966644645,
    "Week":  0.000000000000232346419689308,
    "Week_Fluctuation":  0.1378565973161151,
    "Duration":  "12.21:12:50.8903683",
    "Updated":  "\/Date(1581922662027)\/",
    "Failed":  0,
    "HashRate_Live":  1065610019,
    "HashRate_Average":  1016694586.5304046,
    "BlockRate_Live":  22,
    "BlockRate_Average":  21.85787756694393,
    "Actual24h_Week":  0.000242266079017943,
    "Estimate24h_Week":  0.000257078033452078,
    "ErrorRatio":  0.942383430294536
}
