{
    "Live":  0.0000000000134697,
    "Minute":  0.0000000000134697,
    "Minute_Fluctuation":  0.041046542671531551,
    "Minute_5":  0.0000000000136402200287909,
    "Minute_5_Fluctuation":  0.087041426228114185,
    "Minute_10":  0.0000000000129823163493149,
    "Minute_10_Fluctuation":  0.1603032591243,
    "Hour":  0.0000000000109119654724087,
    "Hour_Fluctuation":  0.21295153932280964,
    "Day":  0.00000000000867017968791344,
    "Day_Fluctuation":  0.22328376935932506,
    "ThreeDay":  0.00000000000867017968791344,
    "ThreeDay_Fluctuation":  0.22328376935932506,
    "Week":  0.00000000000867017968791344,
    "Week_Fluctuation":  0.22328376935932503,
    "Duration":  "05:35:22.4853224",
    "Updated":  "\/Date(1581326778162)\/",
    "Failed":  0,
    "HashRate_Live":  67553461,
    "HashRate_Average":  48889776.551024273,
    "BlockRate_Live":  414,
    "BlockRate_Average":  312.52180516050419,
    "Actual24h_Week":  0.00000845912099647968,
    "Estimate24h_Week":  0.0000088271483876967,
    "ErrorRatio":  0.997271813805597
}
