{
    "Live":  0.00000000000017741167,
    "Minute":  0.00000000000017741167,
    "Minute_Fluctuation":  0.1599995662966269,
    "Minute_5":  0.000000000000208604984224848,
    "Minute_5_Fluctuation":  0.11193396774940875,
    "Minute_10":  0.000000000000216958672802924,
    "Minute_10_Fluctuation":  0.14061244492107586,
    "Hour":  0.00000000000021952894281378,
    "Hour_Fluctuation":  0.299392330143953,
    "Day":  0.000000000000190787242174668,
    "Day_Fluctuation":  0.40130611068967681,
    "ThreeDay":  0.000000000000190787242174668,
    "ThreeDay_Fluctuation":  0.40130611068967681,
    "Week":  0.000000000000190787242174668,
    "Week_Fluctuation":  0.40130611068967681,
    "Duration":  "03:29:34.2734362",
    "Updated":  "\/Date(1581326777777)\/",
    "Failed":  0,
    "HashRate_Live":  145721082,
    "HashRate_Average":  311586265.19136024,
    "BlockRate_Live":  299,
    "BlockRate_Average":  326.93219261021221,
    "Actual24h_Week":  0.000169727624469925,
    "Estimate24h_Week":  0.000245482997695112,
    "ErrorRatio":  0.987301429227619
}
