{
    "Live":  0.00000000000001274321,
    "Minute":  0.00000000000001274321,
    "Minute_Fluctuation":  0.081541614859388212,
    "Minute_5":  0.0000000000000115269859908177,
    "Minute_5_Fluctuation":  0.15421393521225696,
    "Minute_10":  0.0000000000000117735134229428,
    "Minute_10_Fluctuation":  0.23522862411442275,
    "Hour":  0.0000000000000112701363408569,
    "Hour_Fluctuation":  0.40637480818287608,
    "Day":  0.0000000000000122853616339719,
    "Day_Fluctuation":  0.46649514941760617,
    "ThreeDay":  0.0000000000000122853616339719,
    "ThreeDay_Fluctuation":  0.46649514941760617,
    "Week":  0.0000000000000122853616339719,
    "Week_Fluctuation":  0.46649514941760634,
    "Duration":  "05:35:22.4853224",
    "Updated":  "\/Date(1581326777008)\/",
    "Failed":  0,
    "HashRate_Live":  0,
    "HashRate_Average":  65824035.217982844,
    "BlockRate_Live":  3,
    "BlockRate_Average":  3.6459045635139162,
    "Actual24h_Week":  0.00000203225359243391,
    "Estimate24h_Week":  0.0000108610670840892,
    "ErrorRatio":  0.946808267320175
}
