{
    "Live":  0.00000000000000078265,
    "Minute":  0.00000000000000078265,
    "Minute_Fluctuation":  1.2599196723008556E-16,
    "Minute_5":  0.0000000000000007816923881701,
    "Minute_5_Fluctuation":  0.0025161457983128395,
    "Minute_10":  0.0000000000000007787004934314,
    "Minute_10_Fluctuation":  0.011138591770811449,
    "Hour":  0.0000000000000007151463562652,
    "Hour_Fluctuation":  0.090632034829358429,
    "Day":  0.0000000000000005994882511951,
    "Day_Fluctuation":  0.09374107264042382,
    "ThreeDay":  0.000000000000000541796809957,
    "ThreeDay_Fluctuation":  0.15462438615818225,
    "Week":  0.0000000000000005253051376649,
    "Week_Fluctuation":  0.14113749935685607,
    "Duration":  "12.21:12:50.8903683",
    "Updated":  "\/Date(1581922661823)\/",
    "Failed":  0,
    "HashRate_Live":  1222286784079,
    "HashRate_Average":  1290177945951.9238,
    "BlockRate_Live":  52,
    "BlockRate_Average":  49.856201636256664,
    "Actual24h_Week":  0.000549548501165942,
    "Estimate24h_Week":  0.000586299532852186,
    "ErrorRatio":  0.937316969182185
}
