{
    "Live":  0.00000000000000000000091176,
    "Minute":  0.00000000000000000000091176,
    "Minute_Fluctuation":  0,
    "Minute_5":  0.0000000000000000000009326358,
    "Minute_5_Fluctuation":  0.004925483083629772,
    "Minute_10":  0.0000000000000000000009875987,
    "Minute_10_Fluctuation":  0.014758362437779639,
    "Hour":  0.0000000000000000000012256472,
    "Hour_Fluctuation":  0.021909316682077573,
    "Day":  0.0000000000000000000012888496,
    "Day_Fluctuation":  0.017798644840157429,
    "ThreeDay":  0.0000000000000000000012888496,
    "ThreeDay_Fluctuation":  0.017798644840157429,
    "Week":  0.0000000000000000000012888496,
    "Week_Fluctuation":  0.017798644840157429,
    "Duration":  "05:35:22.4853224",
    "Updated":  "\/Date(1581326531078)\/",
    "Failed":  0,
    "HashRate_Live":  0,
    "HashRate_Average":  0,
    "BlockRate_Live":  0,
    "BlockRate_Average":  0.10662044791830605,
    "Actual24h_Week":  0,
    "Estimate24h_Week":  0.0000012713226101452,
    "ErrorRatio":  0.934564369549707
}
