{
    "Live":  0.00000000169147,
    "Minute":  0.00000000169147,
    "Minute_Fluctuation":  0.0016644140023254559,
    "Minute_5":  0.00000000161683095288322,
    "Minute_5_Fluctuation":  0.090487969374538291,
    "Minute_10":  0.00000000151386712963029,
    "Minute_10_Fluctuation":  0.11456314674066016,
    "Hour":  0.00000000141737485389377,
    "Hour_Fluctuation":  0.096770378494410447,
    "Day":  0.00000000148557972340432,
    "Day_Fluctuation":  0.082842206589188755,
    "ThreeDay":  0.00000000148557972340432,
    "ThreeDay_Fluctuation":  0.082842206589188755,
    "Week":  0.00000000148557972340432,
    "Week_Fluctuation":  0.082842206589188755,
    "Duration":  "04:47:15.5020348",
    "Updated":  "\/Date(1581326775143)\/",
    "Failed":  0,
    "HashRate_Live":  102683,
    "HashRate_Average":  128651.85979952505,
    "BlockRate_Live":  4,
    "BlockRate_Average":  11.508819252505777,
    "Actual24h_Week":  0.00000137173067270026,
    "Estimate24h_Week":  0.00000145223736090149,
    "ErrorRatio":  0.9968853893394
}
