{
    "Live":  0.00000000029316,
    "Minute":  0.00000000029316,
    "Minute_Fluctuation":  0.0013625834582368826,
    "Minute_5":  0.000000000312180299298815,
    "Minute_5_Fluctuation":  0.1104791320931708,
    "Minute_10":  0.000000000355972820815958,
    "Minute_10_Fluctuation":  0.20108845312277204,
    "Hour":  0.000000000605459575750098,
    "Hour_Fluctuation":  0.334736251585679,
    "Day":  0.00000000089234188671379,
    "Day_Fluctuation":  0.24136730436212006,
    "ThreeDay":  0.00000000089234188671379,
    "ThreeDay_Fluctuation":  0.24136730436212006,
    "Week":  0.00000000089234188671379,
    "Week_Fluctuation":  0.24136730436212006,
    "Duration":  "05:35:22.4853224",
    "Updated":  "\/Date(1581326778821)\/",
    "Failed":  0,
    "HashRate_Live":  0,
    "HashRate_Average":  10139.155698943252,
    "BlockRate_Live":  0,
    "BlockRate_Average":  1.5771354081576312,
    "Actual24h_Week":  0.000000863200329626072,
    "Estimate24h_Week":  0.000000818427035019744,
    "ErrorRatio":  1
}
