{
    "Live":  0.00000000000034223534,
    "Minute":  0.00000000000034223534,
    "Minute_Fluctuation":  0,
    "Minute_5":  0.000000000000341439479709764,
    "Minute_5_Fluctuation":  0.0240256020710292,
    "Minute_10":  0.000000000000326564723483166,
    "Minute_10_Fluctuation":  0.13297205054644276,
    "Hour":  0.000000000000262770145849668,
    "Hour_Fluctuation":  0.44285812674323821,
    "Day":  0.000000000000242666644911404,
    "Day_Fluctuation":  0.53946156473475249,
    "ThreeDay":  0.000000000000242666644911404,
    "ThreeDay_Fluctuation":  0.53946156473475249,
    "Week":  0.000000000000242666644911404,
    "Week_Fluctuation":  0.53946156473475249,
    "Duration":  "05:35:22.4853224",
    "Updated":  "\/Date(1581326531227)\/",
    "Failed":  0,
    "HashRate_Live":  0,
    "HashRate_Average":  115865534.25858438,
    "BlockRate_Live":  0,
    "BlockRate_Average":  5.2746667450906344,
    "Actual24h_Week":  0.0000282203472734972,
    "Estimate24h_Week":  0.000263287461816457,
    "ErrorRatio":  0.941578057944237
}
