{
    "Live":  0.0000000000000127432,
    "Minute":  0.0000000000000127432,
    "Minute_Fluctuation":  0,
    "Minute_5":  0.0000000000000131136185542795,
    "Minute_5_Fluctuation":  0.085913912623536634,
    "Minute_10":  0.0000000000000142240853535684,
    "Minute_10_Fluctuation":  0.1572608148069968,
    "Hour":  0.0000000000000141028904704467,
    "Hour_Fluctuation":  0.20565897488204832,
    "Day":  0.0000000000000135341420574086,
    "Day_Fluctuation":  0.16769737669816778,
    "ThreeDay":  0.0000000000000135341420574086,
    "ThreeDay_Fluctuation":  0.16769737669816778,
    "Week":  0.0000000000000135341420574086,
    "Week_Fluctuation":  0.16769737669816778,
    "Duration":  "05:35:22.4853224",
    "Updated":  "\/Date(1581326219086)\/",
    "Failed":  0,
    "HashRate_Live":  0,
    "HashRate_Average":  247691323.2164028,
    "BlockRate_Live":  13,
    "BlockRate_Average":  7.3161779898103925,
    "Actual24h_Week":  0.00000121470431349168,
    "Estimate24h_Week":  0.0000141500591835304,
    "ErrorRatio":  0.940181656483498
}
