{
    "Live":  0.00000000000000117731,
    "Minute":  0.00000000000000117731,
    "Minute_Fluctuation":  0,
    "Minute_5":  0.0000000000000012225152477667,
    "Minute_5_Fluctuation":  0.11611404416466856,
    "Minute_10":  0.0000000000000013370006600933,
    "Minute_10_Fluctuation":  0.20212549470655125,
    "Hour":  0.0000000000000021087792437147,
    "Hour_Fluctuation":  0.38983642675601626,
    "Day":  0.0000000000000020915291236678,
    "Day_Fluctuation":  0.11155567683532801,
    "ThreeDay":  0.0000000000000020915291236678,
    "ThreeDay_Fluctuation":  0.11155567683532795,
    "Week":  0.0000000000000020915291236678,
    "Week_Fluctuation":  0.11155567683532795,
    "Duration":  "05:25:29.1215855",
    "Updated":  "\/Date(1581326778193)\/",
    "Failed":  0,
    "HashRate_Live":  93824992,
    "HashRate_Average":  202157287677.21893,
    "BlockRate_Live":  113,
    "BlockRate_Average":  100.11439851168129,
    "Actual24h_Week":  0.000000822351185468652,
    "Estimate24h_Week":  0.0993046741985564,
    "ErrorRatio":  0.936462755575741
}
