{
    "Live":  0.00000000000000052934,
    "Minute":  0.00000000000000052934,
    "Minute_Fluctuation":  0,
    "Minute_5":  0.0000000000000005368002764345,
    "Minute_5_Fluctuation":  0.049599412469558839,
    "Minute_10":  0.0000000000000005510874612371,
    "Minute_10_Fluctuation":  0.089122661354235785,
    "Hour":  0.0000000000000004990768678118,
    "Hour_Fluctuation":  0.16712671646825253,
    "Day":  0.0000000000000004644208984544,
    "Day_Fluctuation":  0.16616080457754884,
    "ThreeDay":  0.0000000000000004644208984544,
    "ThreeDay_Fluctuation":  0.16616080457754884,
    "Week":  0.0000000000000004644208984544,
    "Week_Fluctuation":  0.16616080457754884,
    "Duration":  "05:35:22.4853224",
    "Updated":  "\/Date(1581326778650)\/",
    "Failed":  0,
    "HashRate_Live":  2114651131283,
    "HashRate_Average":  496019048227.34705,
    "BlockRate_Live":  154,
    "BlockRate_Average":  114.65775009432022,
    "Actual24h_Week":  0.000000100830193281679,
    "Estimate24h_Week":  0.000000464389567772554,
    "ErrorRatio":  0.948772025629188
}
