{
    "Live":  0.00000000000023768259,
    "Minute":  0.00000000000023768259,
    "Minute_Fluctuation":  0,
    "Minute_5":  0.000000000000236413759177497,
    "Minute_5_Fluctuation":  0.020151528935965578,
    "Minute_10":  0.000000000000232757781420918,
    "Minute_10_Fluctuation":  0.04066900405989754,
    "Hour":  0.000000000000225428180028245,
    "Hour_Fluctuation":  0.066568505601492051,
    "Day":  0.00000000000025563998887303,
    "Day_Fluctuation":  0.14279823090260038,
    "ThreeDay":  0.00000000000025563998887303,
    "ThreeDay_Fluctuation":  0.14279823090260041,
    "Week":  0.00000000000025563998887303,
    "Week_Fluctuation":  0.14279823090260038,
    "Duration":  "05:35:22.4853224",
    "Updated":  "\/Date(1581326778479)\/",
    "Failed":  0,
    "HashRate_Live":  970319012,
    "HashRate_Average":  999090624.68293285,
    "BlockRate_Live":  1,
    "BlockRate_Average":  0.39966717590726158,
    "Actual24h_Week":  0.000266037724034079,
    "Estimate24h_Week":  0.000252291262492333,
    "ErrorRatio":  1
}
