{
    "Live":  0.00000000000001837762,
    "Minute":  0.00000000000001837762,
    "Minute_Fluctuation":  0,
    "Minute_5":  0.0000000000000178452033689457,
    "Minute_5_Fluctuation":  0.13136971062206898,
    "Minute_10":  0.0000000000000159482779227228,
    "Minute_10_Fluctuation":  0.26326721264777808,
    "Hour":  0.0000000000000142455092155315,
    "Hour_Fluctuation":  0.27351285348472942,
    "Day":  0.0000000000000142455092155315,
    "Day_Fluctuation":  0.27351285348472942,
    "ThreeDay":  0.0000000000000142455092155315,
    "ThreeDay_Fluctuation":  0.27351285348472942,
    "Week":  0.0000000000000142455092155315,
    "Week_Fluctuation":  0.27351285348472948,
    "Duration":  "00:24:17.0811155",
    "Updated":  "\/Date(1580837074515)\/",
    "Failed":  0,
    "HashRate_Live":  0,
    "HashRate_Average":  0,
    "BlockRate_Live":  3,
    "BlockRate_Average":  18.800714400373941,
    "Actual24h_Week":  0.00000263995413535133,
    "Estimate24h_Week":  0.0000132364713291066,
    "ErrorRatio":  0.996147262667383
}
