{
    "Live":  0.00000000624449,
    "Minute":  0.00000000624449,
    "Minute_Fluctuation":  0.0036162063905599124,
    "Minute_5":  0.00000000622151526068612,
    "Minute_5_Fluctuation":  0.013424686192399241,
    "Minute_10":  0.00000000616045379107168,
    "Minute_10_Fluctuation":  0.022657609807902251,
    "Hour":  0.0000000059333664340253,
    "Hour_Fluctuation":  0.08397740313542866,
    "Day":  0.00000000504354261961277,
    "Day_Fluctuation":  0.17761596858781165,
    "ThreeDay":  0.00000000504354261961277,
    "ThreeDay_Fluctuation":  0.17761596858781165,
    "Week":  0.00000000504354261961277,
    "Week_Fluctuation":  0.17761596858781165,
    "Duration":  "05:35:22.4853224",
    "Updated":  "\/Date(1581326777572)\/",
    "Failed":  0,
    "HashRate_Live":  0,
    "HashRate_Average":  478574.72418832569,
    "BlockRate_Live":  3,
    "BlockRate_Average":  4.975038272103264,
    "Actual24h_Week":  0.00000236768155333267,
    "Estimate24h_Week":  0.00000504682035023566,
    "ErrorRatio":  0.965263051966769
}
