{
    "Live":  0.00000000000000000681048808,
    "Minute":  0.00000000000000000681048808,
    "Minute_Fluctuation":  0.17792133251800021,
    "Minute_5":  0.0000000000000000060090493868,
    "Minute_5_Fluctuation":  0.14145893449406088,
    "Minute_10":  0.000000000000000006206595609,
    "Minute_10_Fluctuation":  0.2449403277243998,
    "Hour":  0.0000000000000000064312065336,
    "Hour_Fluctuation":  0.36751791042114867,
    "Day":  0.0000000000000000076622482738,
    "Day_Fluctuation":  0.42410545538364763,
    "ThreeDay":  0.0000000000000000076622482738,
    "ThreeDay_Fluctuation":  0.42410545538364763,
    "Week":  0.0000000000000000076622482738,
    "Week_Fluctuation":  0.42410545538364763,
    "Duration":  "05:35:22.4853224",
    "Updated":  "\/Date(1581326777152)\/",
    "Failed":  0,
    "HashRate_Live":  0,
    "HashRate_Average":  84979279269.14856,
    "BlockRate_Live":  15,
    "BlockRate_Average":  12.750507823934687,
    "Actual24h_Week":  0.00266745464353899,
    "Estimate24h_Week":  0.00719120035873365,
    "ErrorRatio":  0.958836614458799
}
