{
    "Live":  0.0000000000000013,
    "Minute":  0.0000000000000013,
    "Minute_Fluctuation":  1.5170402023480997E-16,
    "Minute_5":  0.0000000000000014228498088526,
    "Minute_5_Fluctuation":  0.28897508908871167,
    "Minute_10":  0.0000000000000023086578526658,
    "Minute_10_Fluctuation":  0.56195410344726293,
    "Hour":  0.0000000000000058980210612081,
    "Hour_Fluctuation":  0.589779105827324,
    "Day":  0.000000000000009658027178437,
    "Day_Fluctuation":  0.71298450133259383,
    "ThreeDay":  0.0000000000000091454968734243,
    "ThreeDay_Fluctuation":  0.73656570436818214,
    "Week":  0.0000000000000089176687334132,
    "Week_Fluctuation":  0.73525108061865285,
    "Duration":  "9.17:35:11.1719013",
    "Updated":  "\/Date(1581922661868)\/",
    "Failed":  0,
    "HashRate_Live":  2115483278,
    "HashRate_Average":  1960213935.4502192,
    "BlockRate_Live":  10,
    "BlockRate_Average":  10.293510352584798,
    "Actual24h_Week":  0.0000108015111361389,
    "Estimate24h_Week":  0.00000958870244074154,
    "ErrorRatio":  1.12648308808127
}
