{
    "Live":  0.00000000000211429,
    "Minute":  0.00000000000211429,
    "Minute_Fluctuation":  0.0099367364236178646,
    "Minute_5":  0.00000000000214824376026536,
    "Minute_5_Fluctuation":  0.02800766724061534,
    "Minute_10":  0.00000000000220642206994987,
    "Minute_10_Fluctuation":  0.048466407862156904,
    "Hour":  0.00000000000241593931244769,
    "Hour_Fluctuation":  0.082072547437595539,
    "Day":  0.00000000000253879492162943,
    "Day_Fluctuation":  0.11793060958103496,
    "ThreeDay":  0.00000000000253879492162943,
    "ThreeDay_Fluctuation":  0.11793060958103496,
    "Week":  0.00000000000253879492162943,
    "Week_Fluctuation":  0.11793060958103496,
    "Duration":  "05:35:22.4853224",
    "Updated":  "\/Date(1581326778025)\/",
    "Failed":  0,
    "HashRate_Live":  1367242709,
    "HashRate_Average":  1992945536.853941,
    "BlockRate_Live":  239,
    "BlockRate_Average":  322.07929399361791,
    "Actual24h_Week":  0.00000217166638463736,
    "Estimate24h_Week":  0.00000243847083670931,
    "ErrorRatio":  0.992840382888551
}
