{
    "Live":  0.00000000000000000764821606,
    "Minute":  0.00000000000000000764821606,
    "Minute_Fluctuation":  5.0946540291828607E-05,
    "Minute_5":  0.0000000000000000076738130062,
    "Minute_5_Fluctuation":  0.01289087804632808,
    "Minute_10":  0.0000000000000000077332527913,
    "Minute_10_Fluctuation":  0.027928952166464897,
    "Hour":  0.0000000000000000083327689028,
    "Hour_Fluctuation":  0.13071539337798319,
    "Day":  0.000000000000000010854112617,
    "Day_Fluctuation":  0.17106827254908991,
    "ThreeDay":  0.000000000000000010854112617,
    "ThreeDay_Fluctuation":  0.17106827254908991,
    "Week":  0.000000000000000010854112617,
    "Week_Fluctuation":  0.17106827254908991,
    "Duration":  "05:35:22.4853224",
    "Updated":  "\/Date(1581326778419)\/",
    "Failed":  0,
    "HashRate_Live":  5014095546069,
    "HashRate_Average":  6726103468241.3223,
    "BlockRate_Live":  109,
    "BlockRate_Average":  58.131173792902921,
    "Actual24h_Week":  0.0100711178840162,
    "Estimate24h_Week":  0.0108586890546029,
    "ErrorRatio":  0.995254011251941
}
