{
    "Live":  0.0000000000000103,
    "Minute":  0.0000000000000103,
    "Minute_Fluctuation":  1.5317687480019647E-16,
    "Minute_5":  0.0000000000000105547095264668,
    "Minute_5_Fluctuation":  0.046669725670557265,
    "Minute_10":  0.0000000000000109315547804009,
    "Minute_10_Fluctuation":  0.0813160318712047,
    "Hour":  0.0000000000000109465222361897,
    "Hour_Fluctuation":  0.13126830552351515,
    "Day":  0.0000000000000134062712356096,
    "Day_Fluctuation":  0.2379678768143961,
    "ThreeDay":  0.0000000000000153591714771989,
    "ThreeDay_Fluctuation":  0.22936347310163036,
    "Week":  0.0000000000000151369034321434,
    "Week_Fluctuation":  0.22697714303604763,
    "Duration":  "12.21:12:50.8903683",
    "Updated":  "\/Date(1581922536410)\/",
    "Failed":  0,
    "HashRate_Live":  0,
    "HashRate_Average":  150554029.80407456,
    "BlockRate_Live":  130,
    "BlockRate_Average":  140.57028548549138,
    "Actual24h_Week":  0.0000148282747318378,
    "Estimate24h_Week":  0.0000152707364358884,
    "ErrorRatio":  0.971025516293324
}
