{
    "Live":  0.00000000000157,
    "Minute":  0.00000000000157,
    "Minute_Fluctuation":  0,
    "Minute_5":  0.00000000000153980928498749,
    "Minute_5_Fluctuation":  0.042819010326589496,
    "Minute_10":  0.0000000000015556402909602,
    "Minute_10_Fluctuation":  0.046269440971771568,
    "Hour":  0.00000000000151547802161435,
    "Hour_Fluctuation":  0.095562652771454856,
    "Day":  0.00000000000158102779144748,
    "Day_Fluctuation":  0.15171405150695255,
    "ThreeDay":  0.00000000000156492782923015,
    "ThreeDay_Fluctuation":  0.17143985905830403,
    "Week":  0.00000000000154090067621334,
    "Week_Fluctuation":  0.18492418459729137,
    "Duration":  "12.21:09:24.0086969",
    "Updated":  "\/Date(1581922663814)\/",
    "Failed":  0,
    "HashRate_Live":  19466166175,
    "HashRate_Average":  8291428569.3932457,
    "BlockRate_Live":  151,
    "BlockRate_Average":  150.9550312784404,
    "Actual24h_Week":  0.00000140723219215219,
    "Estimate24h_Week":  0.00000159675395216335,
    "ErrorRatio":  0.881308100252776
}
