{
    "Live":  0.00000000000088058,
    "Minute":  0.00000000000088058,
    "Minute_Fluctuation":  0.17814377266098497,
    "Minute_5":  0.000000000000771421294422316,
    "Minute_5_Fluctuation":  0.13831461582390592,
    "Minute_10":  0.000000000000781766626310271,
    "Minute_10_Fluctuation":  0.22138899698654313,
    "Hour":  0.000000000000915326795294165,
    "Hour_Fluctuation":  0.41746987156751869,
    "Day":  0.00000000000103468296997411,
    "Day_Fluctuation":  0.57099057530425767,
    "ThreeDay":  0.00000000000103468296997411,
    "ThreeDay_Fluctuation":  0.57099057530425767,
    "Week":  0.00000000000103468296997411,
    "Week_Fluctuation":  0.57099057530425767,
    "Duration":  "05:06:19.1844125",
    "Updated":  "\/Date(1581326777087)\/",
    "Failed":  0,
    "HashRate_Live":  0,
    "HashRate_Average":  23996176.5800583,
    "BlockRate_Live":  13,
    "BlockRate_Average":  13.728545553770466,
    "Actual24h_Week":  0.000000923156439124767,
    "Estimate24h_Week":  0.00000112413836381431,
    "ErrorRatio":  0.989298807520054
}
