{
    "Live":  0.00000000001882184,
    "Minute":  0.00000000001882184,
    "Minute_Fluctuation":  1.7533130976200012E-05,
    "Minute_5":  0.0000000000190235256331929,
    "Minute_5_Fluctuation":  0.045456108452298347,
    "Minute_10":  0.0000000000187346049317929,
    "Minute_10_Fluctuation":  0.067564984609198964,
    "Hour":  0.0000000000186899233092246,
    "Hour_Fluctuation":  0.26573719129751738,
    "Day":  0.0000000000195274490144372,
    "Day_Fluctuation":  0.29484935919502125,
    "ThreeDay":  0.0000000000195274490144372,
    "ThreeDay_Fluctuation":  0.29484935919502125,
    "Week":  0.0000000000195274490144372,
    "Week_Fluctuation":  0.29484935919502125,
    "Duration":  "05:35:22.4853224",
    "Updated":  "\/Date(1581326778176)\/",
    "Failed":  0,
    "HashRate_Live":  19685,
    "HashRate_Average":  441206.85690608324,
    "BlockRate_Live":  8,
    "BlockRate_Average":  22.709246596958646,
    "Actual24h_Week":  0.00000983139725772316,
    "Estimate24h_Week":  0.0000185061115474721,
    "ErrorRatio":  0.96932713838508
}
