{
    "Live":  0.00000001951099,
    "Minute":  0.00000001951099,
    "Minute_Fluctuation":  0,
    "Minute_5":  0.0000000195241113307725,
    "Minute_5_Fluctuation":  0.005715647016746251,
    "Minute_10":  0.0000000196450056203701,
    "Minute_10_Fluctuation":  0.02574966016099017,
    "Hour":  0.000000020692304798126,
    "Hour_Fluctuation":  0.13937367279266058,
    "Day":  0.0000000201900359588703,
    "Day_Fluctuation":  0.15812221251770633,
    "ThreeDay":  0.0000000201900359588703,
    "ThreeDay_Fluctuation":  0.15812221251770633,
    "Week":  0.0000000201900359588703,
    "Week_Fluctuation":  0.15812221251770633,
    "Duration":  "05:35:22.4853224",
    "Updated":  "\/Date(1581326777523)\/",
    "Failed":  0,
    "HashRate_Live":  5737,
    "HashRate_Average":  5540.650624125672,
    "BlockRate_Live":  82,
    "BlockRate_Average":  70.001706374376155,
    "Actual24h_Week":  0.000021992846630533,
    "Estimate24h_Week":  0.0000203802117252636,
    "ErrorRatio":  1
}
