{
    "Live":  0.00000003068,
    "Minute":  0.00000003068,
    "Minute_Fluctuation":  0,
    "Minute_5":  0.0000000307149869710803,
    "Minute_5_Fluctuation":  0.017132763134997453,
    "Minute_10":  0.0000000314732451042041,
    "Minute_10_Fluctuation":  0.060900093682213143,
    "Hour":  0.000000037904946672847,
    "Hour_Fluctuation":  0.10950635062772701,
    "Day":  0.0000000394889643982867,
    "Day_Fluctuation":  0.0953023058610725,
    "ThreeDay":  0.0000000374180909701088,
    "ThreeDay_Fluctuation":  0.11679886182609803,
    "Week":  0.0000000355371569954526,
    "Week_Fluctuation":  0.11864390596062044,
    "Duration":  "12.21:12:50.8903683",
    "Updated":  "\/Date(1581922661011)\/",
    "Failed":  0,
    "HashRate_Live":  53286,
    "HashRate_Average":  73878.625899206148,
    "BlockRate_Live":  18,
    "BlockRate_Average":  17.151930811138246,
    "Actual24h_Week":  0.0000483045731340346,
    "Estimate24h_Week":  0.0000397670877100026,
    "ErrorRatio":  1.2146872178896
}
