{
    "Live":  0.00000230737,
    "Minute":  0.00000230737,
    "Minute_Fluctuation":  0,
    "Minute_5":  0.00000219807833969448,
    "Minute_5_Fluctuation":  0.070285622223178079,
    "Minute_10":  0.00000211342281316708,
    "Minute_10_Fluctuation":  0.062469100166939989,
    "Hour":  0.00000195791208730582,
    "Hour_Fluctuation":  0.055427261117728478,
    "Day":  0.00000194659927913969,
    "Day_Fluctuation":  0.058349142875570192,
    "ThreeDay":  0.0000019544016454268,
    "ThreeDay_Fluctuation":  0.066787305912603984,
    "Week":  0.0000019025743238235,
    "Week_Fluctuation":  0.086563551372571573,
    "Duration":  "12.21:12:50.8903683",
    "Updated":  "\/Date(1581922661437)\/",
    "Failed":  0,
    "HashRate_Live":  55070,
    "HashRate_Average":  47673.5703538684,
    "BlockRate_Live":  487,
    "BlockRate_Average":  490.08621893653884,
    "Actual24h_Week":  0.0019254681144222,
    "Estimate24h_Week":  0.00200066616823111,
    "ErrorRatio":  0.96241349256413
}
