{
    "Live":  0.00000000001547628028,
    "Minute":  0.00000000001547628028,
    "Minute_Fluctuation":  0,
    "Minute_5":  0.00000000000604787981225591,
    "Minute_5_Fluctuation":  0.7656258457343873,
    "Minute_10":  0.00000000000479657588996836,
    "Minute_10_Fluctuation":  0.47206471420689389,
    "Hour":  0.00000000000535462676570573,
    "Hour_Fluctuation":  0.565655238544991,
    "Day":  0.00000000000568097939614834,
    "Day_Fluctuation":  0.59810724205032562,
    "ThreeDay":  0.00000000000568097939614834,
    "ThreeDay_Fluctuation":  0.59810724205032562,
    "Week":  0.00000000000568097939614834,
    "Week_Fluctuation":  0.59810724205032562,
    "Duration":  "01:54:23.4706146",
    "Updated":  "\/Date(1581326775833)\/",
    "Failed":  0,
    "HashRate_Live":  0,
    "HashRate_Average":  0,
    "BlockRate_Live":  34,
    "BlockRate_Average":  11.416676901264276,
    "Actual24h_Week":  0.00000196095410938035,
    "Estimate24h_Week":  0.00565999016700886,
    "ErrorRatio":  0.977439941374706
}
