{
    "Live":  0.00000000000013410498,
    "Minute":  0.00000000000013410498,
    "Minute_Fluctuation":  0.081536867303257765,
    "Minute_5":  0.0000000000001112952236492,
    "Minute_5_Fluctuation":  0.27832865541993629,
    "Minute_10":  0.00000000000009059164341011,
    "Minute_10_Fluctuation":  0.72490011112673713,
    "Hour":  0.0000000000000475332173250334,
    "Hour_Fluctuation":  0.97793739710990424,
    "Day":  0.000000000000045176333885901,
    "Day_Fluctuation":  0.63549765597840979,
    "ThreeDay":  0.000000000000045176333885901,
    "ThreeDay_Fluctuation":  0.63549765597840979,
    "Week":  0.000000000000045176333885901,
    "Week_Fluctuation":  0.63549765597840979,
    "Duration":  "05:35:22.4853224",
    "Updated":  "\/Date(1581326776972)\/",
    "Failed":  0,
    "HashRate_Live":  0,
    "HashRate_Average":  436521911.34183341,
    "BlockRate_Live":  21,
    "BlockRate_Average":  20.04141289782098,
    "Actual24h_Week":  0.000215391538579421,
    "Estimate24h_Week":  0.0000971602662329412,
    "ErrorRatio":  1
}
