{
    "Live":  0.00000000000020881768,
    "Minute":  0.00000000000020881768,
    "Minute_Fluctuation":  0,
    "Minute_5":  0.000000000000215377160352832,
    "Minute_5_Fluctuation":  0.053591769220119267,
    "Minute_10":  0.00000000000022722897480857,
    "Minute_10_Fluctuation":  0.092444618478508919,
    "Hour":  0.000000000000260220222256548,
    "Hour_Fluctuation":  0.12356811555084757,
    "Day":  0.000000000000245543113547271,
    "Day_Fluctuation":  0.12777914425085482,
    "ThreeDay":  0.000000000000245543113547271,
    "ThreeDay_Fluctuation":  0.12777914425085482,
    "Week":  0.000000000000245543113547271,
    "Week_Fluctuation":  0.12777914425085482,
    "Duration":  "05:35:22.4853224",
    "Updated":  "\/Date(1581326778094)\/",
    "Failed":  0,
    "HashRate_Live":  286073455,
    "HashRate_Average":  258708850.25016373,
    "BlockRate_Live":  124,
    "BlockRate_Average":  65.435380002177737,
    "Actual24h_Week":  0.000219726227632343,
    "Estimate24h_Week":  0.000237099159481046,
    "ErrorRatio":  0.995205344671917
}
