{
    "Live":  0.00000000000165455,
    "Minute":  0.00000000000165455,
    "Minute_Fluctuation":  0.17815232561451494,
    "Minute_5":  0.00000000000146472202903129,
    "Minute_5_Fluctuation":  0.14776774593710165,
    "Minute_10":  0.00000000000152561930604448,
    "Minute_10_Fluctuation":  0.25514924494260788,
    "Hour":  0.00000000000148185217985409,
    "Hour_Fluctuation":  0.3462960211198064,
    "Day":  0.00000000000149656596480322,
    "Day_Fluctuation":  0.52379524763143281,
    "ThreeDay":  0.00000000000149656596480322,
    "ThreeDay_Fluctuation":  0.52379524763143281,
    "Week":  0.00000000000149656596480322,
    "Week_Fluctuation":  0.52379524763143281,
    "Duration":  "05:35:22.4853224",
    "Updated":  "\/Date(1581326777112)\/",
    "Failed":  0,
    "HashRate_Live":  0,
    "HashRate_Average":  119745.44778837112,
    "BlockRate_Live":  0,
    "BlockRate_Average":  2.7572927219938217,
    "Actual24h_Week":  0.000000414240963759981,
    "Estimate24h_Week":  0.00000142394093497846,
    "ErrorRatio":  0.953600354790472
}
