{
    "Live":  0.00000000000086687,
    "Minute":  0.00000000000086687,
    "Minute_Fluctuation":  0.31857384056097238,
    "Minute_5":  0.000000000000727245004227597,
    "Minute_5_Fluctuation":  0.15410638116739045,
    "Minute_10":  0.000000000000798592686953638,
    "Minute_10_Fluctuation":  0.18814543857169311,
    "Hour":  0.00000000000124837823937602,
    "Hour_Fluctuation":  0.3549036220924216,
    "Day":  0.00000000000180374706520488,
    "Day_Fluctuation":  0.30553880525327143,
    "ThreeDay":  0.00000000000180374706520488,
    "ThreeDay_Fluctuation":  0.30553880525327143,
    "Week":  0.00000000000180374706520488,
    "Week_Fluctuation":  0.30553880525327143,
    "Duration":  "05:35:22.4853224",
    "Updated":  "\/Date(1581326777468)\/",
    "Failed":  0,
    "HashRate_Live":  0,
    "HashRate_Average":  72786463.51988478,
    "BlockRate_Live":  17,
    "BlockRate_Average":  23.487408002633742,
    "Actual24h_Week":  0.0000000771162699143769,
    "Estimate24h_Week":  0.00000153945026302209,
    "ErrorRatio":  0.937842261574562
}
