{
    "Live":  0.00000000000346117,
    "Minute":  0.00000000000346117,
    "Minute_Fluctuation":  0.089322582269557041,
    "Minute_5":  0.0000000000031771091156777,
    "Minute_5_Fluctuation":  0.12176034151323654,
    "Minute_10":  0.00000000000328256751249271,
    "Minute_10_Fluctuation":  0.20671910218924761,
    "Hour":  0.00000000000297680373727962,
    "Hour_Fluctuation":  0.52539456331017775,
    "Day":  0.00000000000253343685692091,
    "Day_Fluctuation":  0.57396646791644612,
    "ThreeDay":  0.00000000000253343685692091,
    "ThreeDay_Fluctuation":  0.57396646791644612,
    "Week":  0.00000000000253343685692091,
    "Week_Fluctuation":  0.57396646791644612,
    "Duration":  "05:35:22.4853224",
    "Updated":  "\/Date(1581326777343)\/",
    "Failed":  0,
    "HashRate_Live":  0,
    "HashRate_Average":  1483776.2246413371,
    "BlockRate_Live":  6,
    "BlockRate_Average":  6.1404320522855924,
    "Actual24h_Week":  0.000000967350617180219,
    "Estimate24h_Week":  0.00000233472294883574,
    "ErrorRatio":  0.961676450464161
}
