{
    "Live":  0.0000000000108174,
    "Minute":  0.0000000000108174,
    "Minute_Fluctuation":  0.17814783754642383,
    "Minute_5":  0.0000000000087369943660354,
    "Minute_5_Fluctuation":  0.26101070794411008,
    "Minute_10":  0.00000000000728025126665467,
    "Minute_10_Fluctuation":  0.62858084028177452,
    "Hour":  0.00000000000519676818906886,
    "Hour_Fluctuation":  0.81656567546163272,
    "Day":  0.00000000000420597938537801,
    "Day_Fluctuation":  0.77505579763035715,
    "ThreeDay":  0.00000000000420597938537801,
    "ThreeDay_Fluctuation":  0.77505579763035715,
    "Week":  0.00000000000420597938537802,
    "Week_Fluctuation":  0.7750557976303557,
    "Duration":  "04:09:50.4123952",
    "Updated":  "\/Date(1581326777329)\/",
    "Failed":  0,
    "HashRate_Live":  2052422,
    "HashRate_Average":  3513071.5598122492,
    "BlockRate_Live":  6,
    "BlockRate_Average":  11.102863443112916,
    "Actual24h_Week":  0.00000201454083816621,
    "Estimate24h_Week":  0.00000424505498959807,
    "ErrorRatio":  0.974276048964284
}
