{
    "Live":  0.00000000000028,
    "Minute":  0.00000000000028,
    "Minute_Fluctuation":  0,
    "Minute_5":  0.000000000000914658714085216,
    "Minute_5_Fluctuation":  0.59249195125603971,
    "Minute_10":  0.00000000000129006312973926,
    "Minute_10_Fluctuation":  0.53320181057981153,
    "Hour":  0.0000000000010372399657,
    "Hour_Fluctuation":  0.729594122158737,
    "Day":  0.00000000000100559624070648,
    "Day_Fluctuation":  0.81035588993687369,
    "ThreeDay":  0.00000000000101334339476916,
    "ThreeDay_Fluctuation":  0.80417986250674822,
    "Week":  0.00000000000102113689818012,
    "Week_Fluctuation":  0.78872965996260924,
    "Duration":  "12.18:32:20.3234715",
    "Updated":  "\/Date(1581922663985)\/",
    "Failed":  0,
    "HashRate_Live":  0,
    "HashRate_Average":  2419909.4473142279,
    "BlockRate_Live":  10,
    "BlockRate_Average":  10.169716137651854,
    "Actual24h_Week":  0.000000809957176342368,
    "Estimate24h_Week":  0.00000103045862079991,
    "ErrorRatio":  0.786016206758139
}
