{
    "Live":  0.00000089607,
    "Minute":  0.00000089607,
    "Minute_Fluctuation":  0,
    "Minute_5":  0.000000893281272244468,
    "Minute_5_Fluctuation":  0.0058683735259591344,
    "Minute_10":  0.000000890036060135056,
    "Minute_10_Fluctuation":  0.010092775761138414,
    "Hour":  0.000000865406927613506,
    "Hour_Fluctuation":  0.034631585791249891,
    "Day":  0.000000848162372111748,
    "Day_Fluctuation":  0.074359125028800391,
    "ThreeDay":  0.000000867439891604321,
    "ThreeDay_Fluctuation":  0.08948251574105727,
    "Week":  0.000000863168218473392,
    "Week_Fluctuation":  0.097072517249893048,
    "Duration":  "12.21:12:50.8903683",
    "Updated":  "\/Date(1581922661388)\/",
    "Failed":  0,
    "HashRate_Live":  8288,
    "HashRate_Average":  7507.0682100293352,
    "BlockRate_Live":  40,
    "BlockRate_Average":  30.57467621191504,
    "Actual24h_Week":  0.000572848385721904,
    "Estimate24h_Week":  0.000862997297404424,
    "ErrorRatio":  0.663789315962888
}
