{
    "Live":  0.00000000000000001275065841,
    "Minute":  0.00000000000000001275065841,
    "Minute_Fluctuation":  0,
    "Minute_5":  0.0000000000000000127912263487,
    "Minute_5_Fluctuation":  0.014307658209013968,
    "Minute_10":  0.0000000000000000126927131211,
    "Minute_10_Fluctuation":  0.023690707680288144,
    "Hour":  0.0000000000000000128023172239,
    "Hour_Fluctuation":  0.062136550366187072,
    "Day":  0.0000000000000000138743503033,
    "Day_Fluctuation":  0.10896484157096671,
    "ThreeDay":  0.0000000000000000138743503033,
    "ThreeDay_Fluctuation":  0.10896484157096671,
    "Week":  0.0000000000000000138743503033,
    "Week_Fluctuation":  0.10896484157096671,
    "Duration":  "05:35:22.4853224",
    "Updated":  "\/Date(1581326776432)\/",
    "Failed":  0,
    "HashRate_Live":  73300775185,
    "HashRate_Average":  505594757450.66333,
    "BlockRate_Live":  0,
    "BlockRate_Average":  1.6210665411228649,
    "Actual24h_Week":  0.0128389430993605,
    "Estimate24h_Week":  0.0133012328624384,
    "ErrorRatio":  0.997725758024796
}
