{
    "Live":  0.00000000000000061283,
    "Minute":  0.00000000000000061283,
    "Minute_Fluctuation":  0,
    "Minute_5":  0.0000000000000006895767065288,
    "Minute_5_Fluctuation":  0.25048410298091017,
    "Minute_10":  0.0000000000000008029218659983,
    "Minute_10_Fluctuation":  0.25827091420735,
    "Hour":  0.0000000000000010831042007367,
    "Hour_Fluctuation":  0.4585382751636875,
    "Day":  0.0000000000000011965004005544,
    "Day_Fluctuation":  0.45014056890373544,
    "ThreeDay":  0.0000000000000011965004005544,
    "ThreeDay_Fluctuation":  0.45014056890373544,
    "Week":  0.0000000000000011965004005544,
    "Week_Fluctuation":  0.45014056890373544,
    "Duration":  "05:13:54.0531990",
    "Updated":  "\/Date(1581326216366)\/",
    "Failed":  0,
    "HashRate_Live":  0,
    "HashRate_Average":  13044311563.561512,
    "BlockRate_Live":  35,
    "BlockRate_Average":  77.840669581851827,
    "Actual24h_Week":  0.000000742259705826293,
    "Estimate24h_Week":  0.00000173198221785811,
    "ErrorRatio":  0.964963827650384
}
