{
    "Live":  0.00000000000033011,
    "Minute":  0.00000000000033011,
    "Minute_Fluctuation":  0,
    "Minute_5":  0.000000000000331214771797414,
    "Minute_5_Fluctuation":  0.012921728100942135,
    "Minute_10":  0.00000000000033377962343927,
    "Minute_10_Fluctuation":  0.028035239629884745,
    "Hour":  0.000000000000359854709128956,
    "Hour_Fluctuation":  0.13178255628355012,
    "Day":  0.000000000000469822804100744,
    "Day_Fluctuation":  0.1708493979363046,
    "ThreeDay":  0.000000000000469822804100744,
    "ThreeDay_Fluctuation":  0.1708493979363046,
    "Week":  0.000000000000469822804100744,
    "Week_Fluctuation":  0.1708493979363046,
    "Duration":  "05:35:22.4853224",
    "Updated":  "\/Date(1581326531294)\/",
    "Failed":  0,
    "HashRate_Live":  0,
    "HashRate_Average":  2617546.639863133,
    "BlockRate_Live":  0,
    "BlockRate_Average":  0.49898126903797535,
    "Actual24h_Week":  0.0000000347330769082723,
    "Estimate24h_Week":  0.000000470015729338994,
    "ErrorRatio":  0.939399911517989
}
