{
    "Live":  0.00000000000005568422,
    "Minute":  0.00000000000005568422,
    "Minute_Fluctuation":  0,
    "Minute_5":  0.0000000000000544409482249045,
    "Minute_5_Fluctuation":  0.13826834854394993,
    "Minute_10":  0.0000000000000495612497565395,
    "Minute_10_Fluctuation":  0.27509691014136761,
    "Hour":  0.0000000000000435001613554251,
    "Hour_Fluctuation":  0.19113589448689935,
    "Day":  0.0000000000000505407797932367,
    "Day_Fluctuation":  0.188190166879051,
    "ThreeDay":  0.0000000000000505407797932367,
    "ThreeDay_Fluctuation":  0.188190166879051,
    "Week":  0.0000000000000505407797932367,
    "Week_Fluctuation":  0.188190166879051,
    "Duration":  "05:29:09.9619516",
    "Updated":  "\/Date(1581326653201)\/",
    "Failed":  0,
    "HashRate_Live":  0,
    "HashRate_Average":  0,
    "BlockRate_Live":  0,
    "BlockRate_Average":  0,
    "Actual24h_Week":  0,
    "Estimate24h_Week":  0.0000503913606869514,
    "ErrorRatio":  0.935755651821458
}
