{
    "Live":  0.00000000000298971,
    "Minute":  0.00000000000298971,
    "Minute_Fluctuation":  0.014747510403019484,
    "Minute_5":  0.00000000000299247882588115,
    "Minute_5_Fluctuation":  0.029082508235420027,
    "Minute_10":  0.00000000000309136317365823,
    "Minute_10_Fluctuation":  0.059886993037915053,
    "Hour":  0.00000000000337459830659205,
    "Hour_Fluctuation":  0.085479801354507529,
    "Day":  0.00000000000347397315000739,
    "Day_Fluctuation":  0.088571048893876445,
    "ThreeDay":  0.00000000000347397315000739,
    "ThreeDay_Fluctuation":  0.088571048893876472,
    "Week":  0.00000000000347397315000739,
    "Week_Fluctuation":  0.088571048893876472,
    "Duration":  "05:35:22.4853224",
    "Updated":  "\/Date(1581326778145)\/",
    "Failed":  0,
    "HashRate_Live":  0,
    "HashRate_Average":  2534089.7196177854,
    "BlockRate_Live":  10,
    "BlockRate_Average":  7.1685150888555409,
    "Actual24h_Week":  0.00000144928485802178,
    "Estimate24h_Week":  0.00000352247461081184,
    "ErrorRatio":  0.961487166408379
}
