{
    "Live":  0.00000000000031166742,
    "Minute":  0.00000000000031166742,
    "Minute_Fluctuation":  0,
    "Minute_5":  0.00000000000031120936153596,
    "Minute_5_Fluctuation":  0.0059977895945431169,
    "Minute_10":  0.000000000000309061680167421,
    "Minute_10_Fluctuation":  0.020265813778622278,
    "Hour":  0.000000000000300758036190103,
    "Hour_Fluctuation":  0.051825998696516842,
    "Day":  0.000000000000284128444041459,
    "Day_Fluctuation":  0.062375104097500231,
    "ThreeDay":  0.000000000000284128444041459,
    "ThreeDay_Fluctuation":  0.062375104097500238,
    "Week":  0.000000000000284128444041459,
    "Week_Fluctuation":  0.062375104097500231,
    "Duration":  "05:35:22.4853224",
    "Updated":  "\/Date(1581326777898)\/",
    "Failed":  0,
    "HashRate_Live":  57302158906,
    "HashRate_Average":  17898320807.574104,
    "BlockRate_Live":  22,
    "BlockRate_Average":  21.534828997116225,
    "Actual24h_Week":  0.000249985529555013,
    "Estimate24h_Week":  0.000281170618032211,
    "ErrorRatio":  0.992742428282745
}
