{
    "Live":  0.00000000000002029392,
    "Minute":  0.00000000000002029392,
    "Minute_Fluctuation":  0.081541770678559014,
    "Minute_5":  0.0000000000000723332509964152,
    "Minute_5_Fluctuation":  0.68925295290783151,
    "Minute_10":  0.000000000000133197414713045,
    "Minute_10_Fluctuation":  0.62229556601446911,
    "Hour":  0.000000000000169737958913622,
    "Hour_Fluctuation":  0.57810234441619657,
    "Day":  0.000000000000172321270441837,
    "Day_Fluctuation":  0.6153690319076639,
    "ThreeDay":  0.000000000000172321270441837,
    "ThreeDay_Fluctuation":  0.61536903190766379,
    "Week":  0.000000000000172321270441837,
    "Week_Fluctuation":  0.6153690319076639,
    "Duration":  "05:35:22.4853224",
    "Updated":  "\/Date(1581326776947)\/",
    "Failed":  0,
    "HashRate_Live":  0,
    "HashRate_Average":  38006030.497447409,
    "BlockRate_Live":  4,
    "BlockRate_Average":  3.2224772205771011,
    "Actual24h_Week":  0.000255104821132149,
    "Estimate24h_Week":  0.000231960553814918,
    "ErrorRatio":  1
}
