{
    "Live":  0.00000002864,
    "Minute":  0.00000002864,
    "Minute_Fluctuation":  0.054880294659300263,
    "Minute_5":  0.0000000274265520852175,
    "Minute_5_Fluctuation":  0.07691260072184046,
    "Minute_10":  0.0000000266255194034155,
    "Minute_10_Fluctuation":  0.13078510485469114,
    "Hour":  0.000000026486171603915,
    "Hour_Fluctuation":  0.18985093688794413,
    "Day":  0.000000030882025002192,
    "Day_Fluctuation":  0.2222992666977574,
    "ThreeDay":  0.0000000288406252934914,
    "ThreeDay_Fluctuation":  0.29846123003814218,
    "Week":  0.000000028822016399647,
    "Week_Fluctuation":  0.30010261966614643,
    "Duration":  "3.12:01:51.9036476",
    "Updated":  "\/Date(1581923103092)\/",
    "Failed":  0,
    "HashRate_Live":  1455,
    "HashRate_Average":  3911.1882738222525,
    "BlockRate_Live":  155,
    "BlockRate_Average":  78.292927552437391,
    "Actual24h_Week":  0.0000160481079596305,
    "Estimate24h_Week":  0.00171506861701534,
    "ErrorRatio":  0.256834581582822
}
