{
    "Live":  0.00000000000003646899,
    "Minute":  0.00000000000003646899,
    "Minute_Fluctuation":  0.17814748863816993,
    "Minute_5":  0.0000000000000300341766999881,
    "Minute_5_Fluctuation":  0.25671077314859159,
    "Minute_10":  0.0000000000000260285429886541,
    "Minute_10_Fluctuation":  0.5106680579180608,
    "Hour":  0.0000000000000133193827118111,
    "Hour_Fluctuation":  0.10718326487068845,
    "Day":  0.0000000000000114053238704624,
    "Day_Fluctuation":  0.69597816003114188,
    "ThreeDay":  0.0000000000000114053238704624,
    "ThreeDay_Fluctuation":  0.69597816003114188,
    "Week":  0.0000000000000114053238704624,
    "Week_Fluctuation":  0.69597816003114188,
    "Duration":  "05:35:22.4853224",
    "Updated":  "\/Date(1581326777223)\/",
    "Failed":  0,
    "HashRate_Live":  6540911407,
    "HashRate_Average":  1212589228.8633187,
    "BlockRate_Live":  4,
    "BlockRate_Average":  4.2134944593917236,
    "Actual24h_Week":  0.00000419647273444548,
    "Estimate24h_Week":  0.0000138685144911859,
    "ErrorRatio":  0.954364531940598
}
