{
    "Live":  0.00000000000000001093268,
    "Minute":  0.00000000000000001093268,
    "Minute_Fluctuation":  0.081542992419183655,
    "Minute_5":  0.0000000000000000101404643067,
    "Minute_5_Fluctuation":  0.15690476977529383,
    "Minute_10":  0.0000000000000000113588554261,
    "Minute_10_Fluctuation":  0.22885381459684748,
    "Hour":  0.0000000000000000113128063286,
    "Hour_Fluctuation":  0.69600744096061706,
    "Day":  0.0000000000000000121782162563,
    "Day_Fluctuation":  0.58708260593090955,
    "ThreeDay":  0.0000000000000000121782162563,
    "ThreeDay_Fluctuation":  0.58708260593090955,
    "Week":  0.0000000000000000121782162563,
    "Week_Fluctuation":  0.58708260593090966,
    "Duration":  "05:35:22.4853224",
    "Updated":  "\/Date(1581326776937)\/",
    "Failed":  0,
    "HashRate_Live":  0,
    "HashRate_Average":  43232616462.458168,
    "BlockRate_Live":  6,
    "BlockRate_Average":  3.3060408418622447,
    "Actual24h_Week":  0.00000344843568942802,
    "Estimate24h_Week":  0.000011600245548719,
    "ErrorRatio":  0.95401659256148
}
