{
    "Live":  0.00000000000144429,
    "Minute":  0.00000000000144429,
    "Minute_Fluctuation":  0,
    "Minute_5":  0.00000000000143845248777875,
    "Minute_5_Fluctuation":  0.014652739312905264,
    "Minute_10":  0.00000000000140932014279623,
    "Minute_10_Fluctuation":  0.059205526977681507,
    "Hour":  0.0000000000012404050747924,
    "Hour_Fluctuation":  0.21029514214294462,
    "Day":  0.00000000000134560335926643,
    "Day_Fluctuation":  0.20075652540300568,
    "ThreeDay":  0.00000000000134560335926643,
    "ThreeDay_Fluctuation":  0.20075652540300568,
    "Week":  0.00000000000134560335926643,
    "Week_Fluctuation":  0.20075652540300568,
    "Duration":  "05:35:22.4853224",
    "Updated":  "\/Date(1581326218171)\/",
    "Failed":  0,
    "HashRate_Live":  0,
    "HashRate_Average":  46821449.442085341,
    "BlockRate_Live":  0,
    "BlockRate_Average":  0.74357541350996159,
    "Actual24h_Week":  0.000000371318936676807,
    "Estimate24h_Week":  0.00000133936449403771,
    "ErrorRatio":  0.952705427363126
}
