{
    "Live":  0.00000000000005,
    "Minute":  0.00000000000005,
    "Minute_Fluctuation":  1.2621774483536189E-16,
    "Minute_5":  0.0000000000000442493351709641,
    "Minute_5_Fluctuation":  0.16112141539340885,
    "Minute_10":  0.0000000000000526329562285908,
    "Minute_10_Fluctuation":  0.38766271823906689,
    "Hour":  0.000000000000357946489791932,
    "Hour_Fluctuation":  0.7320179512902143,
    "Day":  0.000000000000497120176500531,
    "Day_Fluctuation":  0.67153847777768272,
    "ThreeDay":  0.000000000000492269405065454,
    "ThreeDay_Fluctuation":  0.70714945701188137,
    "Week":  0.000000000000485098397107726,
    "Week_Fluctuation":  0.7220776873757796,
    "Duration":  "11.20:37:45.8168420",
    "Updated":  "\/Date(1581922660167)\/",
    "Failed":  0,
    "HashRate_Live":  23822752,
    "HashRate_Average":  7724826.5024571409,
    "BlockRate_Live":  7,
    "BlockRate_Average":  7.9815515499256851,
    "Actual24h_Week":  0.000000628482393872035,
    "Estimate24h_Week":  0.000000515513604061803,
    "ErrorRatio":  1.21913832907635
}
