{
    "Live":  0.00000000000000001821112646,
    "Minute":  0.00000000000000001821112646,
    "Minute_Fluctuation":  0.3169083511883054,
    "Minute_5":  0.000000000000000014910802932,
    "Minute_5_Fluctuation":  0.141040967137364,
    "Minute_10":  0.0000000000000000152294437659,
    "Minute_10_Fluctuation":  0.12974233731359747,
    "Hour":  0.0000000000000000167480509822,
    "Hour_Fluctuation":  0.12674366820308444,
    "Day":  0.0000000000000000175626017273,
    "Day_Fluctuation":  0.14374096740631279,
    "ThreeDay":  0.0000000000000000175626017273,
    "ThreeDay_Fluctuation":  0.14374096740631279,
    "Week":  0.0000000000000000175626017273,
    "Week_Fluctuation":  0.14374096740631279,
    "Duration":  "05:35:22.4853224",
    "Updated":  "\/Date(1581326776497)\/",
    "Failed":  0,
    "HashRate_Live":  388419576252640,
    "HashRate_Average":  1369410082125689.5,
    "BlockRate_Live":  43,
    "BlockRate_Average":  37.091581835943678,
    "Actual24h_Week":  0.0178726618347816,
    "Estimate24h_Week":  0.0176990244398768,
    "ErrorRatio":  1
}
