{
    "Live":  0.000000000000001995,
    "Minute":  0.000000000000001995,
    "Minute_Fluctuation":  0,
    "Minute_5":  0.0000000000000020260650910838,
    "Minute_5_Fluctuation":  0.041089524381133724,
    "Minute_10":  0.000000000000002015756409974,
    "Minute_10_Fluctuation":  0.058424085966818237,
    "Hour":  0.0000000000000019698181414639,
    "Hour_Fluctuation":  0.1502954128644059,
    "Day":  0.0000000000000023517215728402,
    "Day_Fluctuation":  0.20153986643536767,
    "ThreeDay":  0.0000000000000023517215728402,
    "ThreeDay_Fluctuation":  0.20153986643536767,
    "Week":  0.0000000000000023517215728402,
    "Week_Fluctuation":  0.20153986643536767,
    "Duration":  "05:35:22.4853224",
    "Updated":  "\/Date(1581326778405)\/",
    "Failed":  0,
    "HashRate_Live":  51984909761,
    "HashRate_Average":  101719167366.64601,
    "BlockRate_Live":  16,
    "BlockRate_Average":  27.351072186649265,
    "Actual24h_Week":  0.00000233905900135904,
    "Estimate24h_Week":  0.00000234561089809041,
    "ErrorRatio":  0.999817221392682
}
