{
    "Live":  0.00000000000010511,
    "Minute":  0.00000000000010511,
    "Minute_Fluctuation":  0.081601152500514612,
    "Minute_5":  0.000000000000095565422276134,
    "Minute_5_Fluctuation":  0.15539837586376698,
    "Minute_10":  0.000000000000100124328541104,
    "Minute_10_Fluctuation":  0.23560731720756792,
    "Hour":  0.000000000000525628317578529,
    "Hour_Fluctuation":  0.75368135200090847,
    "Day":  0.00000000000135445779315012,
    "Day_Fluctuation":  0.60493555115919362,
    "ThreeDay":  0.00000000000135445779315012,
    "ThreeDay_Fluctuation":  0.60493555115919362,
    "Week":  0.00000000000135445779315012,
    "Week_Fluctuation":  0.60493555115919362,
    "Duration":  "04:55:34.7967736",
    "Updated":  "\/Date(1581326776898)\/",
    "Failed":  0,
    "HashRate_Live":  0,
    "HashRate_Average":  194139.05556809204,
    "BlockRate_Live":  3,
    "BlockRate_Average":  4.215190217858102,
    "Actual24h_Week":  0.000000749374458767036,
    "Estimate24h_Week":  0.00000123706943262127,
    "ErrorRatio":  0.977218411877793
}
