{
    "Live":  0.00000000000158941,
    "Minute":  0.00000000000158941,
    "Minute_Fluctuation":  0,
    "Minute_5":  0.00000000000139821833231619,
    "Minute_5_Fluctuation":  0.24991362123199462,
    "Minute_10":  0.00000000000129764837271276,
    "Minute_10_Fluctuation":  0.25635392969323351,
    "Hour":  0.00000000000128639171665408,
    "Hour_Fluctuation":  0.24783997767590704,
    "Day":  0.00000000000142306779131267,
    "Day_Fluctuation":  0.25532924785745903,
    "ThreeDay":  0.00000000000142306779131267,
    "ThreeDay_Fluctuation":  0.25532924785745903,
    "Week":  0.00000000000142306779131267,
    "Week_Fluctuation":  0.25532924785745903,
    "Duration":  "05:35:22.4853224",
    "Updated":  "\/Date(1581326531190)\/",
    "Failed":  0,
    "HashRate_Live":  0,
    "HashRate_Average":  3796684.6627224791,
    "BlockRate_Live":  8,
    "BlockRate_Average":  10.224031149567089,
    "Actual24h_Week":  0.000000625170903249117,
    "Estimate24h_Week":  0.00000136060010219689,
    "ErrorRatio":  0.964630846927764
}
