{
    "Live":  0.00000000000073415,
    "Minute":  0.00000000000073415,
    "Minute_Fluctuation":  0,
    "Minute_5":  0.00000000000073165859688783,
    "Minute_5_Fluctuation":  0.020221887080577115,
    "Minute_10":  0.000000000000707551442193358,
    "Minute_10_Fluctuation":  0.0922663170051425,
    "Hour":  0.000000000000560042625422237,
    "Hour_Fluctuation":  0.24925423422568369,
    "Day":  0.000000000000477714482578322,
    "Day_Fluctuation":  0.22831620327063043,
    "ThreeDay":  0.000000000000477714482578322,
    "ThreeDay_Fluctuation":  0.22831620327063043,
    "Week":  0.000000000000477714482578322,
    "Week_Fluctuation":  0.22831620327063043,
    "Duration":  "05:35:22.4853224",
    "Updated":  "\/Date(1581326778659)\/",
    "Failed":  0,
    "HashRate_Live":  125252700,
    "HashRate_Average":  157070276.01277456,
    "BlockRate_Live":  39,
    "BlockRate_Average":  44.190619954312574,
    "Actual24h_Week":  0.000000325446816839549,
    "Estimate24h_Week":  0.00000048853012627721,
    "ErrorRatio":  0.978155985485902
}
