{
    "Live":  0.00000000001673,
    "Minute":  0.00000000001673,
    "Minute_Fluctuation":  0,
    "Minute_5":  0.0000000000168967956422742,
    "Minute_5_Fluctuation":  0.018079389646439223,
    "Minute_10":  0.0000000000171750677070352,
    "Minute_10_Fluctuation":  0.033988600247579256,
    "Hour":  0.0000000000197124387213012,
    "Hour_Fluctuation":  0.14093868454417896,
    "Day":  0.0000000000253429808083557,
    "Day_Fluctuation":  0.23597077850782444,
    "ThreeDay":  0.0000000000295633677168073,
    "ThreeDay_Fluctuation":  0.26904574484832128,
    "Week":  0.000000000032545491196441,
    "Week_Fluctuation":  0.2597284465429231,
    "Duration":  "7.16:49:39.0682691",
    "Updated":  "\/Date(1581922662235)\/",
    "Failed":  0,
    "HashRate_Live":  1391678926,
    "HashRate_Average":  1202615421.3550231,
    "BlockRate_Live":  453,
    "BlockRate_Average":  454.95989360280487,
    "Actual24h_Week":  0.0000209981505685671,
    "Estimate24h_Week":  0.0000261978233508532,
    "ErrorRatio":  0.801522717645289
}
