{
    "Live":  0.00000000000002880363,
    "Minute":  0.00000000000002880363,
    "Minute_Fluctuation":  0,
    "Minute_5":  0.000000000000029873175085495,
    "Minute_5_Fluctuation":  0.0635309154306957,
    "Minute_10":  0.0000000000000304132904002738,
    "Minute_10_Fluctuation":  0.10495793369958167,
    "Hour":  0.0000000000000255449133578552,
    "Hour_Fluctuation":  0.2462286267792787,
    "Day":  0.0000000000000306131725510814,
    "Day_Fluctuation":  0.32326846860666736,
    "ThreeDay":  0.0000000000000306131725510814,
    "ThreeDay_Fluctuation":  0.32326846860666736,
    "Week":  0.0000000000000306131725510814,
    "Week_Fluctuation":  0.32326846860666736,
    "Duration":  "05:35:22.4853224",
    "Updated":  "\/Date(1581326530562)\/",
    "Failed":  0,
    "HashRate_Live":  0,
    "HashRate_Average":  1308045761.4654405,
    "BlockRate_Live":  41,
    "BlockRate_Average":  26.0349285859203,
    "Actual24h_Week":  0.0000146321673020394,
    "Estimate24h_Week":  0.0000322296770410194,
    "ErrorRatio":  0.964271930411844
}
