{
    "Live":  0.0000000000000354811,
    "Minute":  0.0000000000000354811,
    "Minute_Fluctuation":  0,
    "Minute_5":  0.0000000000000354316678328007,
    "Minute_5_Fluctuation":  0.008358290747547889,
    "Minute_10":  0.0000000000000346334681370877,
    "Minute_10_Fluctuation":  0.080666343754780392,
    "Hour":  0.0000000000000289272236381734,
    "Hour_Fluctuation":  0.23907668195937734,
    "Day":  0.0000000000000412881106011922,
    "Day_Fluctuation":  0.34373028326471172,
    "ThreeDay":  0.0000000000000412881106011922,
    "ThreeDay_Fluctuation":  0.34373028326471172,
    "Week":  0.0000000000000412881106011922,
    "Week_Fluctuation":  0.34373028326471172,
    "Duration":  "05:35:22.4853224",
    "Updated":  "\/Date(1581326777918)\/",
    "Failed":  0,
    "HashRate_Live":  10895005661,
    "HashRate_Average":  17097901873.271456,
    "BlockRate_Live":  31,
    "BlockRate_Average":  17.384836072751494,
    "Actual24h_Week":  0.0000358333813907394,
    "Estimate24h_Week":  0.0000411895122121864,
    "ErrorRatio":  0.991490994230033
}
