{
    "Live":  0.00000000000000110407,
    "Minute":  0.00000000000000110407,
    "Minute_Fluctuation":  4.528903461882268E-05,
    "Minute_5":  0.0000000000000012837759449826,
    "Minute_5_Fluctuation":  0.25549099961671645,
    "Minute_10":  0.0000000000000013627745747859,
    "Minute_10_Fluctuation":  0.53903049008298265,
    "Hour":  0.0000000000000011906793246635,
    "Hour_Fluctuation":  0.34688361138348256,
    "Day":  0.0000000000000011619339825886,
    "Day_Fluctuation":  0.35136960901549935,
    "ThreeDay":  0.0000000000000011619339825886,
    "ThreeDay_Fluctuation":  0.35136960901549935,
    "Week":  0.0000000000000011619339825886,
    "Week_Fluctuation":  0.35136960901549935,
    "Duration":  "05:03:10.1487205",
    "Updated":  "\/Date(1581326776785)\/",
    "Failed":  0,
    "HashRate_Live":  0,
    "HashRate_Average":  514517414585.37317,
    "BlockRate_Live":  42,
    "BlockRate_Average":  60.991232290323047,
    "Actual24h_Week":  0.00000142958829493032,
    "Estimate24h_Week":  0.00000122096959551411,
    "ErrorRatio":  1
}
