{
    "Live":  0.00000000000000109,
    "Minute":  0.00000000000000109,
    "Minute_Fluctuation":  1.8093140028004859E-16,
    "Minute_5":  0.0000000000000011470304781234,
    "Minute_5_Fluctuation":  0.0822658359202847,
    "Minute_10":  0.000000000000001214690692311,
    "Minute_10_Fluctuation":  0.11301138595419365,
    "Hour":  0.0000000000000017499840327617,
    "Hour_Fluctuation":  0.24949302965306011,
    "Day":  0.0000000000000018947531144528,
    "Day_Fluctuation":  0.2124698523514256,
    "ThreeDay":  0.0000000000000019332347824033,
    "ThreeDay_Fluctuation":  0.21538714995880298,
    "Week":  0.0000000000000018960039762996,
    "Week_Fluctuation":  0.20588684904554985,
    "Duration":  "12.21:09:24.0086969",
    "Updated":  "\/Date(1581922663371)\/",
    "Failed":  0,
    "HashRate_Live":  13720861311606,
    "HashRate_Average":  14729575581391.623,
    "BlockRate_Live":  1090,
    "BlockRate_Average":  1109.4964161270498,
    "Actual24h_Week":  0.00000244681846011438,
    "Estimate24h_Week":  0.00000198569373752099,
    "ErrorRatio":  1.23222348637161
}
