{
    "Live":  0.00000000000175829,
    "Minute":  0.00000000000175829,
    "Minute_Fluctuation":  0,
    "Minute_5":  0.0000000000018319264396434,
    "Minute_5_Fluctuation":  0.091165456898951183,
    "Minute_10":  0.00000000000201138698385165,
    "Minute_10_Fluctuation":  0.14759509393996559,
    "Hour":  0.00000000000260708691751388,
    "Hour_Fluctuation":  0.16084188533019972,
    "Day":  0.00000000000313813378668385,
    "Day_Fluctuation":  0.16624876964694352,
    "ThreeDay":  0.00000000000313813378668385,
    "ThreeDay_Fluctuation":  0.16624876964694352,
    "Week":  0.00000000000313813378668385,
    "Week_Fluctuation":  0.16624876964694352,
    "Duration":  "05:35:22.4853224",
    "Updated":  "\/Date(1581326777391)\/",
    "Failed":  0,
    "HashRate_Live":  27602324,
    "HashRate_Average":  23466362.224081028,
    "BlockRate_Live":  74,
    "BlockRate_Average":  133.78390541819388,
    "Actual24h_Week":  0.00000321882849380136,
    "Estimate24h_Week":  0.00000298093288429997,
    "ErrorRatio":  1
}
