{
    "Live":  0.00000000000000295366,
    "Minute":  0.00000000000000295366,
    "Minute_Fluctuation":  0.0043551834098523633,
    "Minute_5":  0.0000000000000029525952760823,
    "Minute_5_Fluctuation":  0.041575523233170729,
    "Minute_10":  0.0000000000000029009414628944,
    "Minute_10_Fluctuation":  0.079233755319186611,
    "Hour":  0.0000000000000030704292685218,
    "Hour_Fluctuation":  0.10743053080725826,
    "Day":  0.0000000000000032818642949086,
    "Day_Fluctuation":  0.18391851717721117,
    "ThreeDay":  0.0000000000000032818642949086,
    "ThreeDay_Fluctuation":  0.18391851717721117,
    "Week":  0.0000000000000032818642949086,
    "Week_Fluctuation":  0.18391851717721117,
    "Duration":  "05:35:22.4853224",
    "Updated":  "\/Date(1581326776543)\/",
    "Failed":  0,
    "HashRate_Live":  160088893005,
    "HashRate_Average":  100193137504.74242,
    "BlockRate_Live":  93,
    "BlockRate_Average":  196.05152670721881,
    "Actual24h_Week":  0.00000318318634359689,
    "Estimate24h_Week":  0.00000335502020910091,
    "ErrorRatio":  0.996648587304641
}
