{
    "Live":  0.00000139300902,
    "Minute":  0.00000139300902,
    "Minute_Fluctuation":  0.0099794561762105716,
    "Minute_5":  0.00000142334484060145,
    "Minute_5_Fluctuation":  0.023539836193417388,
    "Minute_10":  0.00000142442023426067,
    "Minute_10_Fluctuation":  0.034559169412316168,
    "Hour":  0.00000130032436842698,
    "Hour_Fluctuation":  0.12845347309699326,
    "Day":  0.00000119940014403465,
    "Day_Fluctuation":  0.12788649850371628,
    "ThreeDay":  0.00000119940014403465,
    "ThreeDay_Fluctuation":  0.12788649850371628,
    "Week":  0.00000119940014403465,
    "Week_Fluctuation":  0.12788649850371628,
    "Duration":  "05:35:22.4853224",
    "Updated":  "\/Date(1581326776822)\/",
    "Failed":  0,
    "HashRate_Live":  84,
    "HashRate_Average":  74.34890139621416,
    "BlockRate_Live":  42,
    "BlockRate_Average":  36.331736184996913,
    "Actual24h_Week":  0.00116219951271029,
    "Estimate24h_Week":  0.00128158372363807,
    "ErrorRatio":  0.993904431709156
}
