{
    "Live":  0.00000000000000001502045726,
    "Minute":  0.00000000000000001502045726,
    "Minute_Fluctuation":  0,
    "Minute_5":  0.0000000000000000151226277579,
    "Minute_5_Fluctuation":  0.023427720135180987,
    "Minute_10":  0.0000000000000000155657545502,
    "Minute_10_Fluctuation":  0.058471016654799625,
    "Hour":  0.0000000000000000168027990197,
    "Hour_Fluctuation":  0.063752989998657153,
    "Day":  0.0000000000000000175664830616,
    "Day_Fluctuation":  0.053298473319527057,
    "ThreeDay":  0.0000000000000000175664830616,
    "ThreeDay_Fluctuation":  0.053298473319527057,
    "Week":  0.0000000000000000175664830616,
    "Week_Fluctuation":  0.053298473319527057,
    "Duration":  "05:35:22.4853224",
    "Updated":  "\/Date(1581326777977)\/",
    "Failed":  0,
    "HashRate_Live":  23953637799317,
    "HashRate_Average":  621334592203200.88,
    "BlockRate_Live":  3,
    "BlockRate_Average":  6.50209456550047,
    "Actual24h_Week":  0.0191440075124553,
    "Estimate24h_Week":  0.0172834735997021,
    "ErrorRatio":  1
}
