{
    "Live":  0.00000000000098749637,
    "Minute":  0.00000000000098749637,
    "Minute_Fluctuation":  0,
    "Minute_5":  0.00000000000109078439022345,
    "Minute_5_Fluctuation":  0.22393384213205841,
    "Minute_10":  0.0000000000014538297646213,
    "Minute_10_Fluctuation":  0.33226737812619561,
    "Hour":  0.00000000000182212312289406,
    "Hour_Fluctuation":  0.27352284337604238,
    "Day":  0.00000000000182212312289406,
    "Day_Fluctuation":  0.27352284337604232,
    "ThreeDay":  0.00000000000182212312289406,
    "ThreeDay_Fluctuation":  0.27352284337604232,
    "Week":  0.00000000000182212312289406,
    "Week_Fluctuation":  0.27352284337604238,
    "Duration":  "00:25:24.6448341",
    "Updated":  "\/Date(1581326216435)\/",
    "Failed":  0,
    "HashRate_Live":  0,
    "HashRate_Average":  0,
    "BlockRate_Live":  3,
    "BlockRate_Average":  14.678401439843631,
    "Actual24h_Week":  0.000815517341100882,
    "Estimate24h_Week":  0.00196287488371221,
    "ErrorRatio":  0.997056626988459
}
