{
    "Live":  0.00000000000003156222,
    "Minute":  0.00000000000003156222,
    "Minute_Fluctuation":  0,
    "Minute_5":  0.0000000000000405457548116101,
    "Minute_5_Fluctuation":  0.30471964510635896,
    "Minute_10":  0.0000000000000432286232273783,
    "Minute_10_Fluctuation":  0.36578827258144309,
    "Hour":  0.0000000000000341526146140778,
    "Hour_Fluctuation":  0.37025146590670072,
    "Day":  0.0000000000000303719094678406,
    "Day_Fluctuation":  0.33543060795095142,
    "ThreeDay":  0.0000000000000303719094678406,
    "ThreeDay_Fluctuation":  0.33543060795095142,
    "Week":  0.0000000000000303719094678406,
    "Week_Fluctuation":  0.33543060795095142,
    "Duration":  "05:35:22.4853224",
    "Updated":  "\/Date(1581326778703)\/",
    "Failed":  0,
    "HashRate_Live":  83065675390,
    "HashRate_Average":  227044227439.29013,
    "BlockRate_Live":  76,
    "BlockRate_Average":  59.174864514989849,
    "Actual24h_Week":  0.0000398481319028632,
    "Estimate24h_Week":  0.0000377006501999812,
    "ErrorRatio":  1
}
