{
    "Live":  0.00000000001927551,
    "Minute":  0.00000000001927551,
    "Minute_Fluctuation":  0,
    "Minute_5":  0.0000000000198872995410031,
    "Minute_5_Fluctuation":  0.0935223723033369,
    "Minute_10":  0.0000000000217319804769712,
    "Minute_10_Fluctuation":  0.16826176427936948,
    "Hour":  0.0000000000238216214888776,
    "Hour_Fluctuation":  0.31029844475433138,
    "Day":  0.0000000000212641313495526,
    "Day_Fluctuation":  0.3751993386823842,
    "ThreeDay":  0.0000000000212641313495526,
    "ThreeDay_Fluctuation":  0.3751993386823842,
    "Week":  0.0000000000212641313495526,
    "Week_Fluctuation":  0.3751993386823842,
    "Duration":  "05:35:22.4853224",
    "Updated":  "\/Date(1581326777418)\/",
    "Failed":  0,
    "HashRate_Live":  3098193,
    "HashRate_Average":  3449696.5609365064,
    "BlockRate_Live":  63,
    "BlockRate_Average":  103.20419221248699,
    "Actual24h_Week":  0.0000149020487450366,
    "Estimate24h_Week":  0.0000230014205786891,
    "ErrorRatio":  0.976958488264962
}
