{
    "Live":  0.00000000000000272226,
    "Minute":  0.00000000000000272226,
    "Minute_Fluctuation":  0.88409113262633687,
    "Minute_5":  0.0000000000000171076115160793,
    "Minute_5_Fluctuation":  0.39400223973148729,
    "Minute_10":  0.0000000000000148884667777577,
    "Minute_10_Fluctuation":  0.53992720649186554,
    "Hour":  0.0000000000000154688872031856,
    "Hour_Fluctuation":  0.44198394747337072,
    "Day":  0.0000000000000149853147913704,
    "Day_Fluctuation":  0.74718298106614123,
    "ThreeDay":  0.0000000000000149853147913704,
    "ThreeDay_Fluctuation":  0.74718298106614123,
    "Week":  0.0000000000000149853147913704,
    "Week_Fluctuation":  0.74718298106614123,
    "Duration":  "05:35:22.4853224",
    "Updated":  "\/Date(1581326777248)\/",
    "Failed":  0,
    "HashRate_Live":  674367132,
    "HashRate_Average":  956462405.57160127,
    "BlockRate_Live":  4,
    "BlockRate_Average":  10.326331557967043,
    "Actual24h_Week":  0.0000209245615020387,
    "Estimate24h_Week":  0.0000205305027460201,
    "ErrorRatio":  1
}
