{
    "Live":  0.00000000000228,
    "Minute":  0.00000000000228,
    "Minute_Fluctuation":  0,
    "Minute_5":  0.0000000000023621178510862,
    "Minute_5_Fluctuation":  0.051596124496883534,
    "Minute_10":  0.00000000000248960027937872,
    "Minute_10_Fluctuation":  0.094933471664966684,
    "Hour":  0.00000000000265264685860768,
    "Hour_Fluctuation":  0.12783517112139969,
    "Day":  0.00000000000244761098406519,
    "Day_Fluctuation":  0.10193468314488931,
    "ThreeDay":  0.00000000000249330178026383,
    "ThreeDay_Fluctuation":  0.10169361138905801,
    "Week":  0.00000000000249878910177255,
    "Week_Fluctuation":  0.10548905150878077,
    "Duration":  "25.20:13:24.0295847",
    "Updated":  "\/Date(1564637012350)\/",
    "Failed":  0,
    "ErrorRatio_Average":  0,
    "HashRate_Average":  3162732797.75487,
    "BlockRate_Average":  676.454247236918,
    "ErrorRatio_Live":  0,
    "HashRate_Live":  2217348450,
    "BlockRate_Live":  690
}
