{
    "Live":  0.00000000000000086543,
    "Minute":  0.00000000000000086543,
    "Minute_Fluctuation":  0,
    "Minute_5":  0.0000000000000009705667410705,
    "Minute_5_Fluctuation":  0.26720259791287193,
    "Minute_10":  0.0000000000000013047633574472,
    "Minute_10_Fluctuation":  0.4107082158638507,
    "Hour":  0.0000000000000014294919959824,
    "Hour_Fluctuation":  0.48859348595632218,
    "Day":  0.0000000000000012526809886537,
    "Day_Fluctuation":  0.43279903533670949,
    "ThreeDay":  0.0000000000000012526809886537,
    "ThreeDay_Fluctuation":  0.43279903533670949,
    "Week":  0.0000000000000012526809886537,
    "Week_Fluctuation":  0.43279903533670949,
    "Duration":  "05:35:22.4853224",
    "Updated":  "\/Date(1581326530291)\/",
    "Failed":  0,
    "HashRate_Live":  0,
    "HashRate_Average":  277304457435.26788,
    "BlockRate_Live":  19,
    "BlockRate_Average":  45.785794254442109,
    "Actual24h_Week":  0.000000737073277485098,
    "Estimate24h_Week":  0.00000112575674463659,
    "ErrorRatio":  0.977407421416894
}
