{
    "Live":  0.00000000000003078,
    "Minute":  0.00000000000003078,
    "Minute_Fluctuation":  2.0503207413151702E-16,
    "Minute_5":  0.0000000000000308299357150017,
    "Minute_5_Fluctuation":  0.0022916076157116858,
    "Minute_10":  0.0000000000000308405964422931,
    "Minute_10_Fluctuation":  0.003993197990388107,
    "Hour":  0.0000000000000305588385101364,
    "Hour_Fluctuation":  0.011403428026913857,
    "Day":  0.0000000000000314611766104896,
    "Day_Fluctuation":  0.050371123384411021,
    "ThreeDay":  0.000000000000032206272788172,
    "ThreeDay_Fluctuation":  0.08299252440722002,
    "Week":  0.000000000000031255683387835,
    "Week_Fluctuation":  0.12375725104029596,
    "Duration":  "12.21:12:50.8903683",
    "Updated":  "\/Date(1581922536319)\/",
    "Failed":  0,
    "HashRate_Live":  0,
    "HashRate_Average":  3352224.7284658221,
    "BlockRate_Live":  0,
    "BlockRate_Average":  0,
    "Actual24h_Week":  0,
    "Estimate24h_Week":  0.0000320284723657137,
    "ErrorRatio":  0
}
