{
    "Live":  0.00000000000137394,
    "Minute":  0.00000000000137394,
    "Minute_Fluctuation":  0,
    "Minute_5":  0.00000000000152295733805249,
    "Minute_5_Fluctuation":  0.2439255166925291,
    "Minute_10":  0.00000000000255681857498145,
    "Minute_10_Fluctuation":  0.55487290358782382,
    "Hour":  0.00000000000784091244788792,
    "Hour_Fluctuation":  0.60424354047307116,
    "Day":  0.0000000000104679040650914,
    "Day_Fluctuation":  0.52742996336343462,
    "ThreeDay":  0.0000000000104679040650914,
    "ThreeDay_Fluctuation":  0.52742996336343462,
    "Week":  0.0000000000104679040650914,
    "Week_Fluctuation":  0.52742996336343462,
    "Duration":  "05:35:22.4853224",
    "Updated":  "\/Date(1581326218242)\/",
    "Failed":  0,
    "HashRate_Live":  0,
    "HashRate_Average":  51914.537185587171,
    "BlockRate_Live":  72,
    "BlockRate_Average":  31.727502581991814,
    "Actual24h_Week":  0.00000475846193478144,
    "Estimate24h_Week":  0.000011110434160548,
    "ErrorRatio":  0.962589643105784
}
