{
    "Live":  0.00000001233,
    "Minute":  0.00000001233,
    "Minute_Fluctuation":  0,
    "Minute_5":  0.0000000122172559106253,
    "Minute_5_Fluctuation":  0.026313628968472141,
    "Minute_10":  0.0000000118185917031935,
    "Minute_10_Fluctuation":  0.082329835500018017,
    "Hour":  0.00000000990407578116176,
    "Hour_Fluctuation":  0.15978992731306288,
    "Day":  0.000000019369793463407,
    "Day_Fluctuation":  0.29650756465611328,
    "ThreeDay":  0.0000000199560951031185,
    "ThreeDay_Fluctuation":  0.25095949522156025,
    "Week":  0.0000000205021901456725,
    "Week_Fluctuation":  0.22396210482766477,
    "Duration":  "8.03:45:20.1270027",
    "Updated":  "\/Date(1581500064049)\/",
    "Failed":  0,
    "HashRate_Live":  2247,
    "HashRate_Average":  1922.604107629551,
    "BlockRate_Live":  68,
    "BlockRate_Average":  70.644006288485016,
    "Actual24h_Week":  0.0000210818828233274,
    "Estimate24h_Week":  0.000021904479974637,
    "ErrorRatio":  0.96244616844307
}
