{
    "Live":  0.00000000000000001384,
    "Minute":  0.00000000000000001384,
    "Minute_Fluctuation":  0,
    "Minute_5":  0.0000000000000000141088639446,
    "Minute_5_Fluctuation":  0.0409443775321785,
    "Minute_10":  0.0000000000000000147374683824,
    "Minute_10_Fluctuation":  0.076156602704818832,
    "Hour":  0.0000000000000000202239087302,
    "Hour_Fluctuation":  0.29089906013657196,
    "Day":  0.0000000000000000321770524728,
    "Day_Fluctuation":  0.254316631284814,
    "ThreeDay":  0.0000000000000000321770524728,
    "ThreeDay_Fluctuation":  0.254316631284814,
    "Week":  0.0000000000000000321770524728,
    "Week_Fluctuation":  0.254316631284814,
    "Duration":  "05:35:22.4853224",
    "Updated":  "\/Date(1581326654135)\/",
    "Failed":  0,
    "HashRate_Live":  0,
    "HashRate_Average":  0,
    "BlockRate_Live":  3,
    "BlockRate_Average":  5.5333162867520809,
    "Actual24h_Week":  0,
    "Estimate24h_Week":  0.0000000322262748745567,
    "ErrorRatio":  0.934564369549707
}
