{
    "Live":  0.00000000670543,
    "Minute":  0.00000000670543,
    "Minute_Fluctuation":  0.0048463305605050645,
    "Minute_5":  0.00000000676752708589672,
    "Minute_5_Fluctuation":  0.051257799309548255,
    "Minute_10":  0.00000000702221645973892,
    "Minute_10_Fluctuation":  0.09138680548299434,
    "Hour":  0.00000000691520353823615,
    "Hour_Fluctuation":  0.092544585773582488,
    "Day":  0.0000000059877372056473,
    "Day_Fluctuation":  0.14445728483008244,
    "ThreeDay":  0.0000000059877372056473,
    "ThreeDay_Fluctuation":  0.14445728483008244,
    "Week":  0.0000000059877372056473,
    "Week_Fluctuation":  0.14445728483008244,
    "Duration":  "05:30:09.8454222",
    "Updated":  "\/Date(1581326775155)\/",
    "Failed":  0,
    "HashRate_Live":  1226623,
    "HashRate_Average":  7854964.7274892181,
    "BlockRate_Live":  62,
    "BlockRate_Average":  82.143863012693146,
    "Actual24h_Week":  0.00000512008190215308,
    "Estimate24h_Week":  0.0000060126863916837,
    "ErrorRatio":  0.990434263646848
}
