{
    "Live":  0.00000000883,
    "Minute":  0.00000000883,
    "Minute_Fluctuation":  0,
    "Minute_5":  0.00000000874518978627764,
    "Minute_5_Fluctuation":  0.01970299375690257,
    "Minute_10":  0.0000000086939968852769,
    "Minute_10_Fluctuation":  0.034021902295550265,
    "Hour":  0.00000000955975898679873,
    "Hour_Fluctuation":  0.088965584280817148,
    "Day":  0.0000000103316882639849,
    "Day_Fluctuation":  0.11019959031663711,
    "ThreeDay":  0.0000000104318997041444,
    "ThreeDay_Fluctuation":  0.12058125080380504,
    "Week":  0.0000000106743818264979,
    "Week_Fluctuation":  0.1302632675034574,
    "Duration":  "7.16:49:39.0682691",
    "Updated":  "\/Date(1581922662790)\/",
    "Failed":  0,
    "HashRate_Live":  281748,
    "HashRate_Average":  327098.76775311655,
    "BlockRate_Live":  52,
    "BlockRate_Average":  51.494068036079149,
    "Actual24h_Week":  0.0000091049710527925,
    "Estimate24h_Week":  0.0000101104519006443,
    "ErrorRatio":  0.900550355440816
}
