{
    "Live":  0.00000000000086746023,
    "Minute":  0.00000000000086746023,
    "Minute_Fluctuation":  0,
    "Minute_5":  0.000000000000611743121027335,
    "Minute_5_Fluctuation":  0.58711772965347975,
    "Minute_10":  0.000000000000507483329552942,
    "Minute_10_Fluctuation":  0.533162823687348,
    "Hour":  0.000000000000254918249142166,
    "Hour_Fluctuation":  0.82712683781641794,
    "Day":  0.000000000000170936669877086,
    "Day_Fluctuation":  0.56528252583725658,
    "ThreeDay":  0.000000000000170936669877086,
    "ThreeDay_Fluctuation":  0.56528252583725658,
    "Week":  0.000000000000170936669877086,
    "Week_Fluctuation":  0.56528252583725658,
    "Duration":  "04:44:50.6178235",
    "Updated":  "\/Date(1581326777952)\/",
    "Failed":  0,
    "HashRate_Live":  62634941,
    "HashRate_Average":  33214590.110045828,
    "BlockRate_Live":  63,
    "BlockRate_Average":  59.088780272409252,
    "Actual24h_Week":  0.0000799999894488546,
    "Estimate24h_Week":  0.000201269247931838,
    "ErrorRatio":  0.966428611760472
}
