{
    "Live":  0.00000034692029,
    "Minute":  0.00000034692029,
    "Minute_Fluctuation":  0,
    "Minute_5":  0.000000335620243923082,
    "Minute_5_Fluctuation":  0.16804931006040713,
    "Minute_10":  0.000000305713539151327,
    "Minute_10_Fluctuation":  0.31790366936757036,
    "Hour":  0.000000375317908840347,
    "Hour_Fluctuation":  0.24875060975509866,
    "Day":  0.000000491749087374387,
    "Day_Fluctuation":  0.20780652623142726,
    "ThreeDay":  0.000000491749087374387,
    "ThreeDay_Fluctuation":  0.20780652623142726,
    "Week":  0.000000491749087374387,
    "Week_Fluctuation":  0.20780652623142726,
    "Duration":  "05:35:22.4853224",
    "Updated":  "\/Date(1581326401938)\/",
    "Failed":  0,
    "HashRate_Live":  0,
    "HashRate_Average":  126.74630447067005,
    "BlockRate_Live":  0,
    "BlockRate_Average":  13.29292397354976,
    "Actual24h_Week":  0.000456962405869985,
    "Estimate24h_Week":  0.000495787806374911,
    "ErrorRatio":  0.9948757018086
}
