{
    "Live":  0.00000000000030421725,
    "Minute":  0.00000000000030421725,
    "Minute_Fluctuation":  0,
    "Minute_5":  0.000000000000526779368460768,
    "Minute_5_Fluctuation":  0.5542977848792201,
    "Minute_10":  0.000000000000535559133261674,
    "Minute_10_Fluctuation":  0.41236565840711342,
    "Hour":  0.000000000000335430668111278,
    "Hour_Fluctuation":  0.60275451119504508,
    "Day":  0.000000000000242112011933868,
    "Day_Fluctuation":  0.38959635262009651,
    "ThreeDay":  0.000000000000242112011933868,
    "ThreeDay_Fluctuation":  0.38959635262009651,
    "Week":  0.000000000000242112011933868,
    "Week_Fluctuation":  0.38959635262009651,
    "Duration":  "05:35:22.4853224",
    "Updated":  "\/Date(1581326778724)\/",
    "Failed":  0,
    "HashRate_Live":  47709883644,
    "HashRate_Average":  44714493239.749123,
    "BlockRate_Live":  63,
    "BlockRate_Average":  76.668545831398262,
    "Actual24h_Week":  0.000323658858976519,
    "Estimate24h_Week":  0.000342460011444434,
    "ErrorRatio":  0.99640756519355
}
