{
    "Live":  0.00000000000000060094,
    "Minute":  0.00000000000000060094,
    "Minute_Fluctuation":  0,
    "Minute_5":  0.0000000000000006699172991137,
    "Minute_5_Fluctuation":  0.16455181097137758,
    "Minute_10":  0.0000000000000008030974310152,
    "Minute_10_Fluctuation":  0.25598972044664242,
    "Hour":  0.0000000000000011510061879953,
    "Hour_Fluctuation":  0.39820356664499618,
    "Day":  0.0000000000000009856404458775,
    "Day_Fluctuation":  0.45354718139972888,
    "ThreeDay":  0.0000000000000009856404458775,
    "ThreeDay_Fluctuation":  0.45354718139972888,
    "Week":  0.0000000000000009856404458775,
    "Week_Fluctuation":  0.45354718139972888,
    "Duration":  "05:35:22.4853224",
    "Updated":  "\/Date(1581326653309)\/",
    "Failed":  0,
    "HashRate_Live":  0,
    "HashRate_Average":  129193718069.10855,
    "BlockRate_Live":  58,
    "BlockRate_Average":  72.663188536726267,
    "Actual24h_Week":  0.00000058191012112365,
    "Estimate24h_Week":  0.00000101448358950366,
    "ErrorRatio":  0.972098397734196
}
