{
    "Live":  0.000000000000122999,
    "Minute":  0.000000000000122999,
    "Minute_Fluctuation":  0,
    "Minute_5":  0.000000000000121987699181432,
    "Minute_5_Fluctuation":  0.022606319142855595,
    "Minute_10":  0.000000000000125550942417661,
    "Minute_10_Fluctuation":  0.082066188242903515,
    "Hour":  0.000000000000123822315220096,
    "Hour_Fluctuation":  0.16684460659199746,
    "Day":  0.000000000000102813129467863,
    "Day_Fluctuation":  0.15644927250071936,
    "ThreeDay":  0.000000000000102813129467863,
    "ThreeDay_Fluctuation":  0.15644927250071944,
    "Week":  0.000000000000102813129467863,
    "Week_Fluctuation":  0.15644927250071941,
    "Duration":  "05:35:22.4853224",
    "Updated":  "\/Date(1581326652239)\/",
    "Failed":  0,
    "HashRate_Live":  0,
    "HashRate_Average":  17400828.813507084,
    "BlockRate_Live":  0,
    "BlockRate_Average":  0.022479133584506591,
    "Actual24h_Week":  0.0000340093245519922,
    "Estimate24h_Week":  0.000103744300688652,
    "ErrorRatio":  0.956015394603381
}
