{
    "Live":  0.00000000000000067682,
    "Minute":  0.00000000000000067682,
    "Minute_Fluctuation":  0,
    "Minute_5":  0.0000000000000007408065817413,
    "Minute_5_Fluctuation":  0.22222356974180119,
    "Minute_10":  0.0000000000000010194194325837,
    "Minute_10_Fluctuation":  0.4823665390090035,
    "Hour":  0.0000000000000017955528607406,
    "Hour_Fluctuation":  0.543245904510039,
    "Day":  0.0000000000000022198601569323,
    "Day_Fluctuation":  0.46827718917413658,
    "ThreeDay":  0.0000000000000022198601569323,
    "ThreeDay_Fluctuation":  0.46827718917413658,
    "Week":  0.0000000000000022198601569323,
    "Week_Fluctuation":  0.46827718917413658,
    "Duration":  "05:35:22.4853224",
    "Updated":  "\/Date(1581326216410)\/",
    "Failed":  0,
    "HashRate_Live":  0,
    "HashRate_Average":  12226836482.35635,
    "BlockRate_Live":  4,
    "BlockRate_Average":  10.681451213332101,
    "Actual24h_Week":  0.00000128056941457863,
    "Estimate24h_Week":  0.00000219731345931425,
    "ErrorRatio":  0.972699514366262
}
