{
    "Live":  0.00000005396917,
    "Minute":  0.00000005396917,
    "Minute_Fluctuation":  0,
    "Minute_5":  0.0000000540316114466698,
    "Minute_5_Fluctuation":  0.016773720175002962,
    "Minute_10":  0.0000000534238327877924,
    "Minute_10_Fluctuation":  0.040384624296803173,
    "Hour":  0.0000000514480296173113,
    "Hour_Fluctuation":  0.0591321250051679,
    "Day":  0.000000049673961686572,
    "Day_Fluctuation":  0.072240210555143583,
    "ThreeDay":  0.000000049673961686572,
    "ThreeDay_Fluctuation":  0.072240210555143583,
    "Week":  0.000000049673961686572,
    "Week_Fluctuation":  0.072240210555143583,
    "Duration":  "05:35:22.4853224",
    "Updated":  "\/Date(1581326778489)\/",
    "Failed":  0,
    "HashRate_Live":  6580,
    "HashRate_Average":  3295.4260778015,
    "BlockRate_Live":  2,
    "BlockRate_Average":  0.97519767415340519,
    "Actual24h_Week":  0.0000508827275302624,
    "Estimate24h_Week":  0.0000486708324180257,
    "ErrorRatio":  1
}
