{
    "Live":  0.00000000000012,
    "Minute":  0.00000000000012,
    "Minute_Fluctuation":  0,
    "Minute_5":  0.000000000000156086572965993,
    "Minute_5_Fluctuation":  0.43504612071410931,
    "Minute_10":  0.00000000000027608184803056,
    "Minute_10_Fluctuation":  0.61432857089123694,
    "Hour":  0.000000000000349429290039827,
    "Hour_Fluctuation":  0.69420085672993259,
    "Day":  0.000000000000292739067877164,
    "Day_Fluctuation":  0.65880370870047478,
    "ThreeDay":  0.000000000000756741807377584,
    "ThreeDay_Fluctuation":  0.62045017754660325,
    "Week":  0.00000000000143595389329162,
    "Week_Fluctuation":  0.47657791221368589,
    "Duration":  "12.21:12:50.8903683",
    "Updated":  "\/Date(1581922660016)\/",
    "Failed":  0,
    "HashRate_Live":  9391662,
    "HashRate_Average":  9296134.2190444637,
    "BlockRate_Live":  3,
    "BlockRate_Average":  3.0528583183631466,
    "Actual24h_Week":  0.00000062648878100745,
    "Estimate24h_Week":  0.000000343034160056142,
    "ErrorRatio":  1.82631601734625
}
