{
    "Live":  0.00000000000000001423111,
    "Minute":  0.00000000000000001423111,
    "Minute_Fluctuation":  2.1653180328305921E-16,
    "Minute_5":  0.0000000000000000148412688574,
    "Minute_5_Fluctuation":  0.069190109633088914,
    "Minute_10":  0.0000000000000000158092452884,
    "Minute_10_Fluctuation":  0.11197694724974466,
    "Hour":  0.0000000000000000165452967831,
    "Hour_Fluctuation":  0.12848827302206742,
    "Day":  0.0000000000000000158808980357,
    "Day_Fluctuation":  0.11607048898603804,
    "ThreeDay":  0.0000000000000000163036381681,
    "ThreeDay_Fluctuation":  0.11203083736281604,
    "Week":  0.0000000000000000166429327276,
    "Week_Fluctuation":  0.10690124470002672,
    "Duration":  "7.16:49:39.0682691",
    "Updated":  "\/Date(1581922662972)\/",
    "Failed":  0,
    "HashRate_Live":  2863227352056440,
    "HashRate_Average":  2857564177416871.5,
    "BlockRate_Live":  133,
    "BlockRate_Average":  131.86092679752517,
    "Actual24h_Week":  0.0141992147783148,
    "Estimate24h_Week":  0.0159932956578127,
    "ErrorRatio":  0.88782294044433
}
