{
    "Live":  0.00000000000146709,
    "Minute":  0.00000000000146709,
    "Minute_Fluctuation":  0.048456349721105192,
    "Minute_5":  0.00000000000147202660228455,
    "Minute_5_Fluctuation":  0.064029980699245315,
    "Minute_10":  0.00000000000140286055508677,
    "Minute_10_Fluctuation":  0.097518461401186377,
    "Hour":  0.00000000000129414499428086,
    "Hour_Fluctuation":  0.11919817598330507,
    "Day":  0.00000000000132835543746293,
    "Day_Fluctuation":  0.12677800400015865,
    "ThreeDay":  0.00000000000132835543746293,
    "ThreeDay_Fluctuation":  0.12677800400015865,
    "Week":  0.00000000000132835543746293,
    "Week_Fluctuation":  0.12677800400015865,
    "Duration":  "05:35:22.4853224",
    "Updated":  "\/Date(1581326778601)\/",
    "Failed":  0,
    "HashRate_Live":  680918667,
    "HashRate_Average":  844254710.69298124,
    "BlockRate_Live":  42,
    "BlockRate_Average":  52.846157022136694,
    "Actual24h_Week":  0.00000134744197402152,
    "Estimate24h_Week":  0.00000136944406008534,
    "ErrorRatio":  0.998948682596997
}
