{
    "Live":  0.00000000000000035822,
    "Minute":  0.00000000000000035822,
    "Minute_Fluctuation":  0.086616180932711145,
    "Minute_5":  0.0000000000000004047857905762,
    "Minute_5_Fluctuation":  0.097755052193541941,
    "Minute_10":  0.0000000000000004224320571682,
    "Minute_10_Fluctuation":  0.1310610156639869,
    "Hour":  0.000000000000000467952049332,
    "Hour_Fluctuation":  0.22149656146655156,
    "Day":  0.0000000000000005013396909781,
    "Day_Fluctuation":  0.25989196517896995,
    "ThreeDay":  0.0000000000000005013396909781,
    "ThreeDay_Fluctuation":  0.25989196517896995,
    "Week":  0.0000000000000005013396909781,
    "Week_Fluctuation":  0.25989196517896995,
    "Duration":  "05:35:22.4853224",
    "Updated":  "\/Date(1581326778717)\/",
    "Failed":  0,
    "HashRate_Live":  1463259394554,
    "HashRate_Average":  3824787694893.668,
    "BlockRate_Live":  8,
    "BlockRate_Average":  12.740335105292143,
    "Actual24h_Week":  0.00000055359059681743,
    "Estimate24h_Week":  0.00000052884236740128,
    "ErrorRatio":  1
}
