{
    "Live":  0.00000000000000347,
    "Minute":  0.00000000000000347,
    "Minute_Fluctuation":  2.2733743666311579E-16,
    "Minute_5":  0.0000000000000041940523521246,
    "Minute_5_Fluctuation":  0.1544990488251636,
    "Minute_10":  0.0000000000000044638123116091,
    "Minute_10_Fluctuation":  0.13844805646640496,
    "Hour":  0.0000000000000041987479819731,
    "Hour_Fluctuation":  0.32455065566584235,
    "Day":  0.0000000000000015577098472634,
    "Day_Fluctuation":  0.24551736959754936,
    "ThreeDay":  0.0000000000000016567034841243,
    "ThreeDay_Fluctuation":  0.68551336546815433,
    "Week":  0.0000000000000017614445873079,
    "Week_Fluctuation":  0.572964847713462,
    "Duration":  "7.13:48:59.3187195",
    "Updated":  "\/Date(1581922662700)\/",
    "Failed":  0,
    "HashRate_Live":  36796989143,
    "HashRate_Average":  31394059961.639,
    "BlockRate_Live":  0,
    "BlockRate_Average":  0.0020390314341389181,
    "Actual24h_Week":  0.000000150057481656845,
    "Estimate24h_Week":  0.00000246319790347449,
    "ErrorRatio":  0.0609197829557989
}
