{
    "Live":  0.00000000000000135,
    "Minute":  0.00000000000000135,
    "Minute_Fluctuation":  1.4608535281870589E-16,
    "Minute_5":  0.0000000000000013529660647746,
    "Minute_5_Fluctuation":  0.0035119085536351258,
    "Minute_10":  0.0000000000000013520545594729,
    "Minute_10_Fluctuation":  0.0033949727492515571,
    "Hour":  0.0000000000000013540192142395,
    "Hour_Fluctuation":  0.004515503842721898,
    "Day":  0.0000000000000014068579675182,
    "Day_Fluctuation":  0.029734122919066432,
    "ThreeDay":  0.0000000000000014631520208517,
    "ThreeDay_Fluctuation":  0.095079631419081587,
    "Week":  0.0000000000000015939272764509,
    "Week_Fluctuation":  0.2201745820418361,
    "Duration":  "12.21:12:50.8903683",
    "Updated":  "\/Date(1581922660433)\/",
    "Failed":  0,
    "HashRate_Live":  0,
    "HashRate_Average":  4.2263956912824848E-112,
    "BlockRate_Live":  0,
    "BlockRate_Average":  0,
    "Actual24h_Week":  0,
    "Estimate24h_Week":  0.00000142707427054385,
    "ErrorRatio":  0
}
