{
    "Live":  0.00000000000000070456,
    "Minute":  0.00000000000000070456,
    "Minute_Fluctuation":  0.17815457677000779,
    "Minute_5":  0.0000000000000006223187900486,
    "Minute_5_Fluctuation":  0.14304162864281636,
    "Minute_10":  0.0000000000000006528761094478,
    "Minute_10_Fluctuation":  0.25079319160760211,
    "Hour":  0.0000000000000008194350875467,
    "Hour_Fluctuation":  0.43127935332034811,
    "Day":  0.0000000000000009035700782639,
    "Day_Fluctuation":  0.553450946755399,
    "ThreeDay":  0.0000000000000009035700782639,
    "ThreeDay_Fluctuation":  0.553450946755399,
    "Week":  0.0000000000000009035700782639,
    "Week_Fluctuation":  0.553450946755399,
    "Duration":  "05:35:22.4853224",
    "Updated":  "\/Date(1581326777123)\/",
    "Failed":  0,
    "HashRate_Live":  0,
    "HashRate_Average":  6069553704.3065176,
    "BlockRate_Live":  4,
    "BlockRate_Average":  3.9820513141034009,
    "Actual24h_Week":  0.000000275121895276205,
    "Estimate24h_Week":  0.000000806254829819959,
    "ErrorRatio":  0.956893258633197
}
