{
    "Live":  0.0000000000000010573,
    "Minute":  0.0000000000000010573,
    "Minute_Fluctuation":  0,
    "Minute_5":  0.0000000000000010573,
    "Minute_5_Fluctuation":  0,
    "Minute_10":  0.0000000000000010573,
    "Minute_10_Fluctuation":  0,
    "Hour":  0.0000000000000010573,
    "Hour_Fluctuation":  0,
    "Day":  0.0000000000000010573,
    "Day_Fluctuation":  0,
    "ThreeDay":  0.0000000000000010573,
    "ThreeDay_Fluctuation":  0,
    "Week":  0.0000000000000010573,
    "Week_Fluctuation":  0,
    "Duration":  "00:11:51.5334205",
    "Updated":  "\/Date(1580836940381)\/",
    "Failed":  0,
    "HashRate_Live":  0,
    "HashRate_Average":  0,
    "BlockRate_Live":  194,
    "BlockRate_Average":  194,
    "Actual24h_Week":  0.00000149087449121496,
    "Estimate24h_Week":  0.0000050993605209072,
    "ErrorRatio":  0.998335946504642
}
