{
    "Live":  0.00000000000001010077,
    "Minute":  0.00000000000001010077,
    "Minute_Fluctuation":  0.081542054323536145,
    "Minute_5":  0.0000000000000093061278426436,
    "Minute_5_Fluctuation":  0.17996938119334216,
    "Minute_10":  0.0000000000000095679523735788,
    "Minute_10_Fluctuation":  0.29760223322825852,
    "Hour":  0.0000000000000098515638883668,
    "Hour_Fluctuation":  0.49740713893285388,
    "Day":  0.0000000000000154397639842832,
    "Day_Fluctuation":  0.53529423406714183,
    "ThreeDay":  0.0000000000000154397639842832,
    "ThreeDay_Fluctuation":  0.53529423406714183,
    "Week":  0.0000000000000154397639842832,
    "Week_Fluctuation":  0.53529423406714183,
    "Duration":  "05:35:22.4853224",
    "Updated":  "\/Date(1581326776997)\/",
    "Failed":  0,
    "HashRate_Live":  1752255031,
    "HashRate_Average":  1635022883.403579,
    "BlockRate_Live":  10,
    "BlockRate_Average":  8.6082136096108535,
    "Actual24h_Week":  0.0000125725539550547,
    "Estimate24h_Week":  0.0000104000814395793,
    "ErrorRatio":  1
}
