{
    "Live":  0.00000000000000005718,
    "Minute":  0.00000000000000005718,
    "Minute_Fluctuation":  0,
    "Minute_5":  0.0000000000000000547016056603,
    "Minute_5_Fluctuation":  0.0656655146035488,
    "Minute_10":  0.0000000000000000539839377033,
    "Minute_10_Fluctuation":  0.087444224312746108,
    "Hour":  0.000000000000000048835346694,
    "Hour_Fluctuation":  0.312570002584473,
    "Day":  0.0000000000000000398829911956,
    "Day_Fluctuation":  0.29770738630348437,
    "ThreeDay":  0.0000000000000000417395565147,
    "ThreeDay_Fluctuation":  0.34598863396527674,
    "Week":  0.0000000000000000412716366215,
    "Week_Fluctuation":  0.3664971977416473,
    "Duration":  "12.21:12:50.8903683",
    "Updated":  "\/Date(1581922660379)\/",
    "Failed":  0,
    "HashRate_Live":  17690631917520,
    "HashRate_Average":  14892060643157.313,
    "BlockRate_Live":  87,
    "BlockRate_Average":  87.2913126456339,
    "Actual24h_Week":  0.000028829961908142,
    "Estimate24h_Week":  0.0000404378101977611,
    "ErrorRatio":  0.712945675523701
}
