{
    "Live":  0.00000000000005736118,
    "Minute":  0.00000000000005736118,
    "Minute_Fluctuation":  0.73994223717251573,
    "Minute_5":  0.000000000000150038059891616,
    "Minute_5_Fluctuation":  0.51115036388864465,
    "Minute_10":  0.000000000000128012947333324,
    "Minute_10_Fluctuation":  0.45504296832127605,
    "Hour":  0.000000000000136802854106314,
    "Hour_Fluctuation":  0.67770752226533093,
    "Day":  0.000000000000157501044403668,
    "Day_Fluctuation":  0.625071782716996,
    "ThreeDay":  0.000000000000157501044403668,
    "ThreeDay_Fluctuation":  0.625071782716996,
    "Week":  0.000000000000157501044403668,
    "Week_Fluctuation":  0.625071782716996,
    "Duration":  "05:35:22.4853224",
    "Updated":  "\/Date(1581326776407)\/",
    "Failed":  0,
    "HashRate_Live":  96936817530,
    "HashRate_Average":  107472237110.91515,
    "BlockRate_Live":  848,
    "BlockRate_Average":  935.50379522392473,
    "Actual24h_Week":  0.000150599931961722,
    "Estimate24h_Week":  0.000165930570018411,
    "ErrorRatio":  0.993954278790621
}
