{
    "Live":  0.00000000000000089781,
    "Minute":  0.00000000000000089781,
    "Minute_Fluctuation":  0.17815103995800782,
    "Minute_5":  0.000000000000000725110748055,
    "Minute_5_Fluctuation":  0.26122255983289555,
    "Minute_10":  0.0000000000000006062072041273,
    "Minute_10_Fluctuation":  0.61855098252879115,
    "Hour":  0.0000000000000006183362819025,
    "Hour_Fluctuation":  0.37067539523349935,
    "Day":  0.0000000000000008381343642095,
    "Day_Fluctuation":  0.38798023427651884,
    "ThreeDay":  0.0000000000000008381343642095,
    "ThreeDay_Fluctuation":  0.38798023427651884,
    "Week":  0.0000000000000008381343642095,
    "Week_Fluctuation":  0.38798023427651884,
    "Duration":  "04:37:27.2435122",
    "Updated":  "\/Date(1581326777132)\/",
    "Failed":  0,
    "HashRate_Live":  0,
    "HashRate_Average":  104027986.87188253,
    "BlockRate_Live":  0,
    "BlockRate_Average":  1.1240248997610369,
    "Actual24h_Week":  0.000000309086608785542,
    "Estimate24h_Week":  0.000000917187697925382,
    "ErrorRatio":  0.964003558268044
}
