{
    "Live":  0.00000000000068276,
    "Minute":  0.00000000000068276,
    "Minute_Fluctuation":  1.4789120022890841E-16,
    "Minute_5":  0.000000000000661886798128073,
    "Minute_5_Fluctuation":  0.044097437612289847,
    "Minute_10":  0.000000000000641388419059722,
    "Minute_10_Fluctuation":  0.076504946383662634,
    "Hour":  0.00000000000052401334797806,
    "Hour_Fluctuation":  0.19110089900851707,
    "Day":  0.000000000000547277737344468,
    "Day_Fluctuation":  0.49389849726991741,
    "ThreeDay":  0.000000000000688316261954597,
    "ThreeDay_Fluctuation":  0.52640692876306772,
    "Week":  0.000000000000912807812608828,
    "Week_Fluctuation":  0.49462543590655267,
    "Duration":  "12.19:11:43.0915598",
    "Updated":  "\/Date(1581922661561)\/",
    "Failed":  0,
    "HashRate_Live":  1236711763,
    "HashRate_Average":  1236323420.5976284,
    "BlockRate_Live":  746,
    "BlockRate_Average":  709.10388700661838,
    "Actual24h_Week":  0.00225389450308531,
    "Estimate24h_Week":  0.00234099175477244,
    "ErrorRatio":  0.962794720865814
}
