{
    "Live":  0.00000000000122,
    "Minute":  0.00000000000122,
    "Minute_Fluctuation":  1.6553146863654016E-16,
    "Minute_5":  0.0000000000012336105442365,
    "Minute_5_Fluctuation":  0.031739904819317363,
    "Minute_10":  0.0000000000012440873454354,
    "Minute_10_Fluctuation":  0.035538183007453643,
    "Hour":  0.00000000000123188597529489,
    "Hour_Fluctuation":  0.058640996313094239,
    "Day":  0.00000000000136158955078628,
    "Day_Fluctuation":  0.12083025175708104,
    "ThreeDay":  0.00000000000140687996973009,
    "ThreeDay_Fluctuation":  0.12501906724646808,
    "Week":  0.00000000000139468127891236,
    "Week_Fluctuation":  0.15686295543803608,
    "Duration":  "12.21:09:24.0086969",
    "Updated":  "\/Date(1581922663684)\/",
    "Failed":  0,
    "HashRate_Live":  1699684631,
    "HashRate_Average":  1306322392.3961072,
    "BlockRate_Live":  232,
    "BlockRate_Average":  245.49589252553295,
    "Actual24h_Week":  0.00000142468195343556,
    "Estimate24h_Week":  0.00000145515490107544,
    "ErrorRatio":  0.979058622819223
}
