{
    "Live":  0.00000000000003754511,
    "Minute":  0.00000000000003754511,
    "Minute_Fluctuation":  0,
    "Minute_5":  0.0000000000000377908722297503,
    "Minute_5_Fluctuation":  0.02504970532089594,
    "Minute_10":  0.0000000000000375752196293606,
    "Minute_10_Fluctuation":  0.064285180301906178,
    "Hour":  0.0000000000000306943801295515,
    "Hour_Fluctuation":  0.26895842347059074,
    "Day":  0.0000000000000427240502361648,
    "Day_Fluctuation":  0.34354020251894751,
    "ThreeDay":  0.0000000000000427240502361648,
    "ThreeDay_Fluctuation":  0.34354020251894751,
    "Week":  0.0000000000000427240502361648,
    "Week_Fluctuation":  0.34354020251894751,
    "Duration":  "05:35:22.4853224",
    "Updated":  "\/Date(1581326654362)\/",
    "Failed":  0,
    "HashRate_Live":  0,
    "HashRate_Average":  2741600863.1587205,
    "BlockRate_Live":  0,
    "BlockRate_Average":  0.030837644652714286,
    "Actual24h_Week":  0.0000171136842006523,
    "Estimate24h_Week":  0.0000435214146711783,
    "ErrorRatio":  0.960295259123444
}
