{
    "Live":  0.00000001488,
    "Minute":  0.00000001488,
    "Minute_Fluctuation":  0,
    "Minute_5":  0.0000000153162266636507,
    "Minute_5_Fluctuation":  0.05643745474006006,
    "Minute_10":  0.0000000156925295770705,
    "Minute_10_Fluctuation":  0.079410916873970019,
    "Hour":  0.0000000169816960057614,
    "Hour_Fluctuation":  0.13291737920992472,
    "Day":  0.0000000181918705909248,
    "Day_Fluctuation":  0.11202340881183066,
    "ThreeDay":  0.0000000183759957357007,
    "ThreeDay_Fluctuation":  0.12490548000523742,
    "Week":  0.0000000178964869459719,
    "Week_Fluctuation":  0.15154413476116729,
    "Duration":  "12.21:09:24.0086969",
    "Updated":  "\/Date(1581922664277)\/",
    "Failed":  0,
    "HashRate_Live":  44448,
    "HashRate_Average":  45669.101445468536,
    "BlockRate_Live":  257,
    "BlockRate_Average":  259.9939330798889,
    "Actual24h_Week":  0.0000188176307056776,
    "Estimate24h_Week":  0.0000188294179092923,
    "ErrorRatio":  0.99937400063712
}
