{
    "Live":  0.00000000000019066121,
    "Minute":  0.00000000000019066121,
    "Minute_Fluctuation":  0.0018100879418265949,
    "Minute_5":  0.00000000000019024021164739,
    "Minute_5_Fluctuation":  0.01488274865911543,
    "Minute_10":  0.000000000000190681580463901,
    "Minute_10_Fluctuation":  0.027540603613093125,
    "Hour":  0.00000000000018580199953408,
    "Hour_Fluctuation":  0.060258153486337909,
    "Day":  0.000000000000191299522656887,
    "Day_Fluctuation":  0.11021242622791301,
    "ThreeDay":  0.000000000000191299522656887,
    "ThreeDay_Fluctuation":  0.11021242622791305,
    "Week":  0.000000000000191299522656887,
    "Week_Fluctuation":  0.11021242622791305,
    "Duration":  "05:35:22.4853224",
    "Updated":  "\/Date(1581326776656)\/",
    "Failed":  0,
    "HashRate_Live":  0,
    "HashRate_Average":  52243606.01663059,
    "BlockRate_Live":  0,
    "BlockRate_Average":  10.891477742090576,
    "Actual24h_Week":  0.0000478698363520937,
    "Estimate24h_Week":  0.000191179582081917,
    "ErrorRatio":  0.950948927393909
}
