{
    "Live":  0.00000000000016070187,
    "Minute":  0.00000000000016070187,
    "Minute_Fluctuation":  0.0021482640836361154,
    "Minute_5":  0.000000000000236989795255946,
    "Minute_5_Fluctuation":  0.36487381815821684,
    "Minute_10":  0.000000000000261285789015586,
    "Minute_10_Fluctuation":  0.31615705722291415,
    "Hour":  0.000000000000276671618523623,
    "Hour_Fluctuation":  0.29949457339112778,
    "Day":  0.00000000000026669682854473,
    "Day_Fluctuation":  0.31625227873687761,
    "ThreeDay":  0.00000000000026669682854473,
    "ThreeDay_Fluctuation":  0.31625227873687761,
    "Week":  0.00000000000026669682854473,
    "Week_Fluctuation":  0.31625227873687761,
    "Duration":  "05:35:22.4853224",
    "Updated":  "\/Date(1581326776875)\/",
    "Failed":  0,
    "HashRate_Live":  7645084289,
    "HashRate_Average":  5589990777.2645359,
    "BlockRate_Live":  71,
    "BlockRate_Average":  77.113575841397548,
    "Actual24h_Week":  0.000314110020303205,
    "Estimate24h_Week":  0.000273073728600504,
    "ErrorRatio":  1
}
