{
    "Live":  0.00000000000019,
    "Minute":  0.00000000000019,
    "Minute_Fluctuation":  0,
    "Minute_5":  0.000000000000176403455653002,
    "Minute_5_Fluctuation":  0.11930145786359668,
    "Minute_10":  0.000000000000242887004907716,
    "Minute_10_Fluctuation":  0.50687928441546171,
    "Hour":  0.00000000000140001166610578,
    "Hour_Fluctuation":  0.80851401175275783,
    "Day":  0.00000000000186815964896201,
    "Day_Fluctuation":  0.75547451390640563,
    "ThreeDay":  0.00000000000179381713975307,
    "ThreeDay_Fluctuation":  0.77817635279490327,
    "Week":  0.00000000000171922247338849,
    "Week_Fluctuation":  0.74683661696794856,
    "Duration":  "11.05:22:20.3925232",
    "Updated":  "\/Date(1581922663414)\/",
    "Failed":  0,
    "HashRate_Live":  0,
    "HashRate_Average":  18610342.432926551,
    "BlockRate_Live":  17,
    "BlockRate_Average":  15.924451164213945,
    "Actual24h_Week":  0.00000200392429551863,
    "Estimate24h_Week":  0.0000020161006319676,
    "ErrorRatio":  0.993960452044952
}
