{
    "Live":  0.00000000000000151465693,
    "Minute":  0.00000000000000151465693,
    "Minute_Fluctuation":  0.080983191616551972,
    "Minute_5":  0.0000000000000015977035085415,
    "Minute_5_Fluctuation":  0.0714151201350695,
    "Minute_10":  0.0000000000000016094429764615,
    "Minute_10_Fluctuation":  0.1034470610275286,
    "Hour":  0.0000000000000020705862790613,
    "Hour_Fluctuation":  0.30186838001031557,
    "Day":  0.0000000000000032300350649961,
    "Day_Fluctuation":  0.43359142847507337,
    "ThreeDay":  0.0000000000000032300350649961,
    "ThreeDay_Fluctuation":  0.43359142847507337,
    "Week":  0.0000000000000032300350649961,
    "Week_Fluctuation":  0.43359142847507337,
    "Duration":  "05:35:22.4853224",
    "Updated":  "\/Date(1581326777626)\/",
    "Failed":  0,
    "HashRate_Live":  50175067867,
    "HashRate_Average":  50134770082.901619,
    "BlockRate_Live":  0,
    "BlockRate_Average":  0.33078706535661212,
    "Actual24h_Week":  0.00312780033971472,
    "Estimate24h_Week":  0.00320646746691714,
    "ErrorRatio":  0.998394609295957
}
