{
    "Live":  0.00000000000000001581520786,
    "Minute":  0.00000000000000001581520786,
    "Minute_Fluctuation":  0,
    "Minute_5":  0.0000000000000000158169710264,
    "Minute_5_Fluctuation":  0.0093188024107336512,
    "Minute_10":  0.0000000000000000157601679141,
    "Minute_10_Fluctuation":  0.024046147567527973,
    "Hour":  0.000000000000000016966101889,
    "Hour_Fluctuation":  0.065809621801302717,
    "Day":  0.0000000000000000180051304219,
    "Day_Fluctuation":  0.0455234639543087,
    "ThreeDay":  0.0000000000000000180051304219,
    "ThreeDay_Fluctuation":  0.0455234639543087,
    "Week":  0.0000000000000000180051304219,
    "Week_Fluctuation":  0.0455234639543087,
    "Duration":  "05:00:47.2244986",
    "Updated":  "\/Date(1580940681387)\/",
    "Failed":  0,
    "HashRate_Live":  0,
    "HashRate_Average":  10962851031339.984,
    "BlockRate_Live":  0,
    "BlockRate_Average":  0,
    "Actual24h_Week":  0,
    "Estimate24h_Week":  0.0177363970537678,
    "ErrorRatio":  0.941210449666
}
