{
    "Live":  0.0000000073602,
    "Minute":  0.0000000073602,
    "Minute_Fluctuation":  0,
    "Minute_5":  0.00000000733285977922429,
    "Minute_5_Fluctuation":  0.020747220977666361,
    "Minute_10":  0.00000000715494972570227,
    "Minute_10_Fluctuation":  0.0560180822630418,
    "Hour":  0.00000000665973117509017,
    "Hour_Fluctuation":  0.093348978867711846,
    "Day":  0.00000000575035303533604,
    "Day_Fluctuation":  0.17497318211061033,
    "ThreeDay":  0.00000000575035303533604,
    "ThreeDay_Fluctuation":  0.17497318211061033,
    "Week":  0.00000000575035303533604,
    "Week_Fluctuation":  0.17497318211061033,
    "Duration":  "05:22:41.0572807",
    "Updated":  "\/Date(1581326777476)\/",
    "Failed":  0,
    "HashRate_Live":  1484622,
    "HashRate_Average":  492239.93202210561,
    "BlockRate_Live":  7,
    "BlockRate_Average":  27.143512991573843,
    "Actual24h_Week":  0.00000492376653942668,
    "Estimate24h_Week":  0.00000563784974121863,
    "ErrorRatio":  0.992020512839489
}
