{
    "Live":  0.00000000000000001426923169,
    "Minute":  0.00000000000000001426923169,
    "Minute_Fluctuation":  2.5060987564697967E-05,
    "Minute_5":  0.000000000000000014326630119,
    "Minute_5_Fluctuation":  0.014110503106986192,
    "Minute_10":  0.00000000000000001456912672,
    "Minute_10_Fluctuation":  0.036211435765645249,
    "Hour":  0.000000000000000015129511962,
    "Hour_Fluctuation":  0.10077317561352682,
    "Day":  0.0000000000000000148296121474,
    "Day_Fluctuation":  0.19858063861332145,
    "ThreeDay":  0.0000000000000000148296121474,
    "ThreeDay_Fluctuation":  0.19858063861332145,
    "Week":  0.0000000000000000148296121474,
    "Week_Fluctuation":  0.19858063861332145,
    "Duration":  "05:35:22.4853224",
    "Updated":  "\/Date(1581326775343)\/",
    "Failed":  0,
    "HashRate_Live":  737874923323,
    "HashRate_Average":  21285364997908.336,
    "BlockRate_Live":  21,
    "BlockRate_Average":  15.917896382973534,
    "Actual24h_Week":  0.0104088109431729,
    "Estimate24h_Week":  0.0149342964684139,
    "ErrorRatio":  0.980171278970916
}
