{
    "Live":  0.00000000000017417,
    "Minute":  0.00000000000017417,
    "Minute_Fluctuation":  0.17817763647432874,
    "Minute_5":  0.000000000000158826661877009,
    "Minute_5_Fluctuation":  0.19105646493280928,
    "Minute_10":  0.000000000000258517061591941,
    "Minute_10_Fluctuation":  0.56591938867206837,
    "Hour":  0.00000000000085286888210494,
    "Hour_Fluctuation":  0.6133948798630261,
    "Day":  0.0000000000010449393948324,
    "Day_Fluctuation":  0.5863346872622095,
    "ThreeDay":  0.0000000000010449393948324,
    "ThreeDay_Fluctuation":  0.5863346872622095,
    "Week":  0.0000000000010449393948324,
    "Week_Fluctuation":  0.5863346872622095,
    "Duration":  "03:54:44.7745437",
    "Updated":  "\/Date(1581326777319)\/",
    "Failed":  0,
    "HashRate_Live":  0,
    "HashRate_Average":  2831528.2767674997,
    "BlockRate_Live":  16,
    "BlockRate_Average":  10.963219364848506,
    "Actual24h_Week":  0.000000775396741581422,
    "Estimate24h_Week":  0.00000104167942052796,
    "ErrorRatio":  0.988232335466103
}
