{
    "Live":  0.00000000000012605566,
    "Minute":  0.00000000000012605566,
    "Minute_Fluctuation":  0.081546951959163949,
    "Minute_5":  0.000000000000113392037131243,
    "Minute_5_Fluctuation":  0.15323491667668138,
    "Minute_10":  0.000000000000114116039328139,
    "Minute_10_Fluctuation":  0.226292010550558,
    "Hour":  0.000000000000116984608014006,
    "Hour_Fluctuation":  0.33564101767755128,
    "Day":  0.000000000000129370541877349,
    "Day_Fluctuation":  0.44220718463533337,
    "ThreeDay":  0.000000000000129370541877349,
    "ThreeDay_Fluctuation":  0.44220718463533337,
    "Week":  0.000000000000129370541877349,
    "Week_Fluctuation":  0.44220718463533337,
    "Duration":  "04:53:23.9297734",
    "Updated":  "\/Date(1581326777017)\/",
    "Failed":  0,
    "HashRate_Live":  0,
    "HashRate_Average":  63580691.290912315,
    "BlockRate_Live":  19,
    "BlockRate_Average":  19.952868242716274,
    "Actual24h_Week":  0.0000826890015638382,
    "Estimate24h_Week":  0.000133694857739673,
    "ErrorRatio":  0.978114008585647
}
