{
    "Live":  0.00000000000993,
    "Minute":  0.00000000000993,
    "Minute_Fluctuation":  0,
    "Minute_5":  0.00000000000957012665186927,
    "Minute_5_Fluctuation":  0.059143610420545077,
    "Minute_10":  0.00000000000991526006938084,
    "Minute_10_Fluctuation":  0.088864335599782,
    "Hour":  0.0000000000119041338640617,
    "Hour_Fluctuation":  0.0975632519141053,
    "Day":  0.0000000000110331274054518,
    "Day_Fluctuation":  0.14069292501878958,
    "ThreeDay":  0.0000000000110870817184105,
    "ThreeDay_Fluctuation":  0.13144779763076361,
    "Week":  0.000000000011223824981153,
    "Week_Fluctuation":  0.12767721962378775,
    "Duration":  "7.16:49:39.0682691",
    "Updated":  "\/Date(1581922663194)\/",
    "Failed":  0,
    "HashRate_Live":  1083581,
    "HashRate_Average":  91058868.844863892,
    "BlockRate_Live":  553,
    "BlockRate_Average":  551.62428579772165,
    "Actual24h_Week":  0.0000109299249447289,
    "Estimate24h_Week":  0.000010808714233676,
    "ErrorRatio":  1.01121416557348
}
