{
    "Live":  0.00000000294633,
    "Minute":  0.00000000294633,
    "Minute_Fluctuation":  0,
    "Minute_5":  0.00000000304252476440287,
    "Minute_5_Fluctuation":  0.076451416374535924,
    "Minute_10":  0.0000000032531645357905,
    "Minute_10_Fluctuation":  0.13713726186878139,
    "Hour":  0.00000000334405343749544,
    "Hour_Fluctuation":  0.12454089674905407,
    "Day":  0.00000000283697005229182,
    "Day_Fluctuation":  0.18502134304155313,
    "ThreeDay":  0.00000000283697005229182,
    "ThreeDay_Fluctuation":  0.18502134304155313,
    "Week":  0.00000000283697005229182,
    "Week_Fluctuation":  0.18502134304155313,
    "Duration":  "05:35:22.4853224",
    "Updated":  "\/Date(1581326654532)\/",
    "Failed":  0,
    "HashRate_Live":  0,
    "HashRate_Average":  11145.80504256839,
    "BlockRate_Live":  0,
    "BlockRate_Average":  0,
    "Actual24h_Week":  0,
    "Estimate24h_Week":  0.00000284351541806494,
    "ErrorRatio":  0.934564369549707
}
