{
    "Live":  0.00000000000023081081,
    "Minute":  0.00000000000023081081,
    "Minute_Fluctuation":  0.0014954473142607348,
    "Minute_5":  0.000000000000221763456239672,
    "Minute_5_Fluctuation":  0.083979475814332988,
    "Minute_10":  0.000000000000220346185926885,
    "Minute_10_Fluctuation":  0.091041761149321915,
    "Hour":  0.000000000000237423944872353,
    "Hour_Fluctuation":  0.14974844981699451,
    "Day":  0.000000000000229322645304478,
    "Day_Fluctuation":  0.17505781406999649,
    "ThreeDay":  0.000000000000229322645304478,
    "ThreeDay_Fluctuation":  0.17505781406999649,
    "Week":  0.000000000000229322645304478,
    "Week_Fluctuation":  0.17505781406999649,
    "Duration":  "05:35:22.4853224",
    "Updated":  "\/Date(1581326777810)\/",
    "Failed":  0,
    "HashRate_Live":  439695040,
    "HashRate_Average":  328047305.5035277,
    "BlockRate_Live":  26,
    "BlockRate_Average":  42.454937359943791,
    "Actual24h_Week":  0.000218628222673681,
    "Estimate24h_Week":  0.000231797102163513,
    "ErrorRatio":  0.996282464605044
}
