{
    "Live":  0.00000000000030074945,
    "Minute":  0.00000000000030074945,
    "Minute_Fluctuation":  0,
    "Minute_5":  0.000000000000302599363514982,
    "Minute_5_Fluctuation":  0.027043016469903515,
    "Minute_10":  0.000000000000303935272068267,
    "Minute_10_Fluctuation":  0.043692158550972651,
    "Hour":  0.000000000000294109117507521,
    "Hour_Fluctuation":  0.074285893578330847,
    "Day":  0.000000000000275449764258271,
    "Day_Fluctuation":  0.086726501664564914,
    "ThreeDay":  0.000000000000275449764258271,
    "ThreeDay_Fluctuation":  0.086726501664564914,
    "Week":  0.000000000000275449764258271,
    "Week_Fluctuation":  0.086726501664564914,
    "Duration":  "05:35:22.4853224",
    "Updated":  "\/Date(1581326777884)\/",
    "Failed":  0,
    "HashRate_Live":  39674960828,
    "HashRate_Average":  22150749295.889797,
    "BlockRate_Live":  124,
    "BlockRate_Average":  53.057577216112186,
    "Actual24h_Week":  0.000244599607992564,
    "Estimate24h_Week":  0.000273841050092195,
    "ErrorRatio":  0.993012617361711
}
