{
    "Live":  0.0000000000369545,
    "Minute":  0.0000000000369545,
    "Minute_Fluctuation":  0,
    "Minute_5":  0.0000000000366421734545852,
    "Minute_5_Fluctuation":  0.032933783670077779,
    "Minute_10":  0.0000000000353698466553728,
    "Minute_10_Fluctuation":  0.076156761539574985,
    "Hour":  0.0000000000308333490958306,
    "Hour_Fluctuation":  0.13496764588489568,
    "Day":  0.0000000000292590871127379,
    "Day_Fluctuation":  0.14491289665367937,
    "ThreeDay":  0.0000000000292590871127379,
    "ThreeDay_Fluctuation":  0.14491289665367937,
    "Week":  0.0000000000292590871127379,
    "Week_Fluctuation":  0.14491289665367937,
    "Duration":  "05:09:44.3560418",
    "Updated":  "\/Date(1581326777998)\/",
    "Failed":  0,
    "HashRate_Live":  101571324,
    "HashRate_Average":  25935922.49356081,
    "BlockRate_Live":  123,
    "BlockRate_Average":  143.9005604261385,
    "Actual24h_Week":  0.0000205991065516682,
    "Estimate24h_Week":  0.0000287100730900925,
    "ErrorRatio":  0.982904581781786
}
