{
    "Live":  0.00000000000000071259,
    "Minute":  0.00000000000000071259,
    "Minute_Fluctuation":  0.17814628662125506,
    "Minute_5":  0.000000000000014748663199419,
    "Minute_5_Fluctuation":  0.76235702805772665,
    "Minute_10":  0.0000000000000187316489219642,
    "Minute_10_Fluctuation":  0.69107920717239668,
    "Hour":  0.0000000000000234626691992118,
    "Hour_Fluctuation":  0.846488547535124,
    "Day":  0.00000000000013631027303714,
    "Day_Fluctuation":  0.73378887431772377,
    "ThreeDay":  0.00000000000013631027303714,
    "ThreeDay_Fluctuation":  0.73378887431772377,
    "Week":  0.00000000000013631027303714,
    "Week_Fluctuation":  0.73378887431772377,
    "Duration":  "05:35:22.4853224",
    "Updated":  "\/Date(1581326777175)\/",
    "Failed":  0,
    "HashRate_Live":  0,
    "HashRate_Average":  25002694.714456588,
    "BlockRate_Live":  0,
    "BlockRate_Average":  0.3746348501141103,
    "Actual24h_Week":  0.0000696046788625248,
    "Estimate24h_Week":  0.000113147926060381,
    "ErrorRatio":  0.974818099354961
}
