{
    "Live":  0.00000000001108863,
    "Minute":  0.00000000001108863,
    "Minute_Fluctuation":  0.068583802161330781,
    "Minute_5":  0.0000000000114693455321156,
    "Minute_5_Fluctuation":  0.19187364187312814,
    "Minute_10":  0.0000000000143992291832526,
    "Minute_10_Fluctuation":  0.3049785121682228,
    "Hour":  0.0000000000185348665844371,
    "Hour_Fluctuation":  0.32523545806125442,
    "Day":  0.0000000000138770170852481,
    "Day_Fluctuation":  0.618893599532303,
    "ThreeDay":  0.0000000000138770170852481,
    "ThreeDay_Fluctuation":  0.618893599532303,
    "Week":  0.0000000000138770170852481,
    "Week_Fluctuation":  0.618893599532303,
    "Duration":  "05:35:22.4853224",
    "Updated":  "\/Date(1581326776094)\/",
    "Failed":  0,
    "HashRate_Live":  263514,
    "HashRate_Average":  207682.96081785136,
    "BlockRate_Live":  114,
    "BlockRate_Average":  139.42044823509428,
    "Actual24h_Week":  0.0000131297058315422,
    "Estimate24h_Week":  0.0000148835390448644,
    "ErrorRatio":  0.992289254479566
}
