{
    "Live":  0.00000000001119328,
    "Minute":  0.00000000001119328,
    "Minute_Fluctuation":  0,
    "Minute_5":  0.0000000000108400710338798,
    "Minute_5_Fluctuation":  0.15203834905658895,
    "Minute_10":  0.00000000000957601450316997,
    "Minute_10_Fluctuation":  0.31447942743221868,
    "Hour":  0.00000000000967077135725173,
    "Hour_Fluctuation":  0.39263225689689085,
    "Day":  0.0000000000143473832109296,
    "Day_Fluctuation":  0.32821396556979088,
    "ThreeDay":  0.0000000000143473832109296,
    "ThreeDay_Fluctuation":  0.32821396556979093,
    "Week":  0.0000000000143473832109296,
    "Week_Fluctuation":  0.32821396556979088,
    "Duration":  "05:35:22.4853224",
    "Updated":  "\/Date(1581326217780)\/",
    "Failed":  0,
    "HashRate_Live":  0,
    "HashRate_Average":  108866.77590047853,
    "BlockRate_Live":  29,
    "BlockRate_Average":  8.6599004331044771,
    "Actual24h_Week":  0.00000267459265727029,
    "Estimate24h_Week":  0.000014766700809405,
    "ErrorRatio":  0.9464162827824
}
