{
    "Live":  0.00000198932431,
    "Minute":  0.00000198932431,
    "Minute_Fluctuation":  0.019623627295353351,
    "Minute_5":  0.0000019184212224262,
    "Minute_5_Fluctuation":  0.038042773420026058,
    "Minute_10":  0.00000188375630500477,
    "Minute_10_Fluctuation":  0.0533033832299587,
    "Hour":  0.00000176126581000617,
    "Hour_Fluctuation":  0.11084917235852135,
    "Day":  0.00000151563240237931,
    "Day_Fluctuation":  0.1160880953992566,
    "ThreeDay":  0.00000151563240237931,
    "ThreeDay_Fluctuation":  0.1160880953992566,
    "Week":  0.00000151563240237931,
    "Week_Fluctuation":  0.1160880953992566,
    "Duration":  "05:35:22.4853224",
    "Updated":  "\/Date(1581326778812)\/",
    "Failed":  0,
    "HashRate_Live":  45910,
    "HashRate_Average":  44726.3232948193,
    "BlockRate_Live":  459,
    "BlockRate_Average":  486.90755238959542,
    "Actual24h_Week":  0.00146019850038192,
    "Estimate24h_Week":  0.00151258106103699,
    "ErrorRatio":  0.997733882851399
}
