{
    "Live":  0.00000000128091,
    "Minute":  0.00000000128091,
    "Minute_Fluctuation":  0.016627511984507293,
    "Minute_5":  0.00000000130203509655219,
    "Minute_5_Fluctuation":  0.10129491949370413,
    "Minute_10":  0.00000000144951548696861,
    "Minute_10_Fluctuation":  0.20534740510736188,
    "Hour":  0.00000000157409908033847,
    "Hour_Fluctuation":  0.18723928621670052,
    "Day":  0.00000000179543530083884,
    "Day_Fluctuation":  0.23397643129409346,
    "ThreeDay":  0.00000000179543530083884,
    "ThreeDay_Fluctuation":  0.23397643129409346,
    "Week":  0.00000000179543530083884,
    "Week_Fluctuation":  0.2339764312940934,
    "Duration":  "05:35:22.4853224",
    "Updated":  "\/Date(1581326775804)\/",
    "Failed":  0,
    "HashRate_Live":  0,
    "HashRate_Average":  31485.000402027737,
    "BlockRate_Live":  2,
    "BlockRate_Average":  2.5526481158367371,
    "Actual24h_Week":  0.00000139975564140455,
    "Estimate24h_Week":  0.00000189930731958499,
    "ErrorRatio":  0.98278926287117
}
