{
    "Live":  0.00000000811427,
    "Minute":  0.00000000811427,
    "Minute_Fluctuation":  0.050118233751638964,
    "Minute_5":  0.0000000084324551462219,
    "Minute_5_Fluctuation":  0.083138454135687753,
    "Minute_10":  0.000000007891918369763,
    "Minute_10_Fluctuation":  0.20787316503352682,
    "Hour":  0.00000000663670716729645,
    "Hour_Fluctuation":  0.28682004465001237,
    "Day":  0.00000000679397468458597,
    "Day_Fluctuation":  0.25966749437038794,
    "ThreeDay":  0.00000000679397468458597,
    "ThreeDay_Fluctuation":  0.25966749437038794,
    "Week":  0.00000000679397468458597,
    "Week_Fluctuation":  0.25966749437038794,
    "Duration":  "05:35:22.4853224",
    "Updated":  "\/Date(1581326776665)\/",
    "Failed":  0,
    "HashRate_Live":  12964,
    "HashRate_Average":  16258.500683961154,
    "BlockRate_Live":  545,
    "BlockRate_Average":  456.50722282550839,
    "Actual24h_Week":  0.00000685475238630806,
    "Estimate24h_Week":  0.00000687539643835322,
    "ErrorRatio":  0.999803523102597
}
