{
    "Live":  0.00000000000000559,
    "Minute":  0.00000000000000559,
    "Minute_Fluctuation":  1.4112001882307905E-16,
    "Minute_5":  0.0000000000000057437269049847,
    "Minute_5_Fluctuation":  0.0876611086116875,
    "Minute_10":  0.0000000000000061000326823351,
    "Minute_10_Fluctuation":  0.10859511879778233,
    "Hour":  0.0000000000000069543019284011,
    "Hour_Fluctuation":  0.15799850930264719,
    "Day":  0.0000000000000057225054108454,
    "Day_Fluctuation":  0.19712521099326424,
    "ThreeDay":  0.0000000000000055122285994502,
    "ThreeDay_Fluctuation":  0.19009145106483966,
    "Week":  0.0000000000000056665253255499,
    "Week_Fluctuation":  0.19288669971979083,
    "Duration":  "29.07:01:24.6614070",
    "Updated":  "\/Date(1564637012798)\/",
    "Failed":  0,
    "ErrorRatio_Average":  0,
    "HashRate_Average":  386338743622.486,
    "BlockRate_Average":  14.319794242629,
    "ErrorRatio_Live":  0,
    "HashRate_Live":  387440638859,
    "BlockRate_Live":  14
}
