{
    "Live":  0.00000000000000000000001606,
    "Minute":  0.00000000000000000000001606,
    "Minute_Fluctuation":  0,
    "Minute_5":  0.0000000000000000000000159651,
    "Minute_5_Fluctuation":  2.81300731672946E-05,
    "Minute_10":  0.0000000000000000000000159797,
    "Minute_10_Fluctuation":  3.443029445848355E-05,
    "Hour":  0.00000000000000000000001711,
    "Hour_Fluctuation":  0.00016993526702561187,
    "Day":  0.0000000000000000000000197518,
    "Day_Fluctuation":  0.00031105336448387173,
    "ThreeDay":  0.0000000000000000000000197518,
    "ThreeDay_Fluctuation":  0.00031105336448387173,
    "Week":  0.0000000000000000000000197518,
    "Week_Fluctuation":  0.00031105336448387173,
    "Duration":  "05:35:22.4853224",
    "Updated":  "\/Date(1581326652566)\/",
    "Failed":  0,
    "HashRate_Live":  0,
    "HashRate_Average":  0,
    "BlockRate_Live":  0,
    "BlockRate_Average":  0,
    "Actual24h_Week":  0,
    "Estimate24h_Week":  0.0000000212714468948737,
    "ErrorRatio":  0.934564369549707
}
