{
    "Live":  0.00000000000000018457,
    "Minute":  0.00000000000000018457,
    "Minute_Fluctuation":  0.1781565172986084,
    "Minute_5":  0.000000000000000163010181581,
    "Minute_5_Fluctuation":  0.14071060058179011,
    "Minute_10":  0.0000000000000001858260218693,
    "Minute_10_Fluctuation":  0.30072494850996923,
    "Hour":  0.0000000000000003388859571343,
    "Hour_Fluctuation":  0.64398000110821685,
    "Day":  0.0000000000000004480679726931,
    "Day_Fluctuation":  0.5228789230509443,
    "ThreeDay":  0.0000000000000004480679726931,
    "ThreeDay_Fluctuation":  0.5228789230509443,
    "Week":  0.0000000000000004480679726931,
    "Week_Fluctuation":  0.5228789230509443,
    "Duration":  "05:35:22.4853224",
    "Updated":  "\/Date(1581326777167)\/",
    "Failed":  0,
    "HashRate_Live":  0,
    "HashRate_Average":  934461773.31988323,
    "BlockRate_Live":  2,
    "BlockRate_Average":  0.70398239295036769,
    "Actual24h_Week":  0.000000124704965018642,
    "Estimate24h_Week":  0.000000515766587985602,
    "ErrorRatio":  0.950385766662977
}
