{
    "Live":  0.00000000000000001523167597,
    "Minute":  0.00000000000000001523167597,
    "Minute_Fluctuation":  0.3749240677246472,
    "Minute_5":  0.0000000000000000117914941474,
    "Minute_5_Fluctuation":  0.13591652198457949,
    "Minute_10":  0.0000000000000000112338023128,
    "Minute_10_Fluctuation":  0.14221257799474968,
    "Hour":  0.0000000000000000135810147491,
    "Hour_Fluctuation":  0.21144989227090452,
    "Day":  0.0000000000000000149494973838,
    "Day_Fluctuation":  0.20036513133584216,
    "ThreeDay":  0.0000000000000000149494973838,
    "ThreeDay_Fluctuation":  0.20036513133584216,
    "Week":  0.0000000000000000149494973838,
    "Week_Fluctuation":  0.20036513133584216,
    "Duration":  "05:35:22.4853224",
    "Updated":  "\/Date(1581326777638)\/",
    "Failed":  0,
    "HashRate_Live":  142403820217460,
    "HashRate_Average":  262902920771856.56,
    "BlockRate_Live":  53,
    "BlockRate_Average":  76.657373425790851,
    "Actual24h_Week":  0.01989174844081,
    "Estimate24h_Week":  0.0155991565729591,
    "ErrorRatio":  1
}
