{
    "Live":  0.00000000229692,
    "Minute":  0.00000000229692,
    "Minute_Fluctuation":  0.038583100845997753,
    "Minute_5":  0.00000000219896459467902,
    "Minute_5_Fluctuation":  0.042213659803843034,
    "Minute_10":  0.00000000218704004792813,
    "Minute_10_Fluctuation":  0.0743171675286729,
    "Hour":  0.0000000115546520346673,
    "Hour_Fluctuation":  0.57716374732959308,
    "Day":  0.0000000146315877294987,
    "Day_Fluctuation":  0.49217178945267592,
    "ThreeDay":  0.0000000146315877294987,
    "ThreeDay_Fluctuation":  0.49217178945267592,
    "Week":  0.0000000146315877294988,
    "Week_Fluctuation":  0.492171789452676,
    "Duration":  "01:56:55.7142006",
    "Updated":  "\/Date(1581326775635)\/",
    "Failed":  0,
    "HashRate_Live":  0,
    "HashRate_Average":  1640.7703067072296,
    "BlockRate_Live":  6,
    "BlockRate_Average":  14.074074321531823,
    "Actual24h_Week":  0.0000210165320584784,
    "Estimate24h_Week":  0.0000158170358924688,
    "ErrorRatio":  1
}
