{
    "Live":  0.00000000000035767437,
    "Minute":  0.00000000000035767437,
    "Minute_Fluctuation":  0,
    "Minute_5":  0.00000000000035726782320144,
    "Minute_5_Fluctuation":  0.018973369055027823,
    "Minute_10":  0.000000000000365411535121328,
    "Minute_10_Fluctuation":  0.049325651384097273,
    "Hour":  0.000000000000374111006756006,
    "Hour_Fluctuation":  0.10834835903156449,
    "Day":  0.000000000000371498703560511,
    "Day_Fluctuation":  0.20267366645043475,
    "ThreeDay":  0.000000000000371498703560511,
    "ThreeDay_Fluctuation":  0.20267366645043472,
    "Week":  0.000000000000371498703560511,
    "Week_Fluctuation":  0.20267366645043475,
    "Duration":  "05:35:22.4853224",
    "Updated":  "\/Date(1581326651995)\/",
    "Failed":  0,
    "HashRate_Live":  0,
    "HashRate_Average":  2675848408.8512621,
    "BlockRate_Live":  0,
    "BlockRate_Average":  2.9179606882588112,
    "Actual24h_Week":  0.0000655712295786629,
    "Estimate24h_Week":  0.000370160831845063,
    "ErrorRatio":  0.946155803266488
}
