{
    "Live":  0.00000000001297415,
    "Minute":  0.00000000001297415,
    "Minute_Fluctuation":  0.036005857908975578,
    "Minute_5":  0.0000000000124582843119117,
    "Minute_5_Fluctuation":  0.04263179287675168,
    "Minute_10":  0.0000000000118226843997279,
    "Minute_10_Fluctuation":  0.20248076796946113,
    "Hour":  0.0000000000129547021322645,
    "Hour_Fluctuation":  0.30229562683089206,
    "Day":  0.0000000000140913768332566,
    "Day_Fluctuation":  0.37741096537673918,
    "ThreeDay":  0.0000000000140913768332566,
    "ThreeDay_Fluctuation":  0.37741096537673918,
    "Week":  0.0000000000140913768332566,
    "Week_Fluctuation":  0.37741096537673918,
    "Duration":  "05:35:22.4853224",
    "Updated":  "\/Date(1581326777905)\/",
    "Failed":  0,
    "HashRate_Live":  581610,
    "HashRate_Average":  316580.86046972562,
    "BlockRate_Live":  74,
    "BlockRate_Average":  112.01735834867725,
    "Actual24h_Week":  0.00000894224995411894,
    "Estimate24h_Week":  0.0000135081974258138,
    "ErrorRatio":  0.977881900745519
}
