{
    "Live":  0.00000000220715,
    "Minute":  0.00000000220715,
    "Minute_Fluctuation":  0,
    "Minute_5":  0.00000000219296539342384,
    "Minute_5_Fluctuation":  0.0089625612718574037,
    "Minute_10":  0.00000000217821933358685,
    "Minute_10_Fluctuation":  0.010661320740906735,
    "Hour":  0.00000000218170138075712,
    "Hour_Fluctuation":  0.023298480945537717,
    "Day":  0.00000000233392346150776,
    "Day_Fluctuation":  0.0601476485426622,
    "ThreeDay":  0.00000000221272789807551,
    "ThreeDay_Fluctuation":  0.172818794902633,
    "Week":  0.00000000204693436536539,
    "Week_Fluctuation":  0.25156199573887916,
    "Duration":  "12.21:12:50.8903683",
    "Updated":  "\/Date(1581922661476)\/",
    "Failed":  0,
    "HashRate_Live":  370634,
    "HashRate_Average":  400689.94444959611,
    "BlockRate_Live":  41,
    "BlockRate_Average":  42.361613804449291,
    "Actual24h_Week":  0.000985199046706673,
    "Estimate24h_Week":  0.00236828125172013,
    "ErrorRatio":  0.415997485936733
}
