{
    "Live":  0.00000000000793045035,
    "Minute":  0.00000000000793045035,
    "Minute_Fluctuation":  0,
    "Minute_5":  0.0000000000075980209546651,
    "Minute_5_Fluctuation":  0.13439044007013129,
    "Minute_10":  0.00000000000713920358199851,
    "Minute_10_Fluctuation":  0.21571808527814373,
    "Hour":  0.00000000000770779318786229,
    "Hour_Fluctuation":  0.22794197441974293,
    "Day":  0.00000000000770628981190673,
    "Day_Fluctuation":  0.22983272816393369,
    "ThreeDay":  0.00000000000770628981190673,
    "ThreeDay_Fluctuation":  0.22983272816393369,
    "Week":  0.00000000000770628981190673,
    "Week_Fluctuation":  0.22983272816393369,
    "Duration":  "01:09:10.7534686",
    "Updated":  "\/Date(1581326778249)\/",
    "Failed":  0,
    "HashRate_Live":  183252,
    "HashRate_Average":  26466479.307869196,
    "BlockRate_Live":  97,
    "BlockRate_Average":  80.863173579980682,
    "Actual24h_Week":  0.00545785041938821,
    "Estimate24h_Week":  0.0063685785843174,
    "ErrorRatio":  0.99804386618833
}
