{
    "Live":  0.00000001665199,
    "Minute":  0.00000001665199,
    "Minute_Fluctuation":  0.022556811133913668,
    "Minute_5":  0.000000016063231547388,
    "Minute_5_Fluctuation":  0.031569730672233037,
    "Minute_10":  0.0000000158281642170026,
    "Minute_10_Fluctuation":  0.0326392098264751,
    "Hour":  0.0000000167964632821409,
    "Hour_Fluctuation":  0.15220554021023316,
    "Day":  0.0000000205915746495035,
    "Day_Fluctuation":  0.21637712860596167,
    "ThreeDay":  0.0000000205915746495035,
    "ThreeDay_Fluctuation":  0.21637712860596167,
    "Week":  0.0000000205915746495035,
    "Week_Fluctuation":  0.21637712860596167,
    "Duration":  "05:35:22.4853224",
    "Updated":  "\/Date(1581326775576)\/",
    "Failed":  0,
    "HashRate_Live":  28264,
    "HashRate_Average":  20609.184240971659,
    "BlockRate_Live":  164,
    "BlockRate_Average":  268.13436858804317,
    "Actual24h_Week":  0.0000189192021069988,
    "Estimate24h_Week":  0.0000196897384178954,
    "ErrorRatio":  0.997439248393339
}
