{
    "Live":  0.00000000000493175,
    "Minute":  0.00000000000493175,
    "Minute_Fluctuation":  0,
    "Minute_5":  0.00000000000484147861234111,
    "Minute_5_Fluctuation":  0.096831340050517453,
    "Minute_10":  0.00000000000434983809847442,
    "Minute_10_Fluctuation":  0.34160144819776839,
    "Hour":  0.00000000000339895334558591,
    "Hour_Fluctuation":  0.75835565031860463,
    "Day":  0.00000000000389081658938889,
    "Day_Fluctuation":  0.53059517933131128,
    "ThreeDay":  0.00000000000436332842211313,
    "ThreeDay_Fluctuation":  0.47709188365936356,
    "Week":  0.00000000000433192820344902,
    "Week_Fluctuation":  0.55426237203570594,
    "Duration":  "12.21:12:50.8903683",
    "Updated":  "\/Date(1581922662066)\/",
    "Failed":  0,
    "HashRate_Live":  62007875,
    "HashRate_Average":  316983775.70582205,
    "BlockRate_Live":  16,
    "BlockRate_Average":  15.906696813157083,
    "Actual24h_Week":  0.00233303870382165,
    "Estimate24h_Week":  0.00453022474965809,
    "ErrorRatio":  0.514994030704046
}
