{
    "Live":  0.0000000000003354795,
    "Minute":  0.0000000000003354795,
    "Minute_Fluctuation":  0.055529432271378507,
    "Minute_5":  0.000000000000310798545734567,
    "Minute_5_Fluctuation":  0.0825979312319326,
    "Minute_10":  0.000000000000302289847558061,
    "Minute_10_Fluctuation":  0.090112442614794772,
    "Hour":  0.000000000000314531231235601,
    "Hour_Fluctuation":  0.17735146913279012,
    "Day":  0.000000000000384577060112142,
    "Day_Fluctuation":  0.51292769707765073,
    "ThreeDay":  0.000000000000384577060112142,
    "ThreeDay_Fluctuation":  0.51292769707765062,
    "Week":  0.000000000000384577060112142,
    "Week_Fluctuation":  0.51292769707765073,
    "Duration":  "05:23:32.2034374",
    "Updated":  "\/Date(1581326776687)\/",
    "Failed":  0,
    "HashRate_Live":  755224365,
    "HashRate_Average":  1809145408.1470261,
    "BlockRate_Live":  78,
    "BlockRate_Average":  93.202235967073946,
    "Actual24h_Week":  0.000310571178959397,
    "Estimate24h_Week":  0.0003603059363311,
    "ErrorRatio":  0.991281227452713
}
