{
    "Live":  0.00000000000000001625562181,
    "Minute":  0.00000000000000001625562181,
    "Minute_Fluctuation":  2.3970824607202856E-05,
    "Minute_5":  0.0000000000000000162340513482,
    "Minute_5_Fluctuation":  0.0055816405715578971,
    "Minute_10":  0.0000000000000000162218477685,
    "Minute_10_Fluctuation":  0.00997619739537614,
    "Hour":  0.0000000000000000168834696688,
    "Hour_Fluctuation":  0.062097754645809682,
    "Day":  0.0000000000000000176005467467,
    "Day_Fluctuation":  0.0716526047852399,
    "ThreeDay":  0.0000000000000000176005467467,
    "ThreeDay_Fluctuation":  0.0716526047852399,
    "Week":  0.0000000000000000176005467467,
    "Week_Fluctuation":  0.0716526047852399,
    "Duration":  "04:14:11.8641034",
    "Updated":  "\/Date(1581326778085)\/",
    "Failed":  0,
    "HashRate_Live":  1600321845924700,
    "HashRate_Average":  854922316306159.75,
    "BlockRate_Live":  39,
    "BlockRate_Average":  32.016427966172,
    "Actual24h_Week":  0.0167889448963943,
    "Estimate24h_Week":  0.0176555927126147,
    "ErrorRatio":  0.997555496613159
}
