{
    "Live":  0.00000000000001182796,
    "Minute":  0.00000000000001182796,
    "Minute_Fluctuation":  0.17814820532997322,
    "Minute_5":  0.0000000000000104171623596453,
    "Minute_5_Fluctuation":  0.13733739941889486,
    "Minute_10":  0.0000000000000107032347012653,
    "Minute_10_Fluctuation":  0.24947955114268522,
    "Hour":  0.0000000000000141040986471955,
    "Hour_Fluctuation":  0.40882026683241329,
    "Day":  0.0000000000000180572455052938,
    "Day_Fluctuation":  0.41920143070183319,
    "ThreeDay":  0.0000000000000180572455052938,
    "ThreeDay_Fluctuation":  0.41920143070183319,
    "Week":  0.0000000000000180572455052938,
    "Week_Fluctuation":  0.41920143070183319,
    "Duration":  "02:56:31.8008026",
    "Updated":  "\/Date(1581326777261)\/",
    "Failed":  0,
    "HashRate_Live":  0,
    "HashRate_Average":  338041857.22363186,
    "BlockRate_Live":  2,
    "BlockRate_Average":  3.0242584305228752,
    "Actual24h_Week":  0.0000153574093158434,
    "Estimate24h_Week":  0.0000190780601625091,
    "ErrorRatio":  0.99322899561053
}
