{
    "Live":  0.00000000000000001080521784,
    "Minute":  0.00000000000000001080521784,
    "Minute_Fluctuation":  0.0046058505919976487,
    "Minute_5":  0.0000000000000000109686666315,
    "Minute_5_Fluctuation":  0.035953377623811879,
    "Minute_10":  0.0000000000000000114385319052,
    "Minute_10_Fluctuation":  0.074426843294920109,
    "Hour":  0.0000000000000000134772358635,
    "Hour_Fluctuation":  0.0973990748638417,
    "Day":  0.0000000000000000153049268081,
    "Day_Fluctuation":  0.097321118846429008,
    "ThreeDay":  0.0000000000000000153049268081,
    "ThreeDay_Fluctuation":  0.097321118846429008,
    "Week":  0.0000000000000000153049268081,
    "Week_Fluctuation":  0.097321118846429008,
    "Duration":  "05:35:22.4853224",
    "Updated":  "\/Date(1581326778126)\/",
    "Failed":  0,
    "HashRate_Live":  0,
    "HashRate_Average":  2560439042223.1143,
    "BlockRate_Live":  0,
    "BlockRate_Average":  2.6345908894437349,
    "Actual24h_Week":  0.0142417241385354,
    "Estimate24h_Week":  0.0150249013757591,
    "ErrorRatio":  0.996589149240291
}
