{
    "Live":  0.00000000000000002376351,
    "Minute":  0.00000000000000002376351,
    "Minute_Fluctuation":  0,
    "Minute_5":  0.0000000000000000254638928029,
    "Minute_5_Fluctuation":  0.18634887571677886,
    "Minute_10":  0.0000000000000000295339449763,
    "Minute_10_Fluctuation":  0.35513704493124015,
    "Hour":  0.0000000000000000296929171648,
    "Hour_Fluctuation":  0.32308866633107591,
    "Day":  0.0000000000000000258364316395,
    "Day_Fluctuation":  0.29318833070755013,
    "ThreeDay":  0.0000000000000000258364316395,
    "ThreeDay_Fluctuation":  0.29318833070755013,
    "Week":  0.0000000000000000258364316395,
    "Week_Fluctuation":  0.29318833070755013,
    "Duration":  "05:35:22.4853224",
    "Updated":  "\/Date(1581326778634)\/",
    "Failed":  0,
    "HashRate_Live":  44860074413,
    "HashRate_Average":  4442466862851.7,
    "BlockRate_Live":  76,
    "BlockRate_Average":  97.266697332077953,
    "Actual24h_Week":  0.0000158231322055207,
    "Estimate24h_Week":  0.0000229433723185385,
    "ErrorRatio":  0.979692723707564
}
