{
    "Live":  0.00000000000000147347,
    "Minute":  0.00000000000000147347,
    "Minute_Fluctuation":  0.17814451454020647,
    "Minute_5":  0.0000000000000011920170493739,
    "Minute_5_Fluctuation":  0.25304312322815747,
    "Minute_10":  0.0000000000000010100243329144,
    "Minute_10_Fluctuation":  0.55559009425899386,
    "Hour":  0.0000000000000007879480356301,
    "Hour_Fluctuation":  0.66118923617525582,
    "Day":  0.0000000000000005753916855916,
    "Day_Fluctuation":  0.70668537709718393,
    "ThreeDay":  0.0000000000000005753916855916,
    "ThreeDay_Fluctuation":  0.706685377097184,
    "Week":  0.0000000000000005753916855916,
    "Week_Fluctuation":  0.70668537709718393,
    "Duration":  "05:35:22.4853224",
    "Updated":  "\/Date(1581326777199)\/",
    "Failed":  0,
    "HashRate_Live":  44127066661,
    "HashRate_Average":  66250575149.643547,
    "BlockRate_Live":  19,
    "BlockRate_Average":  20.026441364820652,
    "Actual24h_Week":  0.000000267169451192801,
    "Estimate24h_Week":  0.000000546922117527107,
    "ErrorRatio":  0.966529435352688
}
