{
    "Live":  0.00000000000148,
    "Minute":  0.00000000000148,
    "Minute_Fluctuation":  0,
    "Minute_5":  0.00000000000145426611620994,
    "Minute_5_Fluctuation":  0.042618630863280119,
    "Minute_10":  0.00000000000140992046883889,
    "Minute_10_Fluctuation":  0.079440928833560437,
    "Hour":  0.00000000000123373186093636,
    "Hour_Fluctuation":  0.16152596041198841,
    "Day":  0.00000000000118710542768997,
    "Day_Fluctuation":  0.17588994654034543,
    "ThreeDay":  0.0000000000013208985829874,
    "ThreeDay_Fluctuation":  0.22143565751043037,
    "Week":  0.0000000000015468610313682,
    "Week_Fluctuation":  0.23800283759758978,
    "Duration":  "12.21:09:24.0086969",
    "Updated":  "\/Date(1581922663734)\/",
    "Failed":  0,
    "HashRate_Live":  416669094,
    "HashRate_Average":  464718475.96391064,
    "BlockRate_Live":  216,
    "BlockRate_Average":  216.85932559991977,
    "Actual24h_Week":  0.00000122290707064494,
    "Estimate24h_Week":  0.00000115673104103123,
    "ErrorRatio":  1.05720952171796
}
