{
    "Live":  0.00000000001315093,
    "Minute":  0.00000000001315093,
    "Minute_Fluctuation":  0,
    "Minute_5":  0.000000000013473086025093,
    "Minute_5_Fluctuation":  0.1267571139078946,
    "Minute_10":  0.0000000000166665060957286,
    "Minute_10_Fluctuation":  0.32393538597574845,
    "Hour":  0.000000000024066327500104,
    "Hour_Fluctuation":  0.26836248358640824,
    "Day":  0.0000000000257241509313249,
    "Day_Fluctuation":  0.26209594251864243,
    "ThreeDay":  0.0000000000257241509313249,
    "ThreeDay_Fluctuation":  0.26209594251864243,
    "Week":  0.0000000000257241509313249,
    "Week_Fluctuation":  0.26209594251864243,
    "Duration":  "05:35:22.4853224",
    "Updated":  "\/Date(1581326530359)\/",
    "Failed":  0,
    "HashRate_Live":  0,
    "HashRate_Average":  5232678.8109663976,
    "BlockRate_Live":  111,
    "BlockRate_Average":  91.681826006495243,
    "Actual24h_Week":  0.0000208501082727344,
    "Estimate24h_Week":  0.000026884669434198,
    "ErrorRatio":  0.985312249605386
}
