{
    "Live":  0.00000000000132173,
    "Minute":  0.00000000000132173,
    "Minute_Fluctuation":  0,
    "Minute_5":  0.000000000000992621952332202,
    "Minute_5_Fluctuation":  0.39139460597307135,
    "Minute_10":  0.000000000000798626918471433,
    "Minute_10_Fluctuation":  0.51333891205552939,
    "Hour":  0.000000000000531683055411472,
    "Hour_Fluctuation":  0.48621540118443984,
    "Day":  0.00000000000057711544997711,
    "Day_Fluctuation":  0.480611000669753,
    "ThreeDay":  0.00000000000057711544997711,
    "ThreeDay_Fluctuation":  0.480611000669753,
    "Week":  0.00000000000057711544997711,
    "Week_Fluctuation":  0.48061100066975315,
    "Duration":  "05:35:22.4853224",
    "Updated":  "\/Date(1581326652359)\/",
    "Failed":  0,
    "HashRate_Live":  0,
    "HashRate_Average":  1146137.1474344744,
    "BlockRate_Live":  1,
    "BlockRate_Average":  4.5003885979957428,
    "Actual24h_Week":  0.000000216093892915602,
    "Estimate24h_Week":  0.000000593182706981376,
    "ErrorRatio":  0.958402286523632
}
