{
    "Live":  0.00000003449396,
    "Minute":  0.00000003449396,
    "Minute_Fluctuation":  0,
    "Minute_5":  0.0000000342707741543494,
    "Minute_5_Fluctuation":  0.02607851114828845,
    "Minute_10":  0.0000000359257177509199,
    "Minute_10_Fluctuation":  0.11671531571047046,
    "Hour":  0.0000000468757936745368,
    "Hour_Fluctuation":  0.1988097674678162,
    "Day":  0.0000000484741761598789,
    "Day_Fluctuation":  0.17333887657764135,
    "ThreeDay":  0.0000000484741761598789,
    "ThreeDay_Fluctuation":  0.17333887657764135,
    "Week":  0.0000000484741761598789,
    "Week_Fluctuation":  0.17333887657764135,
    "Duration":  "05:35:22.4853224",
    "Updated":  "\/Date(1581326776568)\/",
    "Failed":  0,
    "HashRate_Live":  67589,
    "HashRate_Average":  56567.457880273811,
    "BlockRate_Live":  135,
    "BlockRate_Average":  134.10353256879242,
    "Actual24h_Week":  0.0000475309305475936,
    "Estimate24h_Week":  0.0000488551517651953,
    "ErrorRatio":  0.99822636411722
}
