{
    "Live":  0.00000000000000683721,
    "Minute":  0.00000000000000683721,
    "Minute_Fluctuation":  0.081542681422144478,
    "Minute_5":  0.000000000000066508776661833,
    "Minute_5_Fluctuation":  0.92024714232594018,
    "Minute_10":  0.000000000000234452396150987,
    "Minute_10_Fluctuation":  0.83687665688831758,
    "Hour":  0.000000000000531285498646568,
    "Hour_Fluctuation":  0.59187822985784821,
    "Day":  0.000000000000662053221186765,
    "Day_Fluctuation":  0.57374018912537172,
    "ThreeDay":  0.000000000000662053221186765,
    "ThreeDay_Fluctuation":  0.57374018912537172,
    "Week":  0.000000000000662053221186765,
    "Week_Fluctuation":  0.57374018912537172,
    "Duration":  "05:35:22.4853224",
    "Updated":  "\/Date(1581326776957)\/",
    "Failed":  0,
    "HashRate_Live":  70093866,
    "HashRate_Average":  62636105.474756867,
    "BlockRate_Live":  5,
    "BlockRate_Average":  5.3332634292714483,
    "Actual24h_Week":  0.000572381063511787,
    "Estimate24h_Week":  0.000699566137421927,
    "ErrorRatio":  0.988103432899358
}
