{
    "Live":  0.0000000013,
    "Minute":  0.0000000013,
    "Minute_Fluctuation":  0,
    "Minute_5":  0.00000000127144294026202,
    "Minute_5_Fluctuation":  0.027412118187576995,
    "Minute_10":  0.00000000125809552412217,
    "Minute_10_Fluctuation":  0.029837317862329522,
    "Hour":  0.00000000122044734977693,
    "Hour_Fluctuation":  0.054231441037944715,
    "Day":  0.00000000137592246882802,
    "Day_Fluctuation":  0.074041602815625857,
    "ThreeDay":  0.00000000140819498585281,
    "ThreeDay_Fluctuation":  0.075108540981621161,
    "Week":  0.00000000141567075178752,
    "Week_Fluctuation":  0.076461153726981382,
    "Duration":  "7.16:49:39.0682691",
    "Updated":  "\/Date(1581922662752)\/",
    "Failed":  0,
    "HashRate_Live":  60952,
    "HashRate_Average":  61751.1438938738,
    "BlockRate_Live":  13,
    "BlockRate_Average":  12.955287922618234,
    "Actual24h_Week":  0.00000158016145366628,
    "Estimate24h_Week":  0.00000141628715236988,
    "ErrorRatio":  1.11570697440995
}
