{
    "Live":  0.00000000000139865,
    "Minute":  0.00000000000139865,
    "Minute_Fluctuation":  0.00038623570391450954,
    "Minute_5":  0.00000000000138105396012716,
    "Minute_5_Fluctuation":  0.040978150150019953,
    "Minute_10":  0.00000000000132875294616512,
    "Minute_10_Fluctuation":  0.077373364255964139,
    "Hour":  0.00000000000120404408136059,
    "Hour_Fluctuation":  0.086617573885263768,
    "Day":  0.00000000000128308114827049,
    "Day_Fluctuation":  0.11778588656756042,
    "ThreeDay":  0.00000000000128308114827049,
    "ThreeDay_Fluctuation":  0.11778588656756042,
    "Week":  0.00000000000128308114827049,
    "Week_Fluctuation":  0.11778588656756042,
    "Duration":  "05:35:22.4853224",
    "Updated":  "\/Date(1581326777960)\/",
    "Failed":  0,
    "HashRate_Live":  0,
    "HashRate_Average":  69104764.4273104,
    "BlockRate_Live":  137,
    "BlockRate_Average":  93.6642199397025,
    "Actual24h_Week":  0.000000906623883299903,
    "Estimate24h_Week":  0.0000012947841328424,
    "ErrorRatio":  0.980383208289093
}
