{
    "Live":  0.00000000003642348,
    "Minute":  0.00000000003642348,
    "Minute_Fluctuation":  0.0097791953335205524,
    "Minute_5":  0.0000000000359707385024845,
    "Minute_5_Fluctuation":  0.085079971409307162,
    "Minute_10":  0.0000000000337318288995994,
    "Minute_10_Fluctuation":  0.16302697705149108,
    "Hour":  0.000000000029433330061656,
    "Hour_Fluctuation":  0.22771151275241514,
    "Day":  0.0000000000265189177961377,
    "Day_Fluctuation":  0.22297131721854643,
    "ThreeDay":  0.0000000000265189177961377,
    "ThreeDay_Fluctuation":  0.22297131721854643,
    "Week":  0.0000000000265189177961377,
    "Week_Fluctuation":  0.22297131721854643,
    "Duration":  "05:35:22.4853224",
    "Updated":  "\/Date(1581326775103)\/",
    "Failed":  0,
    "HashRate_Live":  1941066894,
    "HashRate_Average":  554715436.03573728,
    "BlockRate_Live":  1033,
    "BlockRate_Average":  424.87056998628185,
    "Actual24h_Week":  0.0000218318257634043,
    "Estimate24h_Week":  0.0000274766559813186,
    "ErrorRatio":  0.98655684213009
}
