{
    "Live":  0.00000048523104,
    "Minute":  0.00000048523104,
    "Minute_Fluctuation":  0.0026985431944489993,
    "Minute_5":  0.000000499906061423537,
    "Minute_5_Fluctuation":  0.029616148203422548,
    "Minute_10":  0.000000503682071072406,
    "Minute_10_Fluctuation":  0.028396518935625826,
    "Hour":  0.000000484323111110115,
    "Hour_Fluctuation":  0.10049415574377722,
    "Day":  0.000000423551432171873,
    "Day_Fluctuation":  0.1475885218259966,
    "ThreeDay":  0.000000423551432171873,
    "ThreeDay_Fluctuation":  0.1475885218259966,
    "Week":  0.000000423551432171873,
    "Week_Fluctuation":  0.1475885218259966,
    "Duration":  "05:35:22.4853224",
    "Updated":  "\/Date(1581326775114)\/",
    "Failed":  0,
    "HashRate_Live":  2233,
    "HashRate_Average":  1268.93742484148,
    "BlockRate_Live":  407,
    "BlockRate_Average":  241.74150539002142,
    "Actual24h_Week":  0.00131108569642985,
    "Estimate24h_Week":  0.000405237234552195,
    "ErrorRatio":  1
}
