{
    "Live":  0.00000000743,
    "Minute":  0.00000000743,
    "Minute_Fluctuation":  0,
    "Minute_5":  0.00000000736402313390585,
    "Minute_5_Fluctuation":  0.021686394930641173,
    "Minute_10":  0.00000000737204989554539,
    "Minute_10_Fluctuation":  0.030646087678758122,
    "Hour":  0.00000000727073930364344,
    "Hour_Fluctuation":  0.065690401959132158,
    "Day":  0.00000000707507911032355,
    "Day_Fluctuation":  0.10433478451503859,
    "ThreeDay":  0.00000000699308461419709,
    "ThreeDay_Fluctuation":  0.10686028078768058,
    "Week":  0.00000000714367605628431,
    "Week_Fluctuation":  0.11409440197465831,
    "Duration":  "12.21:12:50.8903683",
    "Updated":  "\/Date(1581922660747)\/",
    "Failed":  0,
    "HashRate_Live":  391,
    "HashRate_Average":  1973.9111641162783,
    "BlockRate_Live":  0,
    "BlockRate_Average":  0,
    "Actual24h_Week":  0.00000595661246220757,
    "Estimate24h_Week":  0.0000070284386037118,
    "ErrorRatio":  0.847501528868989
}
