{
    "Live":  0.00000000000221517,
    "Minute":  0.00000000000221517,
    "Minute_Fluctuation":  0,
    "Minute_5":  0.00000000000241062653788619,
    "Minute_5_Fluctuation":  0.16638891224398619,
    "Minute_10":  0.00000000000285747431488156,
    "Minute_10_Fluctuation":  0.23380106894247471,
    "Hour":  0.00000000000327669772992008,
    "Hour_Fluctuation":  0.31158258407890926,
    "Day":  0.00000000000325669934022193,
    "Day_Fluctuation":  0.30418413870790634,
    "ThreeDay":  0.00000000000325669934022193,
    "ThreeDay_Fluctuation":  0.30418413870790634,
    "Week":  0.00000000000325669934022193,
    "Week_Fluctuation":  0.30418413870790634,
    "Duration":  "02:50:06.7758535",
    "Updated":  "\/Date(1581326652595)\/",
    "Failed":  0,
    "HashRate_Live":  0,
    "HashRate_Average":  178525221.40470552,
    "BlockRate_Live":  9,
    "BlockRate_Average":  13.157481696369715,
    "Actual24h_Week":  0.000000870366198949109,
    "Estimate24h_Week":  0.000230655079776837,
    "ErrorRatio":  0.966658532289932
}
