{
    "Live":  0.00000000000000000000099351,
    "Minute":  0.00000000000000000000099351,
    "Minute_Fluctuation":  0,
    "Minute_5":  0.0000000000000000000009928587,
    "Minute_5_Fluctuation":  0.00023463511907469305,
    "Minute_10":  0.0000000000000000000009918193,
    "Minute_10_Fluctuation":  0.00067160279465093879,
    "Hour":  0.0000000000000000000010401985,
    "Hour_Fluctuation":  0.0061945318574429782,
    "Day":  0.0000000000000000000011411395,
    "Day_Fluctuation":  0.0087541356172161078,
    "ThreeDay":  0.0000000000000000000011411395,
    "ThreeDay_Fluctuation":  0.0087541356172161078,
    "Week":  0.0000000000000000000011411395,
    "Week_Fluctuation":  0.0087541356172161078,
    "Duration":  "05:35:22.4853224",
    "Updated":  "\/Date(1581326218038)\/",
    "Failed":  0,
    "HashRate_Live":  0,
    "HashRate_Average":  0,
    "BlockRate_Live":  0,
    "BlockRate_Average":  0,
    "Actual24h_Week":  0,
    "Estimate24h_Week":  0.00000112716951906489,
    "ErrorRatio":  0.934564369549707
}
