{
    "Live":  0.00000000000000073585,
    "Minute":  0.00000000000000073585,
    "Minute_Fluctuation":  0,
    "Minute_5":  0.0000000000000007984268923431,
    "Minute_5_Fluctuation":  0.20003667368263633,
    "Minute_10":  0.0000000000000009777947059482,
    "Minute_10_Fluctuation":  0.33217644037290367,
    "Hour":  0.0000000000000014624818219741,
    "Hour_Fluctuation":  0.28619036307276974,
    "Day":  0.0000000000000015610202643426,
    "Day_Fluctuation":  0.51090719800501661,
    "ThreeDay":  0.0000000000000015610202643426,
    "ThreeDay_Fluctuation":  0.51090719800501661,
    "Week":  0.0000000000000015610202643426,
    "Week_Fluctuation":  0.51090719800501661,
    "Duration":  "05:19:55.3660644",
    "Updated":  "\/Date(1581326216786)\/",
    "Failed":  0,
    "HashRate_Live":  0,
    "HashRate_Average":  169571042640.15961,
    "BlockRate_Live":  21,
    "BlockRate_Average":  57.665142979228882,
    "Actual24h_Week":  0.000000930919619664586,
    "Estimate24h_Week":  0.00000150175759542817,
    "ErrorRatio":  0.976254546801163
}
