{
    "Live":  0.00000002550668,
    "Minute":  0.00000002550668,
    "Minute_Fluctuation":  0,
    "Minute_5":  0.0000000266330969055005,
    "Minute_5_Fluctuation":  0.099216336558413484,
    "Minute_10":  0.0000000285124071070309,
    "Minute_10_Fluctuation":  0.17702345511579046,
    "Hour":  0.0000000230495944528691,
    "Hour_Fluctuation":  0.32625332341255081,
    "Day":  0.0000000221191981447748,
    "Day_Fluctuation":  0.24474955507988883,
    "ThreeDay":  0.0000000221191981447748,
    "ThreeDay_Fluctuation":  0.24474955507988883,
    "Week":  0.0000000221191981447748,
    "Week_Fluctuation":  0.24474955507988883,
    "Duration":  "05:35:22.4853224",
    "Updated":  "\/Date(1581326531390)\/",
    "Failed":  0,
    "HashRate_Live":  0,
    "HashRate_Average":  2032.7621263251199,
    "BlockRate_Live":  0,
    "BlockRate_Average":  12.175957022993735,
    "Actual24h_Week":  0.0000170647367080949,
    "Estimate24h_Week":  0.0000224983677026169,
    "ErrorRatio":  0.984196494854182
}
