{
    "Live":  0.00000147733683,
    "Minute":  0.00000147733683,
    "Minute_Fluctuation":  0,
    "Minute_5":  0.00000149632952311484,
    "Minute_5_Fluctuation":  0.029710695884084246,
    "Minute_10":  0.00000148350931605935,
    "Minute_10_Fluctuation":  0.042787209897343456,
    "Hour":  0.00000139326264775557,
    "Hour_Fluctuation":  0.0954419071252778,
    "Day":  0.00000136062685069787,
    "Day_Fluctuation":  0.076555235351923587,
    "ThreeDay":  0.00000136062685069787,
    "ThreeDay_Fluctuation":  0.076555235351923587,
    "Week":  0.00000136062685069787,
    "Week_Fluctuation":  0.076555235351923587,
    "Duration":  "05:35:22.4853224",
    "Updated":  "\/Date(1581326531169)\/",
    "Failed":  0,
    "HashRate_Live":  0,
    "HashRate_Average":  310.81427618626464,
    "BlockRate_Live":  2,
    "BlockRate_Average":  78.26249252529766,
    "Actual24h_Week":  0.00130426405888222,
    "Estimate24h_Week":  0.00137249224353494,
    "ErrorRatio":  0.99674711875549
}
