{
    "Live":  0.00000000000108042,
    "Minute":  0.00000000000108042,
    "Minute_Fluctuation":  0.17814732021154783,
    "Minute_5":  0.000000000000891159097738386,
    "Minute_5_Fluctuation":  0.24624275901393505,
    "Minute_10":  0.000000000000784270884185533,
    "Minute_10_Fluctuation":  0.37140946740421438,
    "Hour":  0.000000000000582723637431707,
    "Hour_Fluctuation":  0.590501892454752,
    "Day":  0.00000000000055625134079413,
    "Day_Fluctuation":  0.55936529109514732,
    "ThreeDay":  0.00000000000055625134079413,
    "ThreeDay_Fluctuation":  0.55936529109514732,
    "Week":  0.00000000000055625134079413,
    "Week_Fluctuation":  0.55936529109514732,
    "Duration":  "02:01:03.5143560",
    "Updated":  "\/Date(1581326777270)\/",
    "Failed":  0,
    "HashRate_Live":  0,
    "HashRate_Average":  81995869.64033027,
    "BlockRate_Live":  7,
    "BlockRate_Average":  5.18539875805595,
    "Actual24h_Week":  0.000000141849086496527,
    "Estimate24h_Week":  0.000000455094233145359,
    "ErrorRatio":  0.983566416376673
}
