{
    "Live":  0.00000000000921252989,
    "Minute":  0.00000000000921252989,
    "Minute_Fluctuation":  0,
    "Minute_5":  0.0000000000083906365469782,
    "Minute_5_Fluctuation":  0.2862574830494401,
    "Minute_10":  0.00000000000724232577005336,
    "Minute_10_Fluctuation":  0.44633784853585812,
    "Hour":  0.00000000000534906499819208,
    "Hour_Fluctuation":  0.58910710104265207,
    "Day":  0.00000000000377114570914395,
    "Day_Fluctuation":  0.74896858038400338,
    "ThreeDay":  0.00000000000377114570914395,
    "ThreeDay_Fluctuation":  0.74896858038400338,
    "Week":  0.00000000000377114570914395,
    "Week_Fluctuation":  0.74896858038400338,
    "Duration":  "04:44:50.6178235",
    "Updated":  "\/Date(1581326776076)\/",
    "Failed":  0,
    "HashRate_Live":  1099512,
    "HashRate_Average":  23534817.359889235,
    "BlockRate_Live":  64,
    "BlockRate_Average":  57.063153110908992,
    "Actual24h_Week":  0.00260551519104843,
    "Estimate24h_Week":  0.00347464763546363,
    "ErrorRatio":  0.986062939179517
}
