{
    "Live":  0.00000000000065967103,
    "Minute":  0.00000000000065967103,
    "Minute_Fluctuation":  0.17814532493744567,
    "Minute_5":  0.000000000000580361206020556,
    "Minute_5_Fluctuation":  0.15124600850582842,
    "Minute_10":  0.000000000000570777518360437,
    "Minute_10_Fluctuation":  0.26135372160755455,
    "Hour":  0.000000000000429167683348484,
    "Hour_Fluctuation":  0.63688945577046974,
    "Day":  0.000000000000375419145054677,
    "Day_Fluctuation":  0.73771661941402211,
    "ThreeDay":  0.000000000000375419145054677,
    "ThreeDay_Fluctuation":  0.73771661941402211,
    "Week":  0.000000000000375419145054677,
    "Week_Fluctuation":  0.73771661941402211,
    "Duration":  "05:35:22.4853224",
    "Updated":  "\/Date(1581326777298)\/",
    "Failed":  0,
    "HashRate_Live":  12589044,
    "HashRate_Average":  28141935.279056951,
    "BlockRate_Live":  13,
    "BlockRate_Average":  12.076084173445826,
    "Actual24h_Week":  0.00017110863538038,
    "Estimate24h_Week":  0.000432843574593315,
    "ErrorRatio":  0.960431916369882
}
