{
    "Live":  0.00000000001464156,
    "Minute":  0.00000000001464156,
    "Minute_Fluctuation":  0,
    "Minute_5":  0.0000000000150029286422258,
    "Minute_5_Fluctuation":  0.078694501075625908,
    "Minute_10":  0.0000000000157676402312209,
    "Minute_10_Fluctuation":  0.12709273936720644,
    "Hour":  0.000000000019000094403613,
    "Hour_Fluctuation":  0.39362395031253056,
    "Day":  0.0000000000194253195040252,
    "Day_Fluctuation":  0.35704403121458078,
    "ThreeDay":  0.0000000000194253195040252,
    "ThreeDay_Fluctuation":  0.35704403121458078,
    "Week":  0.0000000000194253195040252,
    "Week_Fluctuation":  0.35704403121458078,
    "Duration":  "05:35:22.4853224",
    "Updated":  "\/Date(1581326402846)\/",
    "Failed":  0,
    "HashRate_Live":  0,
    "HashRate_Average":  410887.73744325357,
    "BlockRate_Live":  70,
    "BlockRate_Average":  56.498933289925347,
    "Actual24h_Week":  0.0000133082146193423,
    "Estimate24h_Week":  0.000020279012670047,
    "ErrorRatio":  0.977506865220156
}
