{
    "Live":  0.00000000000116642,
    "Minute":  0.00000000000116642,
    "Minute_Fluctuation":  0.17815441800331311,
    "Minute_5":  0.00000000000099892906277545,
    "Minute_5_Fluctuation":  0.13909186545702676,
    "Minute_10":  0.00000000000103792188841118,
    "Minute_10_Fluctuation":  0.20942535213396268,
    "Hour":  0.00000000000134753770248245,
    "Hour_Fluctuation":  0.162784070703734,
    "Day":  0.00000000000171287850832025,
    "Day_Fluctuation":  0.61115951625212162,
    "ThreeDay":  0.00000000000171287850832025,
    "ThreeDay_Fluctuation":  0.61115951625212162,
    "Week":  0.00000000000171287850832025,
    "Week_Fluctuation":  0.61115951625212162,
    "Duration":  "05:35:22.4853224",
    "Updated":  "\/Date(1581326777212)\/",
    "Failed":  0,
    "HashRate_Live":  0,
    "HashRate_Average":  32953024.184544411,
    "BlockRate_Live":  8,
    "BlockRate_Average":  10.075932528692775,
    "Actual24h_Week":  0.00000158464150019269,
    "Estimate24h_Week":  0.00000175114888883021,
    "ErrorRatio":  0.993778075628163
}
