{
    "Live":  0.00000000000141062,
    "Minute":  0.00000000000141062,
    "Minute_Fluctuation":  0.02719785621181562,
    "Minute_5":  0.00000000000136694754716553,
    "Minute_5_Fluctuation":  0.053544566884661471,
    "Minute_10":  0.00000000000132509731168072,
    "Minute_10_Fluctuation":  0.09810374282596071,
    "Hour":  0.00000000000122304364322426,
    "Hour_Fluctuation":  0.12781322898913941,
    "Day":  0.00000000000122952717829456,
    "Day_Fluctuation":  0.14640384879581411,
    "ThreeDay":  0.00000000000122952717829456,
    "ThreeDay_Fluctuation":  0.14640384879581411,
    "Week":  0.00000000000122952717829456,
    "Week_Fluctuation":  0.14640384879581411,
    "Duration":  "05:35:22.4853224",
    "Updated":  "\/Date(1581326778513)\/",
    "Failed":  0,
    "HashRate_Live":  0,
    "HashRate_Average":  24954161.341560267,
    "BlockRate_Live":  94,
    "BlockRate_Average":  120.34695953267814,
    "Actual24h_Week":  0.000000781942307531498,
    "Estimate24h_Week":  0.00000120981234853947,
    "ErrorRatio":  0.976857612738083
}
