{
    "Live":  0.00000000000012861957,
    "Minute":  0.00000000000012861957,
    "Minute_Fluctuation":  0,
    "Minute_5":  0.000000000000124519979800916,
    "Minute_5_Fluctuation":  0.18436878385155903,
    "Minute_10":  0.000000000000128770619832225,
    "Minute_10_Fluctuation":  0.20083458866979662,
    "Hour":  0.000000000000165673361101165,
    "Hour_Fluctuation":  0.596021409477777,
    "Day":  0.000000000000189741358454076,
    "Day_Fluctuation":  0.54576878655265859,
    "ThreeDay":  0.000000000000189741358454076,
    "ThreeDay_Fluctuation":  0.54576878655265859,
    "Week":  0.000000000000189741358454076,
    "Week_Fluctuation":  0.5457687865526587,
    "Duration":  "05:35:22.4853224",
    "Updated":  "\/Date(1581326341228)\/",
    "Failed":  0,
    "HashRate_Live":  0,
    "HashRate_Average":  19193674.835175972,
    "BlockRate_Live":  0,
    "BlockRate_Average":  13.71826441596312,
    "Actual24h_Week":  0.000130445242329774,
    "Estimate24h_Week":  0.000704256378781277,
    "ErrorRatio":  0.946684624230056
}
