{
    "Live":  0.00000001905,
    "Minute":  0.00000001905,
    "Minute_Fluctuation":  0,
    "Minute_5":  0.0000000188159428032458,
    "Minute_5_Fluctuation":  0.023889776676287992,
    "Minute_10":  0.0000000189278148409366,
    "Minute_10_Fluctuation":  0.025784138534963433,
    "Hour":  0.0000000196490678665651,
    "Hour_Fluctuation":  0.060724902834230557,
    "Day":  0.0000000220981779558435,
    "Day_Fluctuation":  0.15992635535786462,
    "ThreeDay":  0.0000000223742655910928,
    "ThreeDay_Fluctuation":  0.1684316796948083,
    "Week":  0.0000000230258963329083,
    "Week_Fluctuation":  0.17379636436066806,
    "Duration":  "7.16:49:39.0682691",
    "Updated":  "\/Date(1581922662549)\/",
    "Failed":  0,
    "HashRate_Live":  121185,
    "HashRate_Average":  120986.44319222131,
    "BlockRate_Live":  99,
    "BlockRate_Average":  102.12586703567517,
    "Actual24h_Week":  0.0000199869645119084,
    "Estimate24h_Week":  0.000020796409918549,
    "ErrorRatio":  0.961077637447477
}
