{
    "Live":  0.0000000024,
    "Minute":  0.0000000024,
    "Minute_Fluctuation":  0,
    "Minute_5":  0.00000000232247716351393,
    "Minute_5_Fluctuation":  0.0423747562195551,
    "Minute_10":  0.00000000225202634005241,
    "Minute_10_Fluctuation":  0.050774051819680546,
    "Hour":  0.00000000197808132101434,
    "Hour_Fluctuation":  0.10342522897362648,
    "Day":  0.00000000165142411368814,
    "Day_Fluctuation":  0.15810151373110931,
    "ThreeDay":  0.00000000167163864073757,
    "ThreeDay_Fluctuation":  0.16570000471459997,
    "Week":  0.00000000164638240119225,
    "Week_Fluctuation":  0.16804839944126559,
    "Duration":  "12.21:12:50.8903683",
    "Updated":  "\/Date(1581922660112)\/",
    "Failed":  0,
    "HashRate_Live":  3427474,
    "HashRate_Average":  2079762.4237082719,
    "BlockRate_Live":  55,
    "BlockRate_Average":  51.59784881601837,
    "Actual24h_Week":  0.00000170818617451642,
    "Estimate24h_Week":  0.00000165861984184674,
    "ErrorRatio":  1.02988408278927
}
