{
    "Live":  0.00000000000000119232,
    "Minute":  0.00000000000000119232,
    "Minute_Fluctuation":  0,
    "Minute_5":  0.0000000000000011946335480444,
    "Minute_5_Fluctuation":  0.08050310313310792,
    "Minute_10":  0.0000000000000011540254792258,
    "Minute_10_Fluctuation":  0.18453688118227365,
    "Hour":  0.0000000000000011171326782537,
    "Hour_Fluctuation":  0.22051252877678731,
    "Day":  0.0000000000000012738862022295,
    "Day_Fluctuation":  0.23966895122350312,
    "ThreeDay":  0.0000000000000012738862022295,
    "ThreeDay_Fluctuation":  0.23966895122350312,
    "Week":  0.0000000000000012738862022295,
    "Week_Fluctuation":  0.23966895122350312,
    "Duration":  "05:35:22.4853224",
    "Updated":  "\/Date(1581326530327)\/",
    "Failed":  0,
    "HashRate_Live":  0,
    "HashRate_Average":  1028012466.9809568,
    "BlockRate_Live":  0,
    "BlockRate_Average":  7.9220946104395207,
    "Actual24h_Week":  0.000000240193955533336,
    "Estimate24h_Week":  0.0000012105289704301,
    "ErrorRatio":  0.947548150437734
}
